a,b,sigma_fg_normed,v_mem,logpdf
10.0,10.0,0.5,50.0,-6573.408848342831
10.195330499709904,10.101728551315738,0.5021298611072081,49.84327950486923,-6573.265432475315
10.171037686557991,9.926590366078077,0.5099421672319444,49.66427651856455,-6573.603186093266
10.239872302659005,10.159906281491125,0.5092731476616141,49.81920639081155,-6573.087823986071
10.02711693055316,10.001964321331732,0.5064494002610251,50.203742511472804,-6572.907578122331
10.02711693055316,10.001964321331732,0.5064494002610251,50.203742511472804,-6572.907578122331
10.174273323296498,9.92956422492547,0.5175814863838336,50.16489228853827,-6572.482326033236
10.174273323296498,9.92956422492547,0.5175814863838336,50.16489228853827,-6572.482326033236
10.328891337002858,9.815632014136689,0.517946503222701,50.15351470817736,-6572.409959596322
10.328891337002858,9.815632014136689,0.517946503222701,50.15351470817736,-6572.409959596322
10.198233403063659,9.870519645665581,0.5312208379379423,50.18235597013262,-6572.156082762462
10.108054872225196,10.021719734547567,0.5423065006365341,50.31298830720615,-6571.853364677116
10.108054872225196,10.021719734547567,0.5423065006365341,50.31298830720615,-6571.853364677116
9.919793579473644,10.25860858855518,0.5517877597873737,50.54980156747711,-6571.759633673204
9.851924629456487,10.148960231850719,0.5540972424194274,50.71374638521355,-6571.954687647594
10.092272455693022,9.927010894535211,0.5472957013813012,50.735347715646256,-6571.886883552743
10.158205429617533,9.822901113921672,0.5628442018230836,50.695609561775036,-6571.55873296893
10.378629465407496,9.887711184557135,0.5605745654655457,50.77860076067278,-6571.631345095197
10.430349357940537,9.478618010486052,0.5600184205638319,50.48250587042533,-6571.490669397092
10.232143226216081,9.371344542021921,0.5657761187299125,50.37182623639615,-6571.547677382299
10.570559807085392,9.321471302260843,0.5866530348329388,50.4659549958904,-6571.1940970251035
10.77986707960484,9.388760382465891,0.6058533042408926,50.44251355445312,-6571.388353828541
10.753846738039345,9.148753340927321,0.6032520219046501,50.00697529443464,-6571.535260513734
10.804914439411672,9.205229003359578,0.604500817952919,49.89994570650341,-6571.814288347564
10.804914439411672,9.205229003359578,0.604500817952919,49.89994570650341,-6571.814288347564
10.894640299310469,9.295871878963128,0.6170118475640511,49.83855089216294,-6572.1458058588705
10.714020032397961,9.500718373091496,0.6120113850735096,49.946457078322894,-6571.743182529999
10.526197582115962,9.634340474765269,0.6086461303854249,50.13153330422027,-6571.283878572445
10.529532670239876,9.563169289731787,0.6005617710783692,50.413162457020356,-6571.130944368397
10.825879975138982,9.42840721560713,0.5797794178578347,50.39285891452768,-6571.6439389105135
10.825879975138982,9.42840721560713,0.5797794178578347,50.39285891452768,-6571.6439389105135
10.660788843595746,9.445109139955688,0.5710594543832862,50.51695371593661,-6571.466955950482
10.556624334727681,9.158808375516927,0.5743955818165472,50.66653711937914,-6571.380123477245
10.556624334727681,9.158808375516927,0.5743955818165472,50.66653711937914,-6571.380123477245
10.559458598127122,9.073967227009312,0.5635207107645215,50.48369951942239,-6571.507964236427
10.559458598127122,9.073967227009312,0.5635207107645215,50.48369951942239,-6571.507964236427
10.668356139180345,9.037087150564343,0.5739277967056396,50.657330081510715,-6571.418790691625
10.668356139180345,9.037087150564343,0.5739277967056396,50.657330081510715,-6571.418790691625
10.88980402547633,8.86581963477973,0.5904432617240619,50.70981612424935,-6571.4340125491635
11.256922953123768,9.070307550445472,0.6098533314533758,50.94968906529015,-6572.583196070895
11.39080119653387,9.375151963100919,0.6206445893138708,51.002753963138865,-6573.648540015618
11.058005817983208,9.444555914489793,0.6296073612989912,50.98508366997648,-6572.550595364016
11.06682992968217,9.174770722237993,0.635016905594354,51.07933097326389,-6572.386921480647
11.161251099719406,9.409871655826974,0.6357795090096244,51.10776198318727,-6573.075604025595
11.161251099719406,9.409871655826974,0.6357795090096244,51.10776198318727,-6573.075604025595
10.88714485450585,9.327609837347309,0.6433666981194509,51.38816984636505,-6572.771775662402
11.108626479886171,9.563338724197816,0.6502426875978721,51.20094909498359,-6573.4088141708
10.895526814424816,9.577183453596493,0.6435617279653036,51.1989910051169,-6572.662431366747
10.70868945047246,9.657494500949339,0.636592685853749,51.45502260917773,-6572.882218323726
10.70868945047246,9.657494500949339,0.636592685853749,51.45502260917773,-6572.882218323726
10.644101034256414,9.875996328144227,0.6381727856151415,51.53740706608188,-6573.2349978112
10.644101034256414,9.875996328144227,0.6381727856151415,51.53740706608188,-6573.2349978112
10.644101034256414,9.875996328144227,0.6381727856151415,51.53740706608188,-6573.2349978112
10.759353498145902,10.106240464823703,0.632516954919494,51.44243432872196,-6573.540700647514
10.759353498145902,10.106240464823703,0.632516954919494,51.44243432872196,-6573.540700647514
11.098270514881667,10.166482615837952,0.6360942626190568,51.21626252629496,-6574.395497014121
11.055169990844862,10.363639760953115,0.6337758008144401,51.06173265136795,-6574.32537811863
10.83992043226343,10.466549123273682,0.6414397035778028,50.895643636687716,-6573.472148411987
10.83992043226343,10.466549123273682,0.6414397035778028,50.895643636687716,-6573.472148411987
10.83992043226343,10.466549123273682,0.6414397035778028,50.895643636687716,-6573.472148411987
10.603747440598843,10.757057254803998,0.6230584872275171,50.97890637905528,-6573.089347324636
10.585374802319668,10.79596274571502,0.617532533824631,51.16202915476069,-6573.3668911373
10.585374802319668,10.79596274571502,0.617532533824631,51.16202915476069,-6573.3668911373
10.242528402696012,10.654823472639851,0.6103184598266093,50.9705401670714,-6571.942092505385
10.279519472576757,10.705462396089397,0.6210693709145231,51.22824024428052,-6572.574570744768
10.358170664230279,10.716623618906798,0.6311339787576197,51.12431548283866,-6572.581898943817
10.430614181845504,10.546716376018145,0.6392719856366115,51.08371616275017,-6572.483685473934
10.438893281447555,9.983113190212935,0.6301370429273333,51.130690019754596,-6571.883129103153
10.557880624634098,9.703238063445832,0.6249890367094613,50.912767791571056,-6571.4748947021635
10.722903764894198,9.774536724852386,0.6258171827709028,50.82248193854968,-6571.798616237016
10.703655445748753,9.966017111003666,0.6472646437869548,50.56046340246382,-6571.907479959284
10.703655445748753,9.966017111003666,0.6472646437869548,50.56046340246382,-6571.907479959284
10.703655445748753,9.966017111003666,0.6472646437869548,50.56046340246382,-6571.907479959284
10.629012956847003,10.024900792533808,0.6545938678448873,50.62534924698916,-6571.829472483238
10.299629195530574,10.04307174532959,0.656129573390298,50.56186835611885,-6571.032032958603
9.753370300100718,10.031242253465463,0.6776977411400286,50.7646783488813,-6570.742503243218
9.773653623619635,10.100856990807356,0.6998372481709165,50.71523960476829,-6570.671351739324
9.71011719538121,10.189609199435317,0.6921373275865932,50.55295968970283,-6570.580409001079
9.144056067558616,10.026401412800439,0.7085376995980268,50.28754608599974,-6571.232742737931
8.968875184127242,10.29937571093284,0.7154938685830077,50.22946809042835,-6571.51390914216
9.340371096433904,10.329951034590113,0.7227424123506967,50.01455878173663,-6570.856141159495
9.340371096433904,10.329951034590113,0.7227424123506967,50.01455878173663,-6570.856141159495
9.462282138717839,10.307008086680638,0.7272883276461393,50.219068180726005,-6570.614840117387
9.247287863755068,9.957006034620942,0.7350472823155882,50.22675255185067,-6570.84704958853
9.056473050786945,9.765186623970527,0.7486792710193951,50.50003308356383,-6571.421350261781
9.204281144224929,9.829590837379886,0.7535035683253499,50.46117162613776,-6570.918932688262
9.277566993094148,9.665836429872996,0.7472701259651818,50.29088021201932,-6570.83530284144
9.168421643416783,9.498449836333682,0.7618087656038425,50.27323091727969,-6571.15611191099
9.029051242819278,8.998405255467862,0.7546394891935368,50.37247347561375,-6572.459195254056
9.019204560892243,8.96899534195379,0.7513072198818788,50.421493353542196,-6572.625873243576
9.339926742373384,9.327113115349919,0.7430198083511002,50.50834944391039,-6570.984083903434
9.376398291863508,9.5916955657436,0.7233943229732225,50.565729605582305,-6570.879036575689
9.3754249224936,9.558467792429024,0.7275066875887262,50.91450436031062,-6571.326366477011
9.388180066114183,9.420706571726726,0.7333994349023057,51.06068940347055,-6571.65649484375
9.476884436278533,9.552112922760285,0.7301387949835231,50.92144932582969,-6571.108399491599
9.188688900582049,9.324074357640878,0.7262378587304547,51.029699221854585,-6572.411326277999
9.188688900582049,9.324074357640878,0.7262378587304547,51.029699221854585,-6572.411326277999
9.299469350576777,9.177632411931567,0.7388646419611365,50.73409681993958,-6571.504850978218
9.299469350576777,9.177632411931567,0.7388646419611365,50.73409681993958,-6571.504850978218
9.349432073608119,9.238287942187828,0.7370084486843116,50.431695477203135,-6571.051340023595
9.266506772429235,9.407490701259976,0.7564781019163749,50.42043966349793,-6570.99208458463
9.420844534064122,9.517204071959194,0.7610915345152491,50.381530379997905,-6570.563934316544
9.349170249488218,9.3626658272556,0.772081368147285,49.94737109674514,-6570.961859199571
9.586262682088691,9.050715624328973,0.774811030944586,49.91171407272896,-6570.722190435898
9.709940364682838,8.67845904070886,0.7668326283338891,50.08908833046724,-6570.554579641388
9.660336082287456,8.553598417855785,0.745708010832753,50.15022104486356,-6570.863981782879
9.660336082287456,8.553598417855785,0.745708010832753,50.15022104486356,-6570.863981782879
9.660336082287456,8.553598417855785,0.745708010832753,50.15022104486356,-6570.863981782879
9.619980019482048,8.510537155290772,0.7407688103421304,50.25248468718577,-6571.02277490043
9.483107703384011,8.595310725127005,0.7504086453950877,50.39321908148111,-6571.238027053423
9.381061755849666,8.539729868590781,0.7319563115500693,50.486518231570685,-6571.992224400025
9.58289137356659,8.420664561070765,0.7167795103644085,50.93173167966081,-6572.114914547192
9.442088825508707,8.642576881703572,0.7216319914364582,50.947187165728735,-6572.274509301169
9.522994598078043,8.630933921811657,0.7173014481961276,51.096721071498145,-6572.363834629023
9.594871969937444,8.842768612058494,0.7066107761594055,51.45353037248053,-6573.028572670334
9.594871969937444,8.842768612058494,0.7066107761594055,51.45353037248053,-6573.028572670334
9.626240192875347,9.04688648086926,0.7083991605394543,51.34955612628543,-6572.339135379594
9.750616343659297,9.480010773333696,0.7173492964112208,51.46225651000797,-6572.207323625283
9.70779057036124,9.347660143166912,0.7376385269582023,51.62689310240397,-6572.84385027303
9.70779057036124,9.347660143166912,0.7376385269582023,51.62689310240397,-6572.84385027303
9.454057575247406,9.214900044059,0.7622442253307732,51.75816304258331,-6573.893708017202
9.454720424827897,9.489271877954987,0.7687694557019135,52.041732277555106,-6575.143090666195
9.454720424827897,9.489271877954987,0.7687694557019135,52.041732277555106,-6575.143090666195
9.454720424827897,9.489271877954987,0.7687694557019135,52.041732277555106,-6575.143090666195
9.360485679466223,9.45365259740686,0.7774308804262309,52.24036892568071,-6576.522525400132
9.435315971335188,9.500552352708507,0.7795185921663249,52.085996960463596,-6575.410399324959
9.64890291739366,9.342393066519419,0.7856843805630036,52.46785617264492,-6577.376987470985
9.751484744919336,9.589796867541937,0.7855531379502494,52.42674139216156,-6577.009625182433
10.129697325144258,9.419028701177407,0.7959301494380098,52.20158556313898,-6575.737373869732
10.409122181835622,9.402083989907187,0.7980121266967144,52.32743741158871,-6576.859183088922
10.409122181835622,9.402083989907187,0.7980121266967144,52.32743741158871,-6576.859183088922
10.409122181835622,9.402083989907187,0.7980121266967144,52.32743741158871,-6576.859183088922
10.525337811511799,8.988427658294649,0.8107218197815446,52.182350286967946,-6575.967845910951
10.64766339329257,8.951125847780514,0.8112925435865327,52.035254741629785,-6575.500099641295
10.64766339329257,8.951125847780514,0.8112925435865327,52.035254741629785,-6575.500099641295
10.64766339329257,8.951125847780514,0.8112925435865327,52.035254741629785,-6575.500099641295
10.568217004596166,9.184378508196799,0.8012195855355204,52.11245722220912,-6575.854531609662
10.557002118801691,9.219911844137814,0.7846508605159924,52.128323622320465,-6575.7480954882285
10.557002118801691,9.219911844137814,0.7846508605159924,52.128323622320465,-6575.7480954882285
10.748909937815183,9.49472999484262,0.7968139725753749,52.11777280831969,-6576.870313987332
10.767691696705363,9.179078557463676,0.7872588311261386,51.77229967746912,-6574.767871704529
10.565182561792932,9.343650191218664,0.7897488544050661,51.68880123576092,-6574.126764357554
10.846944056114221,9.417901830508029,0.8053239305066091,51.317749397773746,-6574.387855121583
10.831953515268463,9.053983350255729,0.8207952685835487,51.320565436420445,-6573.86873878412
10.635202691357952,8.72673883484128,0.8182359307705529,51.13226634525942,-6572.192739254029
10.410340218319181,9.397700982410457,0.8316791285109327,51.13077170479536,-6572.72081779779
10.410340218319181,9.397700982410457,0.8316791285109327,51.13077170479536,-6572.72081779779
10.521835829370422,9.628676439701396,0.8331101656154917,51.325413193739585,-6574.008297541602
10.620773432594683,9.869861219824132,0.8349508607160132,51.41519974181161,-6575.1954418734385
10.467752763885551,10.05599430763046,0.830792488170843,50.89464443725311,-6573.779956843515
10.467752763885551,10.05599430763046,0.830792488170843,50.89464443725311,-6573.779956843515
10.474267870734046,9.642607375424443,0.8333581460708472,50.999751205249076,-6573.153303843106
10.474267870734046,9.642607375424443,0.8333581460708472,50.999751205249076,-6573.153303843106
10.474267870734046,9.642607375424443,0.8333581460708472,50.999751205249076,-6573.153303843106
10.257621350064316,9.707647357578274,0.8295375410756806,50.99528027137052,-6572.4715720617605
10.070227028955006,9.805460613227003,0.8326243941875046,50.73104975743731,-6571.767486186787
10.11315069278228,9.726962816947667,0.8303806028809491,50.709043613576526,-6571.705438338248
10.175002869024878,9.519514650918044,0.8278803066077434,50.713453224656604,-6571.530916340864
10.21398998832543,9.244014371750051,0.8438005778704698,50.818327655809,-6571.5763481882495
10.081529522621123,9.027178781831255,0.8415827827591748,50.63222625144469,-6570.846685148463
10.081529522621123,9.027178781831255,0.8415827827591748,50.63222625144469,-6570.846685148463
10.353881882582673,9.142702122510283,0.8377424580108291,50.547194443805154,-6571.4635738141815
10.353881882582673,9.142702122510283,0.8377424580108291,50.547194443805154,-6571.4635738141815
10.405716787342056,8.976978526731044,0.8348642157452995,50.36527537685828,-6571.290811265953
10.38564689004657,8.59053666086228,0.8430633244506509,50.59731127824142,-6570.956527714608
10.230212593225033,8.664476896441872,0.8486600399845058,50.43424603138301,-6570.720492468563
9.901866978239541,8.900734054361193,0.8620470080069479,50.39084663341884,-6570.610660291622
9.528332087627337,8.812028150382133,0.8692700005158182,50.449674249076956,-6570.702085607923
9.528332087627337,8.812028150382133,0.8692700005158182,50.449674249076956,-6570.702085607923
9.317711301678367,8.639177749186675,0.8621687944743094,50.53906110583469,-6571.208990353036
9.419275413328535,8.850380107844387,0.8699112680735333,50.254887245766355,-6570.812605143079
9.419275413328535,8.850380107844387,0.8699112680735333,50.254887245766355,-6570.812605143079
9.23354245239512,8.565727562297138,0.8822067623990313,50.378350035219164,-6571.429075905139
9.23354245239512,8.565727562297138,0.8822067623990313,50.378350035219164,-6571.429075905139
9.23354245239512,8.565727562297138,0.8822067623990313,50.378350035219164,-6571.429075905139
9.602319910726058,8.633346485150103,0.8788511800420035,50.288285864693044,-6570.666416867172
9.486757468041986,8.561972871083995,0.8768245067162994,50.08894632127319,-6570.9061607157255
9.665616112428735,8.301588305880196,0.8716022828592858,49.87985998959488,-6570.962078933413
9.939610367208463,8.125961120870867,0.8607742949273626,49.8273091887395,-6570.818318189824
9.707033281143064,8.428792610745463,0.8525333703555715,50.014787106926384,-6570.658284533097
10.03120027420359,8.230253822000892,0.8400717308998787,49.93767934934124,-6570.553565090863
10.03120027420359,8.230253822000892,0.8400717308998787,49.93767934934124,-6570.553565090863
10.146383884821514,8.556611028594338,0.8418439895246118,49.89717451511459,-6570.768762093839
10.08950412654773,8.577935284252142,0.8401357609482712,49.765816921576366,-6570.918362631213
9.888204577139708,8.604534946678514,0.8371818763733756,50.01205686211525,-6570.48864875619
9.836119185351832,8.516825648108053,0.8425025935520299,49.797715115831956,-6570.805422530807
9.836119185351832,8.516825648108053,0.8425025935520299,49.797715115831956,-6570.805422530807
9.78916454027602,8.704188262778786,0.855808658129798,49.76737047574082,-6570.933221376924
9.906401353830688,8.784471145519616,0.8532139666954789,49.99946651115308,-6570.647018615364
10.293222303724608,8.537956720010657,0.8418953669174081,49.941741817204594,-6570.901496447666
10.346305500450944,8.242817301152387,0.8559276926357446,50.066572743357774,-6570.7605740862655
10.171391120416663,8.308045261375709,0.8634346595232337,50.25068037969075,-6570.53627758197
10.09550467600765,8.471099537852144,0.8717972215924747,50.170667769328574,-6570.6519800904225
10.067303656334413,8.349209170734557,0.872837508625543,50.417681186503664,-6570.541961570628
10.067303656334413,8.349209170734557,0.872837508625543,50.417681186503664,-6570.541961570628
10.30631092650207,8.32722391487507,0.8620971498310296,50.60925265842291,-6570.788137322517
10.117926806466947,8.286635291470736,0.8494382595881755,50.38467041259659,-6570.373740753423
10.40136106473442,8.151279558930769,0.8404570812483714,50.53263016311413,-6570.56217515871
10.316474213992125,8.166655520845516,0.8371937030251733,50.54718406305169,-6570.4517198092235
10.326307251299223,8.233668627800043,0.8615134160580062,50.568456192843975,-6570.716518611258
10.326307251299223,8.233668627800043,0.8615134160580062,50.568456192843975,-6570.716518611258
10.325818374735755,8.311851244724107,0.8862157537027944,50.498640448288434,-6571.004275297097
10.2286322308438,7.75012406897798,0.869690010671796,50.683919103195926,-6570.612966977349
10.2286322308438,7.75012406897798,0.869690010671796,50.683919103195926,-6570.612966977349
10.126054494084274,8.153895165478731,0.8696569451459231,50.775965050681016,-6570.756804902836
9.872066729057648,8.59512879552259,0.8684805052175615,50.6475813962868,-6570.656941448357
10.237042732073116,8.878784578594159,0.8666167034089464,50.75531776162225,-6571.385254497799
10.065779489775343,8.696053825381876,0.8574812182320244,50.93328896115545,-6571.112669484563
10.065779489775343,8.696053825381876,0.8574812182320244,50.93328896115545,-6571.112669484563
9.651044492798071,8.882393252797433,0.8619083316299706,51.07355134211731,-6571.427044115997
10.105386331016284,8.929328313146414,0.8663202340881333,50.963209440316014,-6571.5019993653605
10.110030080229068,8.85823843305417,0.858425738242545,50.818950561015036,-6571.120562022701
10.110030080229068,8.85823843305417,0.858425738242545,50.818950561015036,-6571.120562022701
9.908345893928317,9.250171655564888,0.8658227622853579,50.67832713206267,-6571.107873478555
9.908345893928317,9.250171655564888,0.8658227622853579,50.67832713206267,-6571.107873478555
9.908345893928317,9.250171655564888,0.8658227622853579,50.67832713206267,-6571.107873478555
9.940687922432637,9.001806373614512,0.8681001366833233,50.67177902205411,-6570.945490942489
9.686891570803645,9.245789681897081,0.8689218921091917,50.93539925009941,-6571.314648209565
9.5551694459973,9.384854845282044,0.866197385042673,51.118234929797495,-6571.745347365675
9.297633641777297,9.308955014552188,0.8694389390649229,50.91652444813768,-6571.497376656242
9.297633641777297,9.308955014552188,0.8694389390649229,50.91652444813768,-6571.497376656242
9.51852171446915,9.199197419230401,0.8634980784180454,50.85173265136975,-6571.122013455932
9.364545800076758,8.886883298721777,0.8589252287200412,50.91452928774973,-6571.447871431275
9.467400034704852,8.447571784731073,0.8612430794872418,50.980505058880624,-6571.619825880203
9.629601660142814,8.565575316699906,0.8695616001352563,51.044233249788626,-6571.434243073607
9.629601660142814,8.565575316699906,0.8695616001352563,51.044233249788626,-6571.434243073607
9.643368114963694,8.455202963622252,0.8678909786327884,50.95830228433258,-6571.255635617041
9.52891494964736,8.249502351898265,0.8757085997429711,50.9599527380063,-6571.594279045963
9.66616638257594,8.10695283654889,0.8768614176219898,50.939560301723176,-6571.370552406634
9.841857552109046,8.360140063298479,0.8706880366049703,51.13486188609357,-6571.489308110595
10.136523251343379,8.081112341226593,0.8606646694195089,50.73919647496467,-6570.634492906836
9.95217760604564,8.363334488955616,0.8400470391236532,50.60970748269825,-6570.419515405707
10.110126161919489,8.113329696015537,0.8335688169583549,50.674618187131976,-6570.423115335998
10.379555662238486,8.057357899014475,0.8332735081996888,50.65080463239657,-6570.512915805981
10.625785449170182,8.386198324716812,0.8432003135985814,50.492832790743634,-6571.251927111916
10.739209468546967,8.605700399107345,0.8308823306456763,50.1456048431164,-6571.805472919206
10.609599049554125,8.530992512635388,0.8326255223618905,50.10388250484038,-6571.350604384584
10.713890536912773,8.59924803311643,0.8187678634924467,50.460690635093385,-6571.479336995359
10.76849553498318,8.30673800431382,0.8347990434525266,50.20916882602644,-6571.488953572858
10.529573230171733,8.418870198881594,0.8336799067795482,50.18618086860885,-6570.971083751336
10.760689863603362,8.473241568243361,0.8315404731266883,50.18833429165447,-6571.663659868259
10.726553263294154,8.065310499980198,0.8504203806710076,49.98475780329661,-6571.443587439912
10.81442874119396,7.850919780943462,0.8478871881011468,49.531884125283646,-6572.242732505289
10.891013648716921,7.692590019703858,0.8478118796147311,49.484515479899,-6572.413135153627
10.795739924284886,7.671817639245165,0.832230833104488,49.491180028841946,-6572.008781910972
10.46375979277481,7.525105122816731,0.844027216338489,49.44403552238999,-6571.692120744469
10.389342320416782,7.451020602071576,0.8633706906440172,49.548712055823714,-6571.460228751485
10.51430687801594,7.178426646583129,0.8858260690877411,49.82021973151285,-6571.092952842719
10.862881749051844,7.425110129239186,0.8848215980157939,49.922674697302085,-6571.628979838268
11.000833826985556,7.473117905868349,0.8892234497959589,50.05195765684177,-6571.990383868883
10.78073986551684,7.144393520750081,0.8783393671225518,49.81421895521587,-6571.359105863735
10.78073986551684,7.144393520750081,0.8783393671225518,49.81421895521587,-6571.359105863735
10.762006074511207,6.88845504894304,0.8756176006269609,49.936660136320214,-6571.059497408469
10.462236714201874,6.877487802802628,0.8750029203403963,49.909168154832074,-6570.966351270839
10.575103597879929,6.888383411799093,0.8912365257536704,49.855765647214874,-6571.121017546894
10.426921142970007,6.888758062398989,0.8987280489807866,49.899327092469655,-6571.068367116537
10.273744132665321,6.908132120707316,0.8945880444898233,49.82996356022179,-6571.2256748261925
10.294874493894085,6.8924600210799145,0.8920499962755841,49.80738766054543,-6571.2507169236105
10.294874493894085,6.8924600210799145,0.8920499962755841,49.80738766054543,-6571.2507169236105
10.456514176094762,6.861740272523664,0.8937786980380472,50.04049903293184,-6570.884542469414
10.328625323504895,7.11797088578693,0.8915259846200834,49.93593078016229,-6570.918522572811
10.507473193895159,6.866611854827183,0.8879215183613939,50.180303591415026,-6570.74701005718
10.580347545719464,6.655148248267753,0.8988941183390313,50.44143110959555,-6570.830709181138
10.573616388827748,6.937255451527514,0.9076647258858873,50.587016372354874,-6570.909856601391
10.153221958792114,6.585544788380614,0.9057612307898655,50.54470116395849,-6571.369171045047
10.140891807581943,6.474077802763797,0.9105021780494166,50.866040302463475,-6571.911368538189
10.434776434083854,6.271004132453779,0.9087024878383309,50.935103534714976,-6571.717840811734
10.434776434083854,6.271004132453779,0.9087024878383309,50.935103534714976,-6571.717840811734
10.448977807746452,6.267591165677457,0.9199404273673968,51.34363579992591,-6572.71615185485
10.448977807746452,6.267591165677457,0.9199404273673968,51.34363579992591,-6572.71615185485
10.499933743629304,6.57697634487114,0.9342684435830515,51.40604214823416,-6572.727357163772
10.38298511537003,6.659146296860576,0.9427414074983538,51.41960030086425,-6572.847796610683
10.006028658575193,6.209111371144907,0.9527505729227799,51.30214054457456,-6573.7508097878745
9.927182631569192,6.468807297530702,0.9571518325572638,51.318376144614895,-6573.615945726005
9.927182631569192,6.468807297530702,0.9571518325572638,51.318376144614895,-6573.615945726005
9.927182631569192,6.468807297530702,0.9571518325572638,51.318376144614895,-6573.615945726005
10.095322992721982,6.260928346051707,0.9383277382344145,51.24845814509658,-6573.222371243954
9.942561459286631,6.2665498895886556,0.9486318306703792,51.053651632674686,-6573.192480619182
10.0188902250041,6.096588027670721,0.9626595749116199,51.030955621877354,-6573.188083061186
10.025586569444574,6.223498701413898,0.9566683688661023,50.76421325761563,-6572.461190112201
9.826198472908505,6.162443443796125,0.946568250654806,50.71974740496996,-6573.281686259322
9.826198472908505,6.162443443796125,0.946568250654806,50.71974740496996,-6573.281686259322
9.912068990012742,6.187954916045575,0.9414155733468526,50.37214278384915,-6572.648940406754
9.997056166556918,6.026511938620517,0.9422460926115205,50.56043737809205,-6572.745913769959
10.022704436666928,6.245836338048391,0.9631955829687805,50.40996767501344,-6572.153133107132
10.1696263297287,6.572593520577392,0.9584055557316036,50.62232391169838,-6571.541444125225
10.124727345592081,6.612231867262522,0.9650135163262127,50.42866414996674,-6571.48690988136
10.123002211705064,6.751925699703185,0.9672918564239282,50.24251883926629,-6571.388438272146
10.095050232774648,6.921237715737843,0.9846079463162899,50.54965542522332,-6571.499463377153
10.136355520015947,6.894405928262454,0.9878595438701026,50.58534649779399,-6571.537295956987
10.08430299484604,6.58262063621236,0.9860919806645899,50.688131963377444,-6571.868050895016
10.08430299484604,6.58262063621236,0.9860919806645899,50.688131963377444,-6571.868050895016
10.08430299484604,6.58262063621236,0.9860919806645899,50.688131963377444,-6571.868050895016
10.08430299484604,6.58262063621236,0.9860919806645899,50.688131963377444,-6571.868050895016
10.213051803917901,6.563515745542313,0.9731027939565747,50.767490371591,-6571.737130964475
10.213051803917901,6.563515745542313,0.9731027939565747,50.767490371591,-6571.737130964475
10.235399899526415,6.961416139290409,0.9809492816790206,50.4736506184077,-6571.36378899579
10.235399899526415,6.961416139290409,0.9809492816790206,50.4736506184077,-6571.36378899579
10.332674266427901,7.176628175493666,0.9799583066827317,50.596161566836784,-6571.486833066682
10.115872093698265,7.237243586436468,0.971812350780358,50.77792018563584,-6571.530728396292
10.250043332321935,7.215504735242524,0.9765692632753534,50.798454268316725,-6571.625299898018
10.36000047613583,7.203127018636232,0.9748890820805908,50.94127193163887,-6571.904073552447
10.083027267974192,7.169421892639688,0.9766242913112219,51.34572699350153,-6572.875269190777
10.024400560714172,6.806198189665109,0.9698792377476523,51.22980611795118,-6572.746667998663
10.163295300187293,6.684979714371827,0.9679635973902085,51.072910063147575,-6572.228587741396
10.07652231439033,6.58873658345811,0.9462126414089586,51.12126058305993,-6572.48055544424
10.07652231439033,6.58873658345811,0.9462126414089586,51.12126058305993,-6572.48055544424
10.409119858157293,6.5881194343166225,0.9471640684021492,50.78849669303435,-6571.442701134989
10.477184752425643,6.646543617060266,0.9406184601365034,50.690509322392685,-6571.24822129456
10.443312146591841,6.692206986728293,0.9622385669632022,50.55360228283399,-6571.297473907614
10.175731376759149,6.380186395275387,0.9604988905265084,50.43806210895771,-6571.622879792694
10.175731376759149,6.380186395275387,0.9604988905265084,50.43806210895771,-6571.622879792694
10.24986494753026,6.477325803438092,0.9602664831080581,50.44434859161705,-6571.422859966745
10.33021739348704,6.3606067469659004,0.9556779180055495,50.49598822777352,-6571.428570936967
10.812770371773148,6.561742751463309,0.9509133434391849,50.41775144040586,-6571.445464052701
10.968215560433768,6.397284131292185,0.951462095982732,50.24891080229131,-6571.672079863753
11.213110027513132,6.3758760542813215,0.9395121537777775,50.112658032370945,-6572.155192419794
11.0923243172224,6.515717454667433,0.9334806661068565,49.96671387390114,-6572.011450423885
10.905046020457146,6.594125036483775,0.9336454227941638,50.01369812540128,-6571.604536934443
10.64593611867711,6.667298178037372,0.9357008730743962,49.96086274567307,-6571.351602119355
10.5608169101501,6.457988825058202,0.9346612597993074,49.73599274195754,-6571.69369875002
10.764566117506675,6.3561382742948345,0.9382763587824536,49.626381447387345,-6572.057825183794
10.764566117506675,6.3561382742948345,0.9382763587824536,49.626381447387345,-6572.057825183794
10.764566117506675,6.3561382742948345,0.9382763587824536,49.626381447387345,-6572.057825183794
10.764566117506675,6.3561382742948345,0.9382763587824536,49.626381447387345,-6572.057825183794
10.723096821717496,6.243683509029768,0.9396211286553399,49.99439834765613,-6571.451306950692
10.363904620861344,6.216687329062655,0.9396604201459662,49.83621588630912,-6571.8495106440205
10.392250457399417,6.395751055020999,0.9202133885686152,49.856619831403755,-6571.552843089377
10.207848300573962,6.560420109581524,0.9194016330400399,49.9640141063413,-6571.482179778762
9.978044249359694,6.371078977169123,0.9212860218778313,49.88642441443431,-6572.438620289731
9.978044249359694,6.371078977169123,0.9212860218778313,49.88642441443431,-6572.438620289731
9.978044249359694,6.371078977169123,0.9212860218778313,49.88642441443431,-6572.438620289731
9.896127816544379,6.862672060087887,0.9359630939876553,49.9471037116575,-6571.787351018822
9.896127816544379,6.862672060087887,0.9359630939876553,49.9471037116575,-6571.787351018822
9.896127816544379,6.862672060087887,0.9359630939876553,49.9471037116575,-6571.787351018822
9.896127816544379,6.862672060087887,0.9359630939876553,49.9471037116575,-6571.787351018822
10.04692740198562,6.917132160177442,0.9337779736394011,49.61153518236738,-6572.015256116793
10.089419187795357,6.900799553770909,0.9582378208280481,49.53843741006541,-6572.238531146961
10.089419187795357,6.900799553770909,0.9582378208280481,49.53843741006541,-6572.238531146961
10.090329757384463,7.006861256729303,0.9818598195873854,49.53384059077286,-6572.33166449564
10.054025279936047,6.927715588085249,0.981954848258774,49.553160900557344,-6572.354295825898
10.054025279936047,6.927715588085249,0.981954848258774,49.553160900557344,-6572.354295825898
9.962108835370932,6.903699950298416,0.9672494750207555,49.75006515078395,-6571.994680073576
9.962108835370932,6.903699950298416,0.9672494750207555,49.75006515078395,-6571.994680073576
9.747350801789953,7.220840671314659,0.9642890148922549,49.719473837252764,-6572.133340743543
10.052521075648325,7.549358971034609,0.9715143255638801,49.91980732349116,-6571.458141688104
10.312092407249951,7.919610786728276,0.9590589207408114,50.14259886667437,-6571.58413445121
10.25573807440173,7.6322511293667405,0.9576301624519152,50.26679207945321,-6571.231323059005
10.244792004521495,7.622050075677989,0.9682704339283938,50.267109968737124,-6571.342334695923
10.064501599255482,7.651961872036453,0.9758407832682602,50.098918936651486,-6571.359213040949
10.421941971963761,7.815850953334878,0.9674291775986498,50.37784725255807,-6571.784973285079
10.32538534119548,7.975382783738048,0.9702869081367127,50.520835993091055,-6571.831053414637
10.235146033556465,7.917117924767982,0.9779190201369278,50.32563545951107,-6571.659850162952
10.116017250099057,7.829659347319876,0.9870926363155438,49.93115861726842,-6571.768725688642
9.815047248654267,7.970391099127376,0.9847954856670891,49.7752949579635,-6571.821503177431
9.90058976073394,7.874708985757723,0.9827623149242721,49.74615107030301,-6571.842238886433
9.821375144685852,7.840718037156104,0.9834938181695685,50.02181119832938,-6571.487494134397
9.91795234086831,7.611301643537538,0.9939765914876733,49.79418311869169,-6571.850207051446
10.183188872742637,7.78685582121474,0.9880109473829446,49.838428976108204,-6571.960137214395
10.093183431711799,7.665826325172029,0.9882324582775792,49.86239511335427,-6571.764657950849
10.093183431711799,7.665826325172029,0.9882324582775792,49.86239511335427,-6571.764657950849
10.093183431711799,7.665826325172029,0.9882324582775792,49.86239511335427,-6571.764657950849
9.819615539370433,7.634832812854543,0.9818501507766991,49.89390793392891,-6571.625491301809
9.819615539370433,7.634832812854543,0.9818501507766991,49.89390793392891,-6571.625491301809
9.71213092513298,8.07974273645963,0.9795409805714236,49.84246588502249,-6571.692931525193
9.558152347950736,7.961565525073877,0.9906196653076091,49.94039483891519,-6571.79596303074
9.558152347950736,7.961565525073877,0.9906196653076091,49.94039483891519,-6571.79596303074
9.953858837793964,7.671936967786051,0.9689538143313109,50.14228320456562,-6571.238310990153
9.965556261013413,7.5303857029206345,0.9656817289417693,50.25785638536866,-6571.169265558725
9.965556261013413,7.5303857029206345,0.9656817289417693,50.25785638536866,-6571.169265558725
10.051082648127556,7.619693265314607,0.983946214320347,49.987808360411286,-6571.525799399934
10.309395229165467,7.524503931594187,1.0026495540515055,49.948472578738375,-6572.036277164867
10.309395229165467,7.524503931594187,1.0026495540515055,49.948472578738375,-6572.036277164867
10.33341391634001,7.562191675295313,1.0058882702535366,49.86887327304477,-6572.250208483844
10.329410618811053,7.48406935586075,1.0032916057085686,49.706635740307675,-6572.400905391236
10.231420698092077,7.562923952617344,0.9957168277088662,49.70340497273258,-6572.208449260789
10.231420698092077,7.562923952617344,0.9957168277088662,49.70340497273258,-6572.208449260789
10.129223590576718,7.489294701440401,0.9956979780227496,49.86978462357353,-6571.80912227687
9.859590309229706,7.4537013154412755,0.9768984045869111,49.86460719388753,-6571.647066517089
9.80850472660654,7.940080100800779,0.9774832549261486,49.734211587903204,-6571.813057995749
9.665480232711108,8.125620501400007,0.9676857252356497,49.83007816607577,-6571.62182215656
9.675684537614131,7.956007927632218,0.9637251127824549,49.983319652294036,-6571.416181035109
9.691827485675077,7.8890176207754115,0.9612353356067759,50.339687317586126,-6571.239088852597
9.614854224892495,7.946791148219325,0.9600212074820488,50.32384570131184,-6571.29815631021
9.596320347945626,7.986545062677369,0.9463131004789895,50.47466203260012,-6571.263313488555
10.03146509940869,8.063294873027347,0.9555167568237987,50.43077869821213,-6571.215733110968
10.03146509940869,8.063294873027347,0.9555167568237987,50.43077869821213,-6571.215733110968
9.89274679613544,8.127755402689566,0.9687682155603052,50.27267627039462,-6571.287471831742
10.186031130066095,7.959895628896566,0.966688663647889,50.345478359305694,-6571.458091281447
10.127443505546575,8.064788352665646,0.9640231973226917,50.292096872988175,-6571.417098782206
10.144104980342952,8.293091176101834,0.9671522380473057,50.089027060179625,-6571.767179464657
10.32922078334376,8.431519367641458,0.9392296079581194,50.2769156144939,-6571.844873086664
10.32922078334376,8.431519367641458,0.9392296079581194,50.2769156144939,-6571.844873086664
10.199057210597736,8.55096904906395,0.9446453271330506,50.17168522376995,-6571.789131902268
10.414592013840876,8.869809968310351,0.9465959442939094,50.23996423624281,-6572.936196356459
10.388667698896517,8.550879226972643,0.9445531776766751,50.654688412512385,-6572.408107722258
10.114664429422106,8.561983349566457,0.9473785497343831,50.51749204590569,-6571.68089812424
10.114664429422106,8.561983349566457,0.9473785497343831,50.51749204590569,-6571.68089812424
10.114664429422106,8.561983349566457,0.9473785497343831,50.51749204590569,-6571.68089812424
10.193446602361496,8.459728666823707,0.9644638457584506,50.33139473316855,-6571.940523231482
9.86985433635962,8.74956319711337,0.9570253481583209,50.428020559486754,-6571.559131277845
9.71915145369219,8.885804720885744,0.9484957302131864,50.64305490304868,-6571.542968447637
9.421648908712505,8.921331389980784,0.951943800495041,50.43313992013946,-6571.389497190661
9.595037583011518,8.636274338233854,0.9487427045918083,50.622117165804546,-6571.355200995303
9.442463522067321,8.518755296177176,0.9515374190877063,50.89786998636897,-6571.875028806422
9.442463522067321,8.518755296177176,0.9515374190877063,50.89786998636897,-6571.875028806422
9.442463522067321,8.518755296177176,0.9515374190877063,50.89786998636897,-6571.875028806422
9.593913398859415,8.355893437687962,0.9639628351627292,51.08973912659505,-6572.258475148363
9.469141793951819,8.545921336099383,0.962990812224462,50.938130837562106,-6572.0227407620005
9.648403078675514,8.304522092268725,0.9600418178329303,50.82509211623416,-6571.647347291266
9.648403078675514,8.304522092268725,0.9600418178329303,50.82509211623416,-6571.647347291266
9.54592432358064,8.739248239452762,0.9417759108091974,50.71435923880041,-6571.432727730884
9.304647287825402,9.183391852769924,0.9341781984888391,50.685849788340484,-6571.569581786889
9.365551701626247,9.115716207251817,0.9379210063276333,50.613281857752064,-6571.46547856709
9.355440931893934,9.1721162600627,0.931014070000772,50.54732772490159,-6571.362863726997
9.31878151702,9.243920284952386,0.9153199920363086,50.52493421524835,-6571.250567876219
9.20727721587242,9.209153573632607,0.9304282780546901,50.04871105581586,-6571.474380329912
9.279272495366111,9.251850077196712,0.9270936971000098,49.99681940718948,-6571.426016382959
9.116180283484098,9.267133816033029,0.9156145080167734,50.03310108787447,-6571.516144966179
9.467456178889297,9.092965644749327,0.9225704984255406,50.21322640143745,-6571.125996495658
9.467456178889297,9.092965644749327,0.9225704984255406,50.21322640143745,-6571.125996495658
9.467456178889297,9.092965644749327,0.9225704984255406,50.21322640143745,-6571.125996495658
9.340935248638138,8.789627158792731,0.9089899822951795,50.42784331029406,-6571.138703521927
9.340935248638138,8.789627158792731,0.9089899822951795,50.42784331029406,-6571.138703521927
9.340935248638138,8.789627158792731,0.9089899822951795,50.42784331029406,-6571.138703521927
9.425259522552533,8.480485966506885,0.8867152468356115,50.329932538130244,-6571.010598488001
9.112615858306524,8.416317818766618,0.8867864762060684,50.60854973337181,-6572.16375578871
9.112615858306524,8.416317818766618,0.8867864762060684,50.60854973337181,-6572.16375578871
9.099381319255798,8.521958026556698,0.8951575844973472,50.805068063970154,-6572.335018132018
9.099381319255798,8.521958026556698,0.8951575844973472,50.805068063970154,-6572.335018132018
8.894295297744316,8.713950878231913,0.9087139508354121,51.02558146998242,-6573.373990491822
8.894295297744316,8.713950878231913,0.9087139508354121,51.02558146998242,-6573.373990491822
8.894295297744316,8.713950878231913,0.9087139508354121,51.02558146998242,-6573.373990491822
9.063572272913495,8.841334844829799,0.9065845408916754,50.98877486229863,-6572.50935041239
8.928474307383086,8.729896089915545,0.9043830081165768,51.0771500111641,-6573.340350337045
8.770856246725774,8.73616737541854,0.9030479568199028,50.888372171288744,-6573.630855790676
8.770856246725774,8.73616737541854,0.9030479568199028,50.888372171288744,-6573.630855790676
8.736447237478565,8.656326846205912,0.8862112188204534,50.7915033026196,-6573.850829210396
8.792323630192872,8.64880329793781,0.8769365459105182,50.69228656734251,-6573.449085040102
8.792323630192872,8.64880329793781,0.8769365459105182,50.69228656734251,-6573.449085040102
8.87786429203494,8.657300723082846,0.8625363147114411,50.884769644445136,-6573.383180762854
9.030335082742713,8.263757408446699,0.873413771451059,50.70065931770203,-6572.94222376432
8.784508307068254,8.489534990018146,0.8785538003326575,50.6937329629137,-6573.803854654608
9.155853669312847,8.40254535319193,0.8812772756641671,50.5365081366958,-6571.959771130452
9.155853669312847,8.40254535319193,0.8812772756641671,50.5365081366958,-6571.959771130452
9.3584653624546,8.222373005586368,0.8946871489752706,50.74043149753805,-6571.697933399177
9.576137265433767,8.380120171833621,0.9048366605718777,50.999501672410084,-6571.62143141548
9.426814619812625,8.212557474146006,0.9090887415948649,51.1142854400539,-6572.294447921333
9.627982925463593,7.6952147698128135,0.9071505752148906,50.96691032570664,-6571.896051286664
9.627982925463593,7.6952147698128135,0.9071505752148906,50.96691032570664,-6571.896051286664
9.62711771550347,7.688600041925655,0.892878573396191,51.00661833259153,-6571.9780130531535
9.479138380626813,7.816330072013645,0.8898209673200042,50.72245892293124,-6571.765156624055
9.78618979972261,7.803917859863526,0.8839445230997028,50.56253327652306,-6570.862171123137
9.7729497986729,7.778692922535294,0.8975913960818467,50.54714297699791,-6570.924576882535
9.7729497986729,7.778692922535294,0.8975913960818467,50.54714297699791,-6570.924576882535
9.913375133784934,7.584213761345257,0.8899002770697326,50.49473256506597,-6570.785292918618
9.987526677185649,7.570222643925574,0.883380368702549,50.69855483271509,-6570.847849894008
9.875401414019812,7.458764077709901,0.901635604892113,50.518525743560886,-6570.975526155574
9.877562879998033,7.399311444958548,0.909907623087543,50.42450078761935,-6570.997959252945
10.120693046611912,7.082551722623924,0.9207498024875951,50.52714529432594,-6570.978672519773
10.120693046611912,7.082551722623924,0.9207498024875951,50.52714529432594,-6570.978672519773
10.267193542242268,7.388766562668549,0.9345469242268304,50.29423020347562,-6570.916323599376
10.443316849642047,7.044795325456985,0.926543137507073,49.92510250123212,-6571.181028610248
10.621541364386534,7.562241289860323,0.9219593338346119,50.08129363127369,-6571.455404552512
10.621541364386534,7.562241289860323,0.9219593338346119,50.08129363127369,-6571.455404552512
10.459044878575947,7.565885479535105,0.9077357123171864,50.21063230170291,-6570.9217577519485
10.661322708522272,7.693613294840443,0.9018138984532271,50.17934265437786,-6571.346718664193
10.710478590266456,7.854086811960594,0.9078637623817328,50.3484028578592,-6571.683787639906
10.833015759355266,7.78219321640943,0.8938494684141243,50.06090563782902,-6571.897236718736
10.825950178162094,7.526224670888585,0.8990588675952104,50.29904678134185,-6571.519451878425
10.825950178162094,7.526224670888585,0.8990588675952104,50.29904678134185,-6571.519451878425
10.850625062569273,7.593003587809543,0.9056877294315568,50.558722888325136,-6571.796181321034
10.76709184404127,7.4269204442593475,0.9191240437094137,50.51787757731019,-6571.558579010498
10.76709184404127,7.4269204442593475,0.9191240437094137,50.51787757731019,-6571.558579010498
11.059465104238711,7.369652867286357,0.9202752197754234,50.24201592887064,-6572.389353723669
11.059465104238711,7.369652867286357,0.9202752197754234,50.24201592887064,-6572.389353723669
10.981578837493544,7.243052324583102,0.9276532095204357,50.545326520784066,-6572.095421371267
10.9933416216877,7.153904469883867,0.9277992121749725,50.4468628279568,-6571.997495086789
10.737189656298803,7.045800262054569,0.9360493527417234,50.43452053014816,-6571.378626171988
10.737189656298803,7.045800262054569,0.9360493527417234,50.43452053014816,-6571.378626171988
10.485402672798164,7.005629505731706,0.9252729765146329,50.69595685590774,-6571.0953041113835
10.485402672798164,7.005629505731706,0.9252729765146329,50.69595685590774,-6571.0953041113835
10.738770393990043,6.75867761831115,0.9171490563947063,50.723236912416084,-6571.23652337112
10.738770393990043,6.75867761831115,0.9171490563947063,50.723236912416084,-6571.23652337112
10.559299557996933,6.5481391961108955,0.9206534878054888,50.75157882276802,-6571.210070547773
10.238266898089435,6.742889310889379,0.9215660273664593,50.57045680073175,-6571.118178245166
10.143907400484721,6.515232050022729,0.9011977506941315,50.67670469625255,-6571.596769377221
9.865209953685946,6.482561286560254,0.9067089288507323,50.68484850353075,-6572.529079616417
10.358561065641535,6.305829982858161,0.9004003881355616,50.475786619856784,-6571.295664143845
10.34106457830963,6.540262507427691,0.9150184795862238,50.46023405023204,-6571.091164406909
10.34106457830963,6.540262507427691,0.9150184795862238,50.46023405023204,-6571.091164406909
10.534833976389448,6.336663243044965,0.9185816369696739,50.51269997357021,-6571.121165330285
10.609504501001526,5.967182644627478,0.9143051943258501,50.562397266197735,-6571.393090080062
10.726024379846088,5.820037832778111,0.9129129435956393,50.491555863773385,-6571.399925739572
10.885375661905247,5.6791759873845535,0.9171583294851453,50.729178501466755,-6571.615408565298
10.606623450893357,5.5948595006405615,0.9219938839929531,50.31402884378887,-6571.8310437381515
10.606623450893357,5.5948595006405615,0.9219938839929531,50.31402884378887,-6571.8310437381515
10.610306550914832,5.639093708957895,0.9359755061445965,50.502679010872555,-6571.79166905697
10.724324035508134,5.542865372740163,0.9337395879674792,50.389499634738065,-6571.736557239817
10.552304552363426,5.581326145722878,0.9162946641484777,50.41108458992807,-6571.9597593202725
10.62675712057758,5.583982994008361,0.9165937562734734,50.69343860007733,-6571.963466667332
10.62675712057758,5.583982994008361,0.9165937562734734,50.69343860007733,-6571.963466667332
10.585999623566476,5.388533670649522,0.9163664055523244,50.83772275935432,-6572.5618226102215
10.585999623566476,5.388533670649522,0.9163664055523244,50.83772275935432,-6572.5618226102215
10.585999623566476,5.388533670649522,0.9163664055523244,50.83772275935432,-6572.5618226102215
10.444595627528063,5.615181689014772,0.9155844814139784,50.873457451500336,-6572.559120008516
10.316287393159499,5.56079052803613,0.9121691566248336,50.89832563339783,-6573.137964662666
10.316287393159499,5.56079052803613,0.9121691566248336,50.89832563339783,-6573.137964662666
10.316287393159499,5.56079052803613,0.9121691566248336,50.89832563339783,-6573.137964662666
10.316287393159499,5.56079052803613,0.9121691566248336,50.89832563339783,-6573.137964662666
10.535092385545846,5.634338431511987,0.9271764729840727,50.75186660051346,-6572.124080939579
10.48687359986226,6.010807549151114,0.92578261885182,50.91419503107645,-6571.9286783646585
10.25397814957001,5.911257589977234,0.9200988663216442,50.87422209537823,-6572.536392144533
10.069082049342603,6.242112199972072,0.9285552175727221,51.15827382712892,-6573.093914655947
10.259277583141046,6.575489489398171,0.9419772074673695,51.37473285113555,-6572.8769522833345
10.269560051862651,6.388316354772011,0.9541650565024943,51.28137863588518,-6572.798910338067
10.269560051862651,6.388316354772011,0.9541650565024943,51.28137863588518,-6572.798910338067
10.393015954224248,6.717725829700857,0.9536686858665311,51.29972760567868,-6572.530953904858
10.336922976642947,6.547961419599016,0.938211412347268,51.46815295372841,-6573.092912341218
10.336922976642947,6.547961419599016,0.938211412347268,51.46815295372841,-6573.092912341218
10.336922976642947,6.547961419599016,0.938211412347268,51.46815295372841,-6573.092912341218
10.335784356876617,6.56590208886207,0.9362430693357926,51.37643555366043,-6572.767650607442
10.64892958072989,6.251077864149858,0.9236905314598836,51.501050213033245,-6573.074904076004
10.684919653549414,6.322874987472603,0.9193900995104045,51.45411372504229,-6572.844991887995
10.684919653549414,6.322874987472603,0.9193900995104045,51.45411372504229,-6572.844991887995
10.608841739305644,6.517160476487609,0.9324670460380793,51.166131809123016,-6572.050971944374
10.551141469947597,6.424043603406541,0.9272103671030063,50.830939485559476,-6571.406924657033
10.818358853538092,6.424810785931835,0.9376867204437976,50.65286351704984,-6571.401028394379
10.627942765498847,6.526273221439938,0.9485283267816779,50.61415584182467,-6571.311443237336
11.091406498659364,6.938937651591305,0.9377068925889912,50.451006397117304,-6572.207183526914
11.140576299200246,6.766453330515317,0.9285778940848879,50.3687987138846,-6572.035125269766
10.834408205780885,6.6050060339803425,0.9399265086067959,50.41528808112461,-6571.372424048722
10.834408205780885,6.6050060339803425,0.9399265086067959,50.41528808112461,-6571.372424048722
10.849709075464766,6.891489358985345,0.9382873051772056,50.413652842590224,-6571.529105844611
10.849709075464766,6.891489358985345,0.9382873051772056,50.413652842590224,-6571.529105844611
10.981155804386173,7.11362831043839,0.9581273424412727,50.56364884093049,-6572.42931183269
10.981155804386173,7.11362831043839,0.9581273424412727,50.56364884093049,-6572.42931183269
10.981155804386173,7.11362831043839,0.9581273424412727,50.56364884093049,-6572.42931183269
11.142622417222183,6.913505774148654,0.9582641179854811,50.55656220440079,-6572.711447376713
11.196880735149666,6.8150515140980215,0.959458113679098,50.182721311169765,-6572.8044075469625
11.086538998230196,6.913035544062837,0.9571361392716417,50.14236918941346,-6572.5338428150735
10.82891695115693,6.641714586162997,0.9621579224925368,50.45417153413087,-6571.64698403026
10.544483400956885,6.893036900407628,0.9729367043832149,50.63144631984922,-6571.555436924433
10.73359482631096,6.673663191637911,0.9830901091785175,50.642915959613404,-6571.869398313011
10.803553352302067,6.585866763698651,0.9848333469660597,50.76091129282736,-6572.087423496691
10.565161812423579,6.669182519109341,0.9911846012663234,50.83434976991181,-6571.9650858954265
10.547921231596401,6.5457256329180336,0.9816265342929986,50.372996977647894,-6571.477620341827
10.57404466086548,6.980482345043694,0.9689767344130304,50.09927740933007,-6571.551832812996
10.463709947805473,6.9379923189733015,0.9658793794517967,50.22856649200773,-6571.3038206404235
10.513046870425717,6.82387055744707,0.9660691541493494,50.16200668393664,-6571.360176873508
10.511460080471714,6.577396623855743,0.9619908524558405,50.22758599755608,-6571.291763801492
10.119328482651394,6.499681804087334,0.9578826515599651,49.96448226618027,-6571.785342400711
10.030819244484443,6.91633955716915,0.972588428563057,49.930692607931576,-6571.643481470754
10.272572084457922,7.046112704966061,0.9667255761403472,49.68825749227714,-6571.829363318617
10.17387171898007,6.816980871245993,0.950598576417833,49.74760392202094,-6571.725940219296
10.381924675472707,6.5925451154219665,0.9430132729857472,49.65780177886147,-6571.865486987213
10.362909799140612,6.6048111689258935,0.9238872848577739,49.849581663616476,-6571.428883880016
10.513174373504425,6.468809052346539,0.907201300547642,49.98880559523975,-6571.183381615367
10.534995265512249,6.468029564808783,0.920982578786479,50.437416826853,-6571.028224230829
10.647961233832486,6.688475869704349,0.9219968760280751,50.32495982206772,-6571.000491498311
10.462230322023562,6.2804815588939995,0.922083809706166,50.706229195358745,-6571.383190183422
10.33234073083267,6.199202810370981,0.928629614440408,50.65629782425595,-6571.616004573283
10.410716032963235,6.432751547438688,0.9281042162625698,50.94656718015454,-6571.678940845788
10.36442600281538,6.180640727017817,0.9253633083422577,50.731946711562166,-6571.657945829116
10.37676451668129,6.263379151410873,0.9261057501954505,50.44073641457496,-6571.337459649142
10.385566759100744,6.12946569381242,0.9335483323192422,50.50978469633152,-6571.516922555583
10.544918973417962,6.032518362721443,0.9322594704163087,50.63928836174742,-6571.49854100035
10.544918973417962,6.032518362721443,0.9322594704163087,50.63928836174742,-6571.49854100035
10.463549767595108,6.015990168299436,0.9389307985825746,50.55918788222216,-6571.573759473455
10.498014130285622,6.07903572373978,0.9428398481222428,50.73004461865533,-6571.632054360925
10.654893016400141,5.893265645332178,0.9321181147169852,50.92877609099722,-6571.898002952645
10.721795759379084,5.698555586742181,0.9257964504905615,50.89476554390582,-6571.953021043595
10.721795759379084,5.698555586742181,0.9257964504905615,50.89476554390582,-6571.953021043595
10.721795759379084,5.698555586742181,0.9257964504905615,50.89476554390582,-6571.953021043595
10.721795759379084,5.698555586742181,0.9257964504905615,50.89476554390582,-6571.953021043595
10.6980755874907,5.5665463117196765,0.9343094351744883,50.99284296456762,-6572.327182225499
10.689272800774335,5.523802185489687,0.911201214844839,51.17295732721874,-6572.772951228244
10.710794082786775,6.047053509439223,0.8989869020655455,51.197815203831624,-6572.175626072301
10.710794082786775,6.047053509439223,0.8989869020655455,51.197815203831624,-6572.175626072301
10.660251978048791,5.845490306735114,0.9125440628472884,51.23565533909116,-6572.555796622422
10.66638495395517,5.752462117356988,0.9027496780069691,50.85913572530608,-6571.867030063229
10.66638495395517,5.752462117356988,0.9027496780069691,50.85913572530608,-6571.867030063229
10.518501320054012,5.7064757111061395,0.9207613718653475,51.20123401264641,-6572.903959966918
10.332674745439013,5.628926338033244,0.9122192013409127,51.30198326312868,-6573.881810638773
10.500106249043283,5.916745462303135,0.9068159917591943,51.39979686556934,-6573.210585282076
10.500106249043283,5.916745462303135,0.9068159917591943,51.39979686556934,-6573.210585282076
10.500106249043283,5.916745462303135,0.9068159917591943,51.39979686556934,-6573.210585282076
10.452453391645975,6.5257761542706225,0.9287725315282158,51.527982631301725,-6573.157976319826
10.19890695905839,6.82461936646564,0.9362574158116251,51.694471616444886,-6573.920336194409
10.19890695905839,6.82461936646564,0.9362574158116251,51.694471616444886,-6573.920336194409
10.556809846612133,7.1081065580169795,0.9335272983430942,51.697923385151654,-6573.752622687342
10.636787586342676,7.1683613955347925,0.9281644924689598,51.32941898013992,-6572.549881606569
10.737765461317649,7.3679190592837855,0.9082541396018051,51.42506686062373,-6572.880231024546
10.416352586215824,7.1707669383245545,0.9114005576595307,51.62164058875373,-6573.198435568682
10.40244613341237,7.0165144610820676,0.9042691926980663,51.493708987974244,-6572.708468906809
10.184407449081746,6.9323188623145295,0.9035249749666522,51.48210464449317,-6572.9094958460955
10.184407449081746,6.9323188623145295,0.9035249749666522,51.48210464449317,-6572.9094958460955
10.12839153929094,6.887425755181636,0.8963463514776312,51.15000101826642,-6572.02113507345
10.21464329091497,6.935334778865723,0.9008037850730193,50.949654214575865,-6571.416608934518
10.306592842459935,6.988188209174896,0.9082742086649628,51.13506410756902,-6571.731703877151
10.306592842459935,6.988188209174896,0.9082742086649628,51.13506410756902,-6571.731703877151
10.306592842459935,6.988188209174896,0.9082742086649628,51.13506410756902,-6571.731703877151
10.470127789956868,6.8231248351785645,0.9072639869809034,51.12769403976124,-6571.706258805767
10.568040929313764,6.7041814879942665,0.9051214052643486,51.11154352418016,-6571.683393865549
10.886088754160129,6.533368841197632,0.8866894113090782,51.22373180678091,-6571.987539905814
10.98948552796462,6.338967634582737,0.8852790385955472,51.0914790218493,-6571.7718027137125
11.1073954815069,6.24459206626818,0.8859956267156215,50.97933748360598,-6571.697577064124
11.088290487976865,6.087796933797407,0.892912653575976,50.759526759425505,-6571.418670111217
11.041815229809398,5.758429600441463,0.8815166172031084,50.85550592080379,-6571.565194754258
11.041815229809398,5.758429600441463,0.8815166172031084,50.85550592080379,-6571.565194754258
10.971741207906094,5.824914185568226,0.8884506291588723,50.88737626977506,-6571.588733140814
11.06090538508947,5.53567055410548,0.8869660008315768,50.687392268918344,-6571.5590494125645
11.388477064381625,5.411469184930773,0.8810552243205244,50.450138608443766,-6571.638894000687
11.532749571709257,5.351048052173691,0.88556064888424,50.28285819120082,-6571.8914429325505
11.532749571709257,5.351048052173691,0.88556064888424,50.28285819120082,-6571.8914429325505
11.931732226932109,5.38622430945123,0.8838789891273483,50.13497056785,-6572.923352017069
11.852039794821712,5.330309033608615,0.8894126240048721,50.509538292717394,-6572.5871203964925
11.828152275795727,5.3567956468830875,0.9014447432884618,50.4542913280426,-6572.6512769093515
11.804630233165279,5.050553745582964,0.9067115392666132,50.78273895748365,-6572.715269415015
11.784449866379807,4.718835788094269,0.9022083669944684,50.76467542877689,-6572.658894993932
11.784449866379807,4.718835788094269,0.9022083669944684,50.76467542877689,-6572.658894993932
11.550142765558876,4.660726939188661,0.8968275710957583,50.83399515748587,-6572.540131591393
11.562665846046569,4.687046090356124,0.9053970134726991,50.5400450693367,-6572.32587558303
11.516665302652894,4.644251477838024,0.9124249336086838,50.92377430007769,-6572.714567375197
11.400932858764353,4.8467219942356685,0.895776331075629,50.91352424686054,-6572.445542658802
11.400932858764353,4.8467219942356685,0.895776331075629,50.91352424686054,-6572.445542658802
11.400278954177208,4.844060587832922,0.8923251761072692,51.0165543962002,-6572.6087521256795
11.48191868231168,4.625239678874491,0.8887075084737037,51.01030633195871,-6572.822250870087
11.413255765121129,4.775516362115506,0.8838257985264584,50.805963777613854,-6572.364647749226
11.413255765121129,4.775516362115506,0.8838257985264584,50.805963777613854,-6572.364647749226
11.307936345295616,4.491176900655276,0.8693651601327106,50.88852010110587,-6573.038545859233
11.60916894730454,4.537068640321088,0.8641337361250961,50.77347008192079,-6572.581183658884
11.497938352937823,4.613869281431615,0.8745128899136414,50.83397456950022,-6572.570216496162
11.37034543290416,4.615972124721016,0.8761129236961311,50.81754943995989,-6572.626293798882
11.483752757557488,4.749442448848128,0.8789682577523227,50.538693987144136,-6572.188213266638
11.677952353437332,4.903041885640505,0.8911025581041572,50.59177252916618,-6572.25880742914
11.81861077965833,4.573476597928254,0.8837933556547107,50.295420474384066,-6572.565136161142
11.878867932440517,4.8565862413257594,0.8680398466371333,50.129409044461255,-6572.581198992098
11.721954595186993,4.608272713212729,0.8815119919042759,50.32872759565923,-6572.42482348653
11.721954595186993,4.608272713212729,0.8815119919042759,50.32872759565923,-6572.42482348653
11.796910500384298,4.708802344358801,0.8879522062453503,50.59918282361767,-6572.484740376224
11.83155885352994,4.621264030485199,0.8882007508177762,50.4164564998147,-6572.541117671881
11.814854783993681,4.4418718286431895,0.8691153748458681,50.21800476696371,-6572.670796943898
11.814854783993681,4.4418718286431895,0.8691153748458681,50.21800476696371,-6572.670796943898
11.569026235858063,4.274873330758607,0.8575564593047411,50.54988938280816,-6572.870387220204
11.477574594648953,4.126887412792541,0.8780764322919531,50.196898724573416,-6573.244655746989
11.581068904296892,4.102627547037656,0.8899233947624383,50.489640859025485,-6573.040162271658
11.8924226603932,4.137953512682066,0.8829264982379712,50.62350687538813,-6572.992311208345
11.727294871879106,4.124245922566106,0.8795132179844635,50.558930570998,-6572.960060494643
11.727294871879106,4.124245922566106,0.8795132179844635,50.558930570998,-6572.960060494643
11.727294871879106,4.124245922566106,0.8795132179844635,50.558930570998,-6572.960060494643
11.574863164885173,4.147201015599319,0.889133432206629,50.48367490383329,-6572.969823770735
11.667225552548764,4.281637619652246,0.8856925337320093,50.652856006934904,-6572.794270867511
11.612303842673722,4.150728933478822,0.8945396904741938,50.530997126598,-6572.940262224686
11.577635280396619,4.180445283781613,0.9003248168032911,50.419842624796665,-6572.8958796461775
11.656246922574349,4.331889691283293,0.8968092728232151,50.447636981433995,-6572.672688822549
11.738321833749987,4.418999379823781,0.9183463686622929,50.82689125668728,-6572.9185520915935
11.679190482372867,4.392604828401517,0.898558143605989,50.614177538674056,-6572.658497852164
11.679190482372867,4.392604828401517,0.898558143605989,50.614177538674056,-6572.658497852164
11.996080713900032,4.496864953237417,0.8894183089474494,50.478058851527855,-6572.855868815513
12.287119792431602,4.213779654649597,0.8866749085949959,50.69449282701877,-6573.573888753437
11.989243923194552,4.653145676445077,0.8892590879873687,50.30044745089103,-6572.840878752851
12.00402508224607,4.572574211817621,0.9020764720597528,50.47065788607922,-6572.94031440102
11.767189827892599,4.659062871870508,0.8946633684537959,50.22789644574176,-6572.53527088301
11.413597285026976,4.468983791825722,0.8973773123325306,50.07679682148814,-6572.747939968513
11.321308177834256,4.134613861802692,0.8950183600870593,50.14125716686583,-6573.4465343683605
11.321308177834256,4.134613861802692,0.8950183600870593,50.14125716686583,-6573.4465343683605
11.805790762798882,4.287589899499427,0.8972495726187384,50.087779125323465,-6572.97105969687
11.990849647068973,4.007469277670312,0.8848947760423996,50.34234957283704,-6573.174762143741
11.63721915570573,3.772931859050767,0.8917160648228007,50.54761581489101,-6573.6182124753
11.537666899595427,3.8240930800274415,0.8902994953014897,50.54516281834063,-6573.6634737536515
11.118923153813027,3.8914887690300946,0.8950432614569933,50.64705955744151,-6574.614220341543
11.255356208600745,3.9353926684505383,0.8951230002670016,50.13161991288546,-6574.112472003483
11.394394504759639,4.084867197178202,0.8974618499109326,50.05001573591668,-6573.509446283764
11.394394504759639,4.084867197178202,0.8974618499109326,50.05001573591668,-6573.509446283764
11.394394504759639,4.084867197178202,0.8974618499109326,50.05001573591668,-6573.509446283764
11.460608014758973,4.613909339797173,0.901255772551306,50.2911200481523,-6572.375254461011
11.66942990865687,4.522667339940705,0.9012709691959896,50.418878969616294,-6572.495152277983
11.527827806694276,4.27856051011053,0.8964966539000115,50.46662643896222,-6572.776901575404
11.392819375951776,4.301420875556677,0.890346791309645,50.12805129928417,-6573.018862065622
11.394790192410893,4.462005923255035,0.9090414429305086,49.9639503288496,-6572.900676260862
11.31808342520642,4.307691072547775,0.893368151683215,50.17758152178389,-6573.057109783202
11.11262466453141,4.537703303868637,0.8731160353970177,50.5093818433904,-6572.9841035469935
11.362774487782158,4.5020087884226765,0.866701648382177,50.464715017118074,-6572.632880176297
11.362774487782158,4.5020087884226765,0.866701648382177,50.464715017118074,-6572.632880176297
11.717272598997136,4.754670927057456,0.862537786017804,50.32167762559092,-6572.270431392225
11.81356099259854,4.992209280433015,0.871673337735206,50.16137674823402,-6572.423894686439
11.833718353860123,5.092618782628133,0.8835726469264801,49.943178608749825,-6572.781720355331
11.883050170808675,4.981059118278314,0.881483441172078,49.96191071190391,-6572.847963189741
11.883050170808675,4.981059118278314,0.881483441172078,49.96191071190391,-6572.847963189741
11.616765676149317,5.014063567721534,0.8744462969436048,50.4035878611675,-6572.026718136262
11.47062966852508,4.989034714773744,0.8735983278603424,50.203518284642236,-6572.009228233717
11.445409654534753,4.970974625427008,0.8820211355126736,50.31518455305235,-6571.972378757466
11.599708098929085,4.84087081797652,0.8850787855224643,50.41922571946069,-6572.149722622243
11.478379562489117,4.668442157048022,0.8858375852796343,50.79113646977935,-6572.460772271801
11.453644622621788,4.273312750199201,0.8835523067795482,50.79687055643956,-6573.073968894817
11.451928759112858,4.407854315421715,0.8873518031966657,50.77631678283452,-6572.815747079008
11.455886523664033,4.48322124269415,0.895674065078671,50.595956093248624,-6572.55426343645
11.554288182886403,4.373961146703037,0.9138232465443678,50.795270590565835,-6572.840989462128
11.720799862436994,4.3662454427497375,0.8951413971275448,50.799493623169134,-6572.837827149688
11.720799862436994,4.3662454427497375,0.8951413971275448,50.799493623169134,-6572.837827149688
11.720799862436994,4.3662454427497375,0.8951413971275448,50.799493623169134,-6572.837827149688
11.720799862436994,4.3662454427497375,0.8951413971275448,50.799493623169134,-6572.837827149688
11.914943378999839,4.539755318468963,0.883252630808037,51.053668093748485,-6573.193394672811
11.860628140470457,4.822737565331597,0.888570772138521,51.019011331420515,-6572.993500498537
11.604462727832418,5.089354197863585,0.8940443872293492,50.86519354655909,-6572.350538621114
11.562475937638474,4.837393708917697,0.8887341947362687,50.86392749972341,-6572.4105313062655
11.480158732316427,5.159989383913925,0.8772138623016388,50.867987283261705,-6572.110618436262
11.174715217404586,5.209840829424967,0.8691824642034403,50.83103464435222,-6571.984210898147
11.174715217404586,5.209840829424967,0.8691824642034403,50.83103464435222,-6571.984210898147
11.174715217404586,5.209840829424967,0.8691824642034403,50.83103464435222,-6571.984210898147
11.174715217404586,5.209840829424967,0.8691824642034403,50.83103464435222,-6571.984210898147
11.02727955230305,5.439184498892923,0.8567785767293756,50.68155331279219,-6571.671228437686
11.05612006255975,5.355051124981299,0.8631085445376768,50.826660840202614,-6571.895672805848
10.862795274294625,5.803008265567144,0.8742522457330667,50.669620659156266,-6571.364059286527
10.857868895951768,5.934348428198151,0.8684767348760093,50.54539313350752,-6571.156536434367
11.144213682419254,6.156106892709618,0.8659075441020779,50.04106947325383,-6571.318757882275
10.990796239639899,6.201203903493068,0.8702840505869559,49.889608194301076,-6571.375710148803
11.035054640066484,6.079052511158091,0.8679406935301178,50.01781689563823,-6571.267159970626
11.035054640066484,6.079052511158091,0.8679406935301178,50.01781689563823,-6571.267159970626
11.099902146283046,5.897552702027909,0.8670720799134296,50.234672424348844,-6571.198170080641
11.006867745128536,5.693668502144713,0.8588309217105744,50.29976098886289,-6571.297790524824
11.309305295845155,5.875522168196784,0.8649333292104147,50.54132478269432,-6571.371623100336
11.335477984588364,6.066996843653881,0.8523124142073596,50.677712699180475,-6571.411177589476
11.222386997884726,5.777684885420691,0.8430585501600395,50.76011128509475,-6571.388465600756
11.03201933512582,5.846152610407061,0.8439601496475815,51.154709608670224,-6571.976698789668
10.740031198228644,5.620670418188933,0.845711804245885,50.91485761959945,-6572.165021002407
10.781681793289406,5.38702365222222,0.8460233343312414,51.10636466132073,-6572.880877154914
10.734636428054982,5.463790167822526,0.8611568109562592,51.09808889823338,-6572.737447177711
10.734636428054982,5.463790167822526,0.8611568109562592,51.09808889823338,-6572.737447177711
10.57433626580188,5.694608514650527,0.8532417849735021,50.943991060583706,-6572.439441057953
10.57433626580188,5.694608514650527,0.8532417849735021,50.943991060583706,-6572.439441057953
10.636015563163127,5.857260209524708,0.8350542975849022,50.68212032450968,-6571.741265603987
10.945727441929527,5.93553359389817,0.8257957348148003,50.3536805774888,-6571.112622200519
10.78189560163863,6.257703622354742,0.8248810598173244,50.146850040046445,-6570.994581824252
10.980224285543361,6.168822449085972,0.8221689156178458,50.16125880686306,-6570.994242315251
10.980224285543361,6.168822449085972,0.8221689156178458,50.16125880686306,-6570.994242315251
11.27845226630933,6.192432439225852,0.8122311521132942,50.155954789105465,-6571.165990271908
11.344981582818557,6.287479379527584,0.8169617006872906,50.426292736870764,-6571.165773455776
11.344981582818557,6.287479379527584,0.8169617006872906,50.426292736870764,-6571.165773455776
11.065693919634999,6.385875702454549,0.8272848202406122,50.212284412248295,-6570.9015261674285
11.046098695969787,6.447796903572696,0.8196352915783868,50.37229873678709,-6570.79342113192
11.046098695969787,6.447796903572696,0.8196352915783868,50.37229873678709,-6570.79342113192
10.966433832852438,6.351877077683275,0.824991846140892,50.396129862478276,-6570.78963175182
10.966433832852438,6.351877077683275,0.824991846140892,50.396129862478276,-6570.78963175182
10.699354263438808,6.277280549435605,0.8327933218306733,50.33629610057836,-6570.932008516278
10.713962852006086,6.641849190028083,0.8421285916286659,50.299500056874145,-6570.647735692084
10.427279709412925,6.629269129397501,0.8580149959107631,50.21199649104981,-6570.8670626367075
10.371804517201173,6.615349738436765,0.873142669368635,50.37992467169105,-6570.90615443357
10.347534286253937,6.8883738448317064,0.8595078647570265,50.47504131059718,-6570.701890337763
10.388894612852425,6.516487972523631,0.8516877566660491,50.55727347229415,-6571.073490301575
10.307712364948285,6.387673326215464,0.8422212896195448,50.91828503557893,-6571.903650132072
10.307610511746546,6.641431582129528,0.8331853479029033,51.1262398347357,-6571.98153507371
10.497630479768254,6.8004247314319555,0.825060242054285,50.75164221388816,-6570.841715027385
10.504931877167135,6.807754834175985,0.8265892774984003,50.84855101533994,-6570.952458083071
10.736165710972708,7.143785134568118,0.828082619700088,50.930641734787606,-6570.929083037408
10.736165710972708,7.143785134568118,0.828082619700088,50.930641734787606,-6570.929083037408
11.141803963658539,6.902410859562765,0.8290642206787584,51.04147003191777,-6571.616507278578
11.083344347809248,7.084748386844762,0.8168309395861251,50.97497492947457,-6571.387218051408
10.72129063337875,7.03149316761976,0.8179892164468957,50.83245019967875,-6570.747828974332
10.569997980088528,7.375639206790154,0.8227646992879278,50.814249245640745,-6570.638752814817
10.725816848867382,7.60888934325874,0.8160991984963463,50.85672436771196,-6570.854893038281
10.812386245859246,7.808472973637195,0.8142543772977167,50.95094770502421,-6571.256068590617
10.812386245859246,7.808472973637195,0.8142543772977167,50.95094770502421,-6571.256068590617
10.488762965662538,7.865397455724297,0.8098601196509199,50.72356100914948,-6570.480555319005
10.173266530550354,8.09625485149887,0.8175915573281973,50.62466823764774,-6570.3178352484465
10.320783025408767,7.961447225386839,0.8244554749393225,50.592072008286436,-6570.345088092492
10.136740763835734,7.875131004976035,0.8395703394253972,50.53589818429334,-6570.35414852559
10.174232821065987,7.962626405882847,0.8378540155871151,50.347396328363466,-6570.28323310251
10.107607075828604,7.93520795818493,0.8353421454591688,50.22911783811428,-6570.313174381282
10.452067972441235,8.064803622555983,0.8267573644729435,50.432794700814135,-6570.444206839823
10.390454817651403,8.105944991271583,0.824184602526387,50.51102971651547,-6570.3966706135725
10.390402633881962,8.265072718332089,0.8334856597802022,50.224514036400095,-6570.551645859783
10.750075119325905,8.3180429738933,0.8384174692853025,50.2208900490617,-6571.486265297521
10.59219567570189,8.243417067681406,0.8402137674369718,50.32220906619933,-6570.958239086694
10.832196801250717,8.398462423043155,0.8373820792005835,50.60066978365963,-6571.8758637745705
10.987487960499498,8.32978477753722,0.8364557962408867,50.70824652656533,-6572.394002422405
10.792054542704893,8.443014794494927,0.8210824611396441,50.94530295669729,-6571.959020280123
10.792054542704893,8.443014794494927,0.8210824611396441,50.94530295669729,-6571.959020280123
10.704899730919182,8.1060894427751,0.8202361889492898,50.798772547497194,-6571.123464018698
10.474695503418602,8.017001856947239,0.8372397550228607,50.980602614633455,-6571.070868634796
10.474695503418602,8.017001856947239,0.8372397550228607,50.980602614633455,-6571.070868634796
10.548832550726088,7.850790814791623,0.854468882705496,51.303881055031916,-6571.960039884038
10.523898507142802,8.027228025056,0.8559123522628735,51.375691149279994,-6572.2594784941175
10.243579050653244,8.111949736249851,0.8561523428421803,51.11312197063581,-6571.31075193281
10.214937816854373,7.9933259051353325,0.8522874872778189,50.765838480433395,-6570.623598667047
10.508619212145035,7.925081470249319,0.8521000013666556,50.594287674557265,-6570.715109275421
10.562917060794163,7.540299276163307,0.8645609771546194,50.432807065772494,-6570.628251986571
10.562917060794163,7.540299276163307,0.8645609771546194,50.432807065772494,-6570.628251986571
10.624150867792276,7.4934724756658095,0.8689355177415315,50.82421339643077,-6571.0251744502475
10.654479756331666,7.60053122960155,0.8778933721609165,50.5753040609115,-6570.988273364324
10.740969783111046,7.744083491715328,0.8710820045561369,50.98431184968746,-6571.693079894752
10.6401971525263,7.782007049714504,0.8605869170737025,50.69173344969109,-6571.00366485041
10.6401971525263,7.782007049714504,0.8605869170737025,50.69173344969109,-6571.00366485041
10.6401971525263,7.782007049714504,0.8605869170737025,50.69173344969109,-6571.00366485041
10.6401971525263,7.782007049714504,0.8605869170737025,50.69173344969109,-6571.00366485041
10.931921761208326,7.822785341454287,0.8621087987751609,50.59880584750737,-6571.7395344074675
10.88362507534826,7.66051434912918,0.8808950631389624,50.381426688413754,-6571.581824453279
10.88362507534826,7.66051434912918,0.8808950631389624,50.381426688413754,-6571.581824453279
10.60574612692329,7.572590124146979,0.8671391942715142,50.305916584639796,-6570.727191206439
10.855660119517768,7.1975102764092735,0.8656164662973793,50.217799417906896,-6570.976433258518
10.474547464831746,7.4199764995859026,0.8777869590657774,50.22588727492172,-6570.620306554073
10.661451651299902,7.0611921577488035,0.8702414299843821,50.204614956531444,-6570.693271636527
10.661451651299902,7.0611921577488035,0.8702414299843821,50.204614956531444,-6570.693271636527
10.421332679190803,7.090240526958221,0.862138156407433,50.14092856176305,-6570.600740351558
10.226865507802156,7.116098394860974,0.8513072869717436,50.24665512780579,-6570.653497021984
10.226865507802156,7.116098394860974,0.8513072869717436,50.24665512780579,-6570.653497021984
10.419539839370392,6.902891529553884,0.8436822353130518,50.31217387606523,-6570.606888290637
10.226869513288035,6.784140342434734,0.8618804682205705,50.489102223483066,-6570.983688145087
10.032052365563608,6.651827916005047,0.8646655389786732,50.426073703039265,-6571.635782158408
9.972322381117571,6.823192650714516,0.8613053601523518,50.605588995065155,-6571.635312848438
10.213906552897976,6.59753794749857,0.8648119718017099,50.66695481247636,-6571.37181197225
10.74600847124554,6.6693225105802085,0.8524003183722647,50.17089200822255,-6570.726196840386
10.711377773978782,6.595043054317342,0.8651081029256177,50.119124974101055,-6570.821450232066
10.782451585064548,6.36311938764975,0.8928391988904115,49.90045437204159,-6571.285254895911
10.71338695131991,6.890579809511947,0.8950134971165553,50.09044881949371,-6570.976826354627
10.71338695131991,6.890579809511947,0.8950134971165553,50.09044881949371,-6570.976826354627
10.928697942593354,6.8969520942269575,0.874144040669093,50.23379976712683,-6571.030927986521
11.247537831263038,6.8376175907915835,0.8769453264263118,50.31192768313525,-6571.754968095253
11.25667488685616,6.806044467009673,0.8667542742017678,50.35747786149958,-6571.625656824027
11.25667488685616,6.806044467009673,0.8667542742017678,50.35747786149958,-6571.625656824027
11.25667488685616,6.806044467009673,0.8667542742017678,50.35747786149958,-6571.625656824027
10.824589401040146,7.094274102722136,0.8548387527580924,50.394117522093865,-6570.745355965899
10.576754058673854,7.17637251141195,0.8516578000476525,50.24473492190113,-6570.513242261208
10.576754058673854,7.17637251141195,0.8516578000476525,50.24473492190113,-6570.513242261208
10.605364500840002,7.1139462624870164,0.8473395424912327,50.11972183525011,-6570.589421942703
10.582795213425781,7.080495312829682,0.8475491120074454,50.42102961837259,-6570.486019805565
10.298713892692358,7.132544774247143,0.8493044848600748,50.574091114579254,-6570.611826222115
10.249884389643698,7.112469341713507,0.8660314767537441,50.71076694001415,-6570.813651248018
10.15799623347963,7.269807432801472,0.8624773491243863,50.838209587064235,-6570.969777676152
10.009338155785265,7.362229989022829,0.8760242510731904,50.82556024664917,-6571.109332207812
10.009338155785265,7.362229989022829,0.8760242510731904,50.82556024664917,-6571.109332207812
9.889996712015447,7.289060137835946,0.8737908114250499,50.87915985806618,-6571.508882663236
10.238229411652004,7.218265483772884,0.855714565669496,51.05007965766095,-6571.291914021521
10.605116872475255,7.226741032207484,0.8582447861280312,50.74738820691676,-6570.749334154078
10.555863077624844,7.104285556524061,0.8718952322766388,50.86411948546441,-6570.95144089129
10.381964349586475,6.925894458350861,0.8744025485365204,50.73799177359867,-6570.869070986955
10.317254167495737,7.1338344801859,0.8614904859648504,50.57003878146573,-6570.611870620871
10.26413608179409,6.988705910047278,0.8788935839613904,50.33700019651896,-6570.714194676118
10.599609294693412,6.5538643739721385,0.8597583668723091,50.02669395559836,-6570.93691268875
10.599609294693412,6.5538643739721385,0.8597583668723091,50.02669395559836,-6570.93691268875
10.4625291800245,6.499129436974489,0.874224666103418,50.08885108577402,-6571.035513290766
10.4625291800245,6.499129436974489,0.874224666103418,50.08885108577402,-6571.035513290766
10.352688450146543,6.55560735075836,0.881235275692241,50.149214669872734,-6571.067308824835
10.506523832163428,6.617077745454952,0.8743851060754555,49.979268420299206,-6571.01340838822
10.519857419739651,6.74265345199065,0.8760794617040191,50.017414149590756,-6570.888165200275
10.4244781644845,6.744318662552424,0.8846244237306317,50.20822850384861,-6570.801679613498
10.842102610464172,6.5160554868209495,0.8749125548220701,50.33419899747504,-6570.841333752875
10.79129409664257,6.291073737397495,0.8698999107444225,50.294753044186706,-6570.893372569464
10.865695999702238,6.050556591802029,0.8792239985219008,50.40192576410004,-6571.04864592539
10.82850642720865,6.019460694078942,0.873094243557091,50.44893266450981,-6571.071532483981
10.868017436197745,6.181845316130615,0.8825323365731939,50.475494021372626,-6570.9979956650905
10.868017436197745,6.181845316130615,0.8825323365731939,50.475494021372626,-6570.9979956650905
10.832624336297558,6.466183617207442,0.881767233124365,50.65300782231529,-6570.982878761963
10.832624336297558,6.466183617207442,0.881767233124365,50.65300782231529,-6570.982878761963
10.9227238756027,6.196794410976832,0.8837002102458058,50.87880484003024,-6571.364019401815
11.106446632094778,6.44815040004302,0.889801085888844,50.85865032829784,-6571.592107763312
11.106446632094778,6.44815040004302,0.889801085888844,50.85865032829784,-6571.592107763312
11.217884047448226,6.47426438193384,0.8915468761137929,50.81465820385625,-6571.794078457995
11.429572925560088,6.58655919310488,0.8891323800222413,50.55730267592861,-6572.250602602884
11.315456211774865,6.282037644602866,0.8905696044301128,50.59862650929013,-6571.715270351502
11.315456211774865,6.282037644602866,0.8905696044301128,50.59862650929013,-6571.715270351502
11.230528976746163,6.295337495080035,0.896551979438575,50.408937507575445,-6571.53626340703
11.031164987552685,6.150055886982833,0.8916515574494589,50.36293682979924,-6571.1508399275845
10.884625096605971,6.2598382128207835,0.8869254386551163,50.375356744271215,-6570.984501595254
10.798320009148211,6.053541554776168,0.8824203719722145,50.250505517486516,-6571.096185339511
10.769646367333927,6.307702322419883,0.879083864139326,50.130703330199474,-6570.9972440403535
10.769646367333927,6.307702322419883,0.879083864139326,50.130703330199474,-6570.9972440403535
10.494469719358142,6.505983069878539,0.8732230075845877,50.11447022530096,-6570.975292927957
10.263529820914387,6.304717084510314,0.8765306749473504,50.09451754877769,-6571.636764743446
10.607356815706925,6.474603175866573,0.8724460999472736,50.08609491947242,-6570.946963988141
10.607356815706925,6.474603175866573,0.8724460999472736,50.08609491947242,-6570.946963988141
10.637336568574629,6.049552719973622,0.8865077773442557,49.8517157726014,-6571.6220028204225
10.72847394007521,6.172130609570205,0.887798932647934,49.91838100460508,-6571.345626979806
10.577548880413056,6.314795939435197,0.8870727174542354,50.14215177132319,-6571.0683742526535
10.862014655078047,6.231746506880427,0.8744902229164082,50.16054135121577,-6571.013110961523
10.714211429930467,6.1312324837643395,0.8890008823470407,50.34948401535036,-6571.056486959955
10.846042740689624,6.0141994433253245,0.883055118442947,50.38736241586234,-6571.085647116484
10.889506182685665,6.330986550013326,0.8694880798530872,50.22900411732045,-6570.924730648875
11.00532403016073,6.346799924144816,0.858979286667518,50.277744747999776,-6570.938045777013
11.00532403016073,6.346799924144816,0.858979286667518,50.277744747999776,-6570.938045777013
11.002063909480603,6.6145475200577595,0.8719046042485925,50.409880503145004,-6571.0038973826195
11.006943305420728,6.473263611983799,0.8691349934272166,50.54566716906045,-6571.001132682839
11.024319661405295,6.273604877273334,0.8576923883265825,50.54813833079449,-6570.970250911068
11.10808110103438,6.207179419191884,0.8632128788999998,50.15738096415063,-6571.150424202935
11.10808110103438,6.207179419191884,0.8632128788999998,50.15738096415063,-6571.150424202935
11.09072004128555,6.257009955888676,0.858973421641736,49.932774641987656,-6571.345429322278
11.087974636495318,6.219576096388096,0.8522621245978877,49.97690589733766,-6571.26127107671
10.788786095626426,6.422272211695843,0.82799567883496,50.147168727665054,-6570.844778562665
10.687810408584939,6.223950669487697,0.8372678802075699,50.68714685845551,-6571.12040593148
10.576203092225008,5.730716318110313,0.8408699546277998,50.79948487547457,-6572.224469346784
10.576203092225008,5.730716318110313,0.8408699546277998,50.79948487547457,-6572.224469346784
10.59950734512441,5.723299538894305,0.8321355103950645,50.63310611915147,-6572.071787537439
10.59950734512441,5.723299538894305,0.8321355103950645,50.63310611915147,-6572.071787537439
10.59950734512441,5.723299538894305,0.8321355103950645,50.63310611915147,-6572.071787537439
10.694323186796312,5.716630578717919,0.834490721771856,50.51589252528014,-6571.76179437726
10.694323186796312,5.716630578717919,0.834490721771856,50.51589252528014,-6571.76179437726
10.281580052786696,5.79276162084697,0.8359842555998209,50.83882852992826,-6573.235754758969
10.052626140146325,5.694210722268575,0.8441034289348891,50.74399729067712,-6574.463816817777
10.052626140146325,5.694210722268575,0.8441034289348891,50.74399729067712,-6574.463816817777
10.208444980873251,6.027951370049853,0.8417327923063658,50.64790020533393,-6572.63614688843
10.208444980873251,6.027951370049853,0.8417327923063658,50.64790020533393,-6572.63614688843
10.43553990962931,5.935889192649741,0.8415521695030226,50.63074860010754,-6572.029614888162
10.434157034679897,5.947159812645607,0.8515318275057875,50.62332669956654,-6571.933439202877
10.434157034679897,5.947159812645607,0.8515318275057875,50.62332669956654,-6571.933439202877
10.165659344710253,5.915941162549099,0.8609161904038881,50.405385211379304,-6572.781641446274
10.022231795256626,6.067151374619761,0.8682908726303507,50.63625795577143,-6573.065737691061
10.219454672443465,6.19417884600585,0.8902641888255005,50.631899067686206,-6571.8965032069445
10.381128368623239,6.207624367190957,0.8878733740407655,50.78123075319527,-6571.645729067026
10.499609296794645,6.173390976986647,0.8978211330670471,50.850988151087506,-6571.580040134679
10.79102724881639,6.322731363526391,0.9014527079393738,50.681302187050775,-6571.13457976254
10.674420183488646,6.358337168485848,0.9034751351175865,50.664947386621776,-6571.0991651596305
10.689410224295335,6.084967342961602,0.8966625456150151,50.92177674886192,-6571.576057721951
10.689410224295335,6.084967342961602,0.8966625456150151,50.92177674886192,-6571.576057721951
10.531209658268665,6.320119002762615,0.8882531843881637,50.67083993121493,-6571.160022931192
10.531209658268665,6.320119002762615,0.8882531843881637,50.67083993121493,-6571.160022931192
10.531209658268665,6.320119002762615,0.8882531843881637,50.67083993121493,-6571.160022931192
10.525965167918464,6.3704343949944375,0.8779700424971962,50.54368618083478,-6571.013795603079
10.937262350660317,6.740184401298479,0.878426937699865,50.67150622399845,-6571.104471546591
10.93199607106189,6.3087144514023725,0.8746028875667912,50.73678527099103,-6571.114759622647
10.936150037736704,6.463496029684713,0.8693450668667438,50.79335116251667,-6571.128015552944
10.659697216194113,6.5706259183132385,0.8806124984194621,50.73174340774535,-6570.9672849754625
10.848602290641692,6.984158710211901,0.8697248434985166,50.582210061826935,-6570.914962604455
10.707599739748023,7.352904968610277,0.8666688169319556,50.677200700158195,-6570.897270276742
10.779020594506239,7.436346154507432,0.8593167994609752,50.523354518256,-6570.901937759545
10.727379773331297,7.461323557442903,0.8720120738908229,50.62700921205362,-6571.003313882787
10.652017686522372,7.435360844054995,0.8845701561784541,50.51217447298959,-6570.913381581331
10.720113443021061,7.3014723550573715,0.8794123821974349,50.42758544125404,-6570.879340475565
10.73596410684629,7.03659476226705,0.8858403514733892,50.93588635532471,-6571.308438625027
10.709397075972946,6.863704601377038,0.8797590441958552,50.712495585600706,-6570.908012148162
10.626974137924167,6.7424028200073565,0.882179081100072,50.571466867557085,-6570.779733490595
10.626974137924167,6.7424028200073565,0.882179081100072,50.571466867557085,-6570.779733490595
10.676294213510838,7.004432612415795,0.8634781833069689,50.495603358911524,-6570.636922649886
11.121994859107225,6.85543084450671,0.8616801644147917,50.13946310203264,-6571.357665798669
11.18553667776273,6.691119851654608,0.8581253379570036,49.84044121045662,-6571.737494815969
11.153836002644947,6.516356176460824,0.8700594460298565,49.94668645963732,-6571.529897938963
11.320893028846644,6.224177957008572,0.8688505272533003,49.96425908932271,-6571.739158878743
11.02195155274368,6.4017788037123315,0.8602814849164713,50.21869147022105,-6570.982803662855
11.02195155274368,6.4017788037123315,0.8602814849164713,50.21869147022105,-6570.982803662855
11.02195155274368,6.4017788037123315,0.8602814849164713,50.21869147022105,-6570.982803662855
10.903005591709062,6.415344011956447,0.8692066303181772,50.21578367305042,-6570.916369584189
10.531093725848352,6.2499661992111974,0.8746518222314446,50.08385176777832,-6571.224004159611
10.257164921204543,6.236408153630808,0.8780227640555359,49.84164736928536,-6572.088766044958
10.2845905696893,6.012826097358363,0.8779407236253736,49.9942962228419,-6572.217206328482
10.236704685043001,6.4701876976904,0.8763593605167056,49.77742100989895,-6571.872312256493
10.322239229934745,6.377205586972734,0.8594219308237716,49.75948341919491,-6571.924210337758
10.353668576663521,6.538453853437942,0.8648949538565666,49.392408573716764,-6572.53496536815
10.483598246880899,6.602774413493806,0.8746563571974467,49.35224038233137,-6572.413687463358
10.76838163254782,6.461249650997985,0.8784895726197545,49.243765242965324,-6572.797670949987
10.76838163254782,6.461249650997985,0.8784895726197545,49.243765242965324,-6572.797670949987
10.630393570925467,6.9447178434833345,0.8720555555125002,49.4022936494611,-6572.064207880012
10.630393570925467,6.9447178434833345,0.8720555555125002,49.4022936494611,-6572.064207880012
10.630393570925467,6.9447178434833345,0.8720555555125002,49.4022936494611,-6572.064207880012
10.590175142132338,7.185689372130671,0.8617770239114315,49.69089852697268,-6571.251949459969
10.590175142132338,7.185689372130671,0.8617770239114315,49.69089852697268,-6571.251949459969
10.590175142132338,7.185689372130671,0.8617770239114315,49.69089852697268,-6571.251949459969
10.528666141645648,7.071757321347238,0.8672845309850136,49.967333148241984,-6570.799054114827
10.528666141645648,7.071757321347238,0.8672845309850136,49.967333148241984,-6570.799054114827
10.481353437575669,7.0647003002519435,0.8700680356358017,50.08625253296139,-6570.677245616562
10.696269763681132,7.05877569664559,0.8686432181131072,50.232764961385165,-6570.703723595295
10.869067858648648,6.84180732611388,0.867365702532117,50.40757539738588,-6570.829627156843
10.541987972059461,6.752579679926501,0.8671506906169981,50.33105662883098,-6570.661906979086
10.904223694693963,6.781332336882076,0.8597854906593915,50.232579078123734,-6570.850104909591
10.71517714974188,6.909361849761636,0.8794186642523092,50.1881785186514,-6570.799641297501
10.296546549175208,6.64704907559936,0.8828403036280961,50.44623505078191,-6570.991381787169
10.361894049209571,6.423767025317093,0.8832277394947382,50.57180945148525,-6571.196923658843
10.668887475136374,6.348154603524927,0.8668475610972771,50.24792627332769,-6570.897014937085
10.753254961760332,6.240138862022375,0.8505390779880898,50.271207666876315,-6570.923951086677
10.871701215879755,6.09249218570809,0.8522549474981473,50.17806276200393,-6571.048324935073
10.871701215879755,6.09249218570809,0.8522549474981473,50.17806276200393,-6571.048324935073
10.851097475821318,6.312553840722085,0.8548377546840618,50.07723683856349,-6570.988132366117
10.763996307302747,6.385234026842986,0.8551465843321803,49.94799016586846,-6571.094919352294
11.125946349774901,6.672651913856688,0.865104454051001,50.12676260782935,-6571.30525210327
11.125946349774901,6.672651913856688,0.865104454051001,50.12676260782935,-6571.30525210327
11.376211304166612,6.807897153741661,0.8655181991205315,50.02202351545309,-6572.19240748452
11.618692798470628,6.618167812150648,0.8596020176284812,50.24344543792571,-6572.585849039073
11.552912817239179,6.7986375830229395,0.8747590655140743,50.12890738533871,-6572.847098397934
11.574009204887005,6.911363652953901,0.8799889455614465,49.85837841691718,-6573.492306711181
11.548359157161604,6.983569739766988,0.8899199766885058,49.697149403341754,-6573.928837853867
11.256768549287617,6.904287472201507,0.899832460192056,49.81851359489214,-6572.61404378201
11.256768549287617,6.904287472201507,0.899832460192056,49.81851359489214,-6572.61404378201
11.237130679052493,6.821265297221381,0.9070192481616156,49.477521686130835,-6573.273028318749
10.873461461940146,6.616742384217147,0.9089666442202256,49.324897787255146,-6572.759478360293
10.695068387355386,6.333535387451148,0.8845572723135632,48.990525218762734,-6573.863948679597
10.670634189783673,6.2066012307668,0.8796091057476603,49.41794230278326,-6572.435394656333
10.670634189783673,6.2066012307668,0.8796091057476603,49.41794230278326,-6572.435394656333
11.067107707335884,6.0241747843479025,0.8991530250365046,49.99895174229375,-6571.48507901219
11.13645541378625,5.70240638550741,0.8817908570544327,49.86690240258245,-6571.758333280981
11.13645541378625,5.70240638550741,0.8817908570544327,49.86690240258245,-6571.758333280981
11.3759643826552,6.041313235216613,0.8711976637155574,50.01055951058732,-6571.761169660622
11.227810677942198,6.0656148599374715,0.870607409022957,50.372241401429754,-6571.264001693473
11.48602539424313,6.121066301867848,0.8749818539355163,50.383062746054264,-6571.846101677984
11.30427149911177,6.17460768398569,0.8637380879876216,50.28726309507786,-6571.380344136556
11.353805341762563,6.168483278654874,0.8581690713912499,50.26917483759723,-6571.44256757078
11.456690056646826,6.379625044965069,0.8617073652818641,50.48641272655097,-6571.801784952345
11.567078238608829,6.518498722418835,0.8579850788979523,50.52645022166967,-6572.232209261532
11.967414057603953,6.475854787848683,0.8478687196829302,50.65806902020668,-6573.687450667143
11.967414057603953,6.475854787848683,0.8478687196829302,50.65806902020668,-6573.687450667143
11.967414057603953,6.475854787848683,0.8478687196829302,50.65806902020668,-6573.687450667143
11.816251408113889,6.393011139282267,0.8381503141146907,50.73410540961148,-6572.856506674678
11.816251408113889,6.393011139282267,0.8381503141146907,50.73410540961148,-6572.856506674678
11.88857258018871,6.440086049435677,0.8343824951396916,50.71202467596965,-6573.135504351815
11.88857258018871,6.440086049435677,0.8343824951396916,50.71202467596965,-6573.135504351815
11.467326140976025,6.455954863161753,0.8195837267909883,50.67460377109981,-6571.57668812076
11.267861075132634,6.578128852571164,0.8215993529539812,50.60090726749208,-6571.160042085803
11.171848935899423,6.789528342637836,0.8160247418676361,50.77311475843099,-6571.150277671594
11.207220448894184,6.675886273226411,0.8081578636109829,50.56644752139637,-6570.985517894787
11.089045030623232,6.4331835972278215,0.8042166359807607,50.600269129773615,-6570.84809334268
11.105330576605175,6.583952802702187,0.8088753077515144,50.2796548958604,-6570.83073421839
11.019652785634227,6.383322189633198,0.800248696461015,49.9307955323415,-6571.146325911595
10.76427909708701,6.402134961988571,0.8067895278931565,50.09351031203782,-6570.964729612442
10.675643093259913,6.226844109134514,0.7948270823275608,49.87541687869817,-6571.649778997963
10.604120438932762,6.707927624454355,0.794811402021787,50.012802076202426,-6570.932233129157
10.563879876920165,6.844536875672378,0.7922434453962065,50.03985625765966,-6570.816625848653
10.561261098890501,7.034229901075567,0.7973123111470816,49.99706007911262,-6570.6978968735375
10.67617178195306,6.953838970491934,0.7858917580922469,49.88790906472158,-6570.890783206202
10.67617178195306,6.953838970491934,0.7858917580922469,49.88790906472158,-6570.890783206202
10.7010670155104,6.681282689054397,0.7999903813317376,49.902848021990934,-6571.014549393172
10.493856645810302,6.815389728147625,0.8041441345926168,50.39850069582567,-6570.677112303625
10.31618295519831,6.929821109144698,0.797221654900354,50.4665887763641,-6570.871156331515
10.5008610715552,7.1153860780408875,0.7980550758208717,50.60785452692904,-6570.508804065676
10.751012091243643,6.959163471049385,0.8121196089948605,50.46439074495914,-6570.481533008397
10.771668767110041,6.947071648548754,0.8242632744138192,50.38646567257735,-6570.515685463715
10.771668767110041,6.947071648548754,0.8242632744138192,50.38646567257735,-6570.515685463715
10.771668767110041,6.947071648548754,0.8242632744138192,50.38646567257735,-6570.515685463715
10.951920955114256,6.66182107582638,0.824764224909504,50.29610935471189,-6570.706582748353
10.717347390437778,7.039221926731864,0.8190625313188319,50.02567899142363,-6570.663204373281
10.854662642142616,7.094896591173615,0.8177843176099453,50.257409901146744,-6570.597435111555
10.799161205293743,7.361379558436931,0.8216180484282402,50.17778726626621,-6570.650857778665
10.918366718479481,7.057626786782661,0.8240096161139463,49.95228574388216,-6570.974763776029
10.88109633401383,7.036934946728557,0.8140071338958044,50.340109927768125,-6570.580162735267
11.136273119844638,6.917110939793285,0.8060410792330692,50.176470052819674,-6570.979926477157
11.105496964526877,7.037861325602462,0.8071338987205771,50.13960190124776,-6571.003294969944
11.105496964526877,7.037861325602462,0.8071338987205771,50.13960190124776,-6571.003294969944
11.008711592762,7.431089324868013,0.7928728214335595,50.0717536846892,-6570.986996509234
11.008711592762,7.431089324868013,0.7928728214335595,50.0717536846892,-6570.986996509234
11.04109030038113,7.454575159398706,0.8017814824057881,50.17372137873854,-6571.048512530864
10.953507419223529,7.543493731757045,0.7881346365398815,50.11034621910472,-6570.873803025843
10.953507419223529,7.543493731757045,0.7881346365398815,50.11034621910472,-6570.873803025843
10.953507419223529,7.543493731757045,0.7881346365398815,50.11034621910472,-6570.873803025843
10.953507419223529,7.543493731757045,0.7881346365398815,50.11034621910472,-6570.873803025843
10.993754659461363,7.125450473619816,0.8031431355081653,50.22077618009365,-6570.754789859977
10.849215866741327,7.163326203667622,0.79497251700415,50.091043177723485,-6570.636625140864
10.951358215337638,7.2971261302418675,0.8009783045821791,50.155082609516306,-6570.778224287848
10.978120718972578,7.2562637528354825,0.7970925794859958,50.27879953717213,-6570.717390497361
10.96467195150952,7.342513023254396,0.7879893215166245,50.32404595693177,-6570.669433431913
11.025402471024062,7.404638613575429,0.7910129649537573,50.27485745566693,-6570.850488234155
10.791864735291671,7.390006614515162,0.8004894112657956,50.56517438866339,-6570.5114953484945
10.791864735291671,7.390006614515162,0.8004894112657956,50.56517438866339,-6570.5114953484945
10.860715067690045,7.512829515500924,0.799142648579844,50.620725236327786,-6570.678829908549
10.636421228703124,7.475106654404199,0.8041883144954245,50.76962991520547,-6570.5566781078105
10.6871318251483,7.5146147746078595,0.7917592951048817,50.61741733124478,-6570.423000918084
10.71245632913459,7.475754819554051,0.794806282324252,50.6631371724182,-6570.483559982581
10.655422632221558,7.827135608119157,0.7962524044656087,50.81259225783402,-6570.677769193684
10.711446499333531,7.614016820151337,0.7995441795648403,50.71033840545615,-6570.574663115291
10.82780834624963,7.334224547467524,0.8004728355610558,50.297676046732626,-6570.521321898924
10.909999530439663,7.29940426078547,0.7938737255144648,50.40889202950962,-6570.580762362828
10.515704234081815,7.182470576940696,0.7802981065305632,50.524231864072696,-6570.450773221085
10.515704234081815,7.182470576940696,0.7802981065305632,50.524231864072696,-6570.450773221085
10.519179311493708,7.392703184399153,0.7921384156777214,50.67111934035442,-6570.415521023702
10.590961305313327,7.346093433476578,0.7914827892293865,50.52640085897279,-6570.337873315626
10.43674944325765,7.373298381798648,0.7871413157733835,50.41449079693697,-6570.335577272164
10.590310209369003,7.354484842290601,0.7842118012040739,50.364378708295185,-6570.3106444895975
10.222530554689735,7.767018720644845,0.7699953315495216,50.56973800792688,-6570.36963210292
10.222530554689735,7.767018720644845,0.7699953315495216,50.56973800792688,-6570.36963210292
9.889047899562179,7.517773329442103,0.767927159358081,50.197518853193934,-6571.392144034662
9.840031219026633,7.658962536827307,0.7665268738455718,50.22959827742856,-6571.312892709229
10.041739017923701,7.87131538149465,0.7652262028871297,50.259892144084716,-6570.525824600388
10.041739017923701,7.87131538149465,0.7652262028871297,50.259892144084716,-6570.525824600388
10.359003295862085,7.817262995091664,0.7553493936750316,50.136322339586684,-6570.334331513486
10.274466967952916,8.011451589910017,0.7505655738792766,50.009428659063545,-6570.432773303287
10.274466967952916,8.011451589910017,0.7505655738792766,50.009428659063545,-6570.432773303287
10.187166478810264,7.879044997657074,0.7524873293452603,49.83893259476893,-6570.823532774492
10.189777669000414,8.05029857354273,0.7540877872769997,50.038090450560944,-6570.423326616337
10.039654971775915,8.112274210142523,0.7655115117764435,49.891021563242404,-6570.678769287766
9.874171017657764,7.935558426109724,0.7584203619355893,49.9933346159294,-6571.078839369649
10.020768108123924,7.768832549034516,0.7605700774649572,49.7696102879802,-6571.275160114976
9.833582064290658,7.901032783998032,0.7520723002147562,49.96729587175211,-6571.338599218234
9.833582064290658,7.901032783998032,0.7520723002147562,49.96729587175211,-6571.338599218234
9.833582064290658,7.901032783998032,0.7520723002147562,49.96729587175211,-6571.338599218234
9.833582064290658,7.901032783998032,0.7520723002147562,49.96729587175211,-6571.338599218234
9.832996504971014,7.646835903212935,0.7538848458700804,50.2219472533314,-6571.5133761219295
9.841080404557184,7.515572189599995,0.7637554700899283,50.233657424891376,-6571.596405891797
9.82322370246878,7.630105538435856,0.7767201092305231,50.016549456501885,-6571.473608941156
10.103048102378283,7.495912779056267,0.7797319960421405,50.292248523849835,-6570.704779997114
10.095467269144674,7.179906032649924,0.7718483314919525,50.43646161735283,-6571.240486075725
10.125097288308448,7.260928412673154,0.7690029444545061,50.44769286028624,-6571.057414440848
10.210628329926015,7.407540735912807,0.7677269315054065,50.368415533461565,-6570.669245346013
10.203670826627318,7.640543072608656,0.7745040275386565,50.72199837657394,-6570.59739952834
10.048879643753297,7.393856752213348,0.771880174390577,50.28982887261811,-6571.034277392379
10.048879643753297,7.393856752213348,0.771880174390577,50.28982887261811,-6571.034277392379
10.048879643753297,7.393856752213348,0.771880174390577,50.28982887261811,-6571.034277392379
10.114455948349173,7.492521887136054,0.7743835595835115,49.84665647742963,-6571.160213861369
10.016702153598477,7.5224342605373975,0.7847864935350655,49.85322583196694,-6571.245543123153
10.08979356049202,7.43103370141922,0.7839045140209695,49.9519752090588,-6571.056744391771
10.33248816564939,7.776335356328511,0.7805318587657409,50.35770714295753,-6570.208271507196
10.580927122545313,7.771603853929531,0.7774786666628667,50.51652772761293,-6570.279794677639
10.718690357005963,7.4037030897065295,0.7747952130216958,50.471375601128564,-6570.349166135729
10.718690357005963,7.4037030897065295,0.7747952130216958,50.471375601128564,-6570.349166135729
10.642422699036388,7.345683354724857,0.7831167898466802,50.37387744478993,-6570.321760363025
10.945856078980707,7.152061930519213,0.7935967786117689,50.429928218944596,-6570.594072989443
10.775113630883562,7.014478526981028,0.7905246482887814,50.45811279453484,-6570.453456250357
10.744787177301328,7.189915734464396,0.7958155290249748,50.33122223621337,-6570.410889657986
10.744787177301328,7.189915734464396,0.7958155290249748,50.33122223621337,-6570.410889657986
10.880689680436944,7.252289386143651,0.8037603008024271,50.46965057330857,-6570.574733198977
10.880689680436944,7.252289386143651,0.8037603008024271,50.46965057330857,-6570.574733198977
11.115697457394544,7.108806921642786,0.8051410981558903,50.31612898350259,-6570.948314581038
11.09090592745855,6.98620958186368,0.7968283657874728,50.03978135233271,-6571.002481315767
11.09090592745855,6.98620958186368,0.7968283657874728,50.03978135233271,-6571.002481315767
11.254774241651607,6.5867514859875405,0.7871642099430729,50.25863037418767,-6570.985757639066
11.362156676568246,6.616646661692973,0.7693586253123701,50.221165774021266,-6571.148515930388
11.343642069613628,7.040813272745426,0.7776692300656511,50.3931271730943,-6571.252527792221
11.343642069613628,7.040813272745426,0.7776692300656511,50.3931271730943,-6571.252527792221
11.22531612882681,7.178699773077824,0.7814230820137235,50.3367635647579,-6571.083862460898
11.169108141271707,7.502229170768169,0.7851949105804689,50.341187617658655,-6571.2118275154735
11.28216587640423,7.4771934253695225,0.7851740966635857,50.27876225688145,-6571.543405804067
11.39302702873119,7.120488465634141,0.787458386039117,50.04717988577626,-6571.741100985573
11.121429891103173,7.2773414663697675,0.7906287439944458,49.840405520270295,-6571.44564040362
11.044917324669665,7.390209591444653,0.8034685235539838,49.98480350858261,-6571.20835512639
11.044917324669665,7.390209591444653,0.8034685235539838,49.98480350858261,-6571.20835512639
11.072732871993487,7.256485966763259,0.7891245800143419,49.61074609830033,-6571.788465161697
11.072732871993487,7.256485966763259,0.7891245800143419,49.61074609830033,-6571.788465161697
11.36052166184332,6.977672852199779,0.7765866996551006,49.57453592004527,-6572.335120923206
11.356096356573541,7.174750915097659,0.7716272879983165,49.808031907642096,-6571.92264846432
11.356096356573541,7.174750915097659,0.7716272879983165,49.808031907642096,-6571.92264846432
11.378274766147905,7.09023120234636,0.7705399676435389,50.119571565554764,-6571.483775735136
11.363988782738963,7.513649900095063,0.773790718478539,50.2164236793936,-6571.782491149079
11.231288918452474,7.780739419817391,0.7796466655850635,50.20008694462444,-6571.7149970181035
11.231288918452474,7.780739419817391,0.7796466655850635,50.20008694462444,-6571.7149970181035
11.082457192190056,7.9549240212380505,0.7780766191887418,50.282418499650646,-6571.380283205922
10.887150673983026,8.148937133218624,0.7861553661306286,50.08093944157394,-6571.230542171951
10.94228185205243,7.699512907936571,0.7885041779797886,49.99955747206096,-6571.071134724108
10.747103128593954,7.833530033263979,0.7891582110810722,50.16831315627682,-6570.606881371441
10.830099395703133,7.67439041656702,0.8010768809281797,50.27672018067617,-6570.67929711555
10.573446347878951,7.792663359685338,0.8081991062050368,50.210644770177645,-6570.407970469412
10.627368544067053,7.802070911063885,0.8122287333482352,50.175084040386466,-6570.523988482846
10.554023651138673,7.75449087179852,0.8047802808734322,49.79514357430022,-6570.842177412294
10.867628143296939,7.702033179360048,0.8047144041704574,49.822302993448076,-6571.270674101692
10.867628143296939,7.702033179360048,0.8047144041704574,49.822302993448076,-6571.270674101692
10.867628143296939,7.702033179360048,0.8047144041704574,49.822302993448076,-6571.270674101692
10.928399217419766,7.617098557287666,0.7889047280331336,49.92271460327632,-6571.089059942264
10.928399217419766,7.617098557287666,0.7889047280331336,49.92271460327632,-6571.089059942264
10.873807940030089,7.596084539572913,0.8012096007238321,49.82227504140667,-6571.19359255102
10.883924216288646,7.436519447772284,0.7900376748824518,49.76258552210799,-6571.19267927948
10.7405473355106,7.177489723205803,0.7979895553545805,49.447076376417726,-6571.78537136061
10.7405473355106,7.177489723205803,0.7979895553545805,49.447076376417726,-6571.78537136061
10.638283766431526,7.02556633703527,0.7816291588628688,49.67320842209692,-6571.282549885551
10.78738118867908,7.046546075370358,0.7788581993451278,49.85092270199057,-6570.924188502642
10.645226643873444,6.944374150829323,0.7826840872974279,49.67498280713054,-6571.330128063614
10.614479553224147,6.982684808635609,0.7937423666231099,49.468329480856404,-6571.80642087831
10.614479553224147,6.982684808635609,0.7937423666231099,49.468329480856404,-6571.80642087831
10.614479553224147,6.982684808635609,0.7937423666231099,49.468329480856404,-6571.80642087831
10.894493193670208,7.228047943382364,0.778752737907442,49.58142232028174,-6571.541274900189
11.02724981849863,7.418150779943419,0.7799441390812275,49.42471578460233,-6572.227063978344
11.156903064877579,7.318411572739746,0.7741655847161423,49.63291748665017,-6571.885650925662
11.102745408849044,7.297139450425467,0.7523365498618751,49.51637669358979,-6571.99828016655
11.102745408849044,7.297139450425467,0.7523365498618751,49.51637669358979,-6571.99828016655
11.102745408849044,7.297139450425467,0.7523365498618751,49.51637669358979,-6571.99828016655
11.139287129584272,7.027801940155413,0.744203462843805,49.4139069168367,-6572.317562834832
11.259088757381495,6.888831494302441,0.7497262452509482,50.01770097037796,-6571.179035913496
10.891696233806059,7.041878353033154,0.7373655158895142,49.88602244148359,-6571.023078784028
11.04065490376554,6.651523986871345,0.7437466186846764,50.01992691036717,-6571.041937417251
11.00566887382101,6.664847725921469,0.753643979992962,49.93722731035698,-6571.096741107398
10.784905016802732,6.380126754082588,0.7534006014458079,49.88018210811816,-6571.614813669066
10.784905016802732,6.380126754082588,0.7534006014458079,49.88018210811816,-6571.614813669066
10.673009933900119,6.385555781298185,0.7445780546645433,49.58846097298967,-6572.55174422723
11.080129313609064,6.756697405626074,0.7438889821114881,49.730645041535325,-6571.497543768507
11.080129313609064,6.756697405626074,0.7438889821114881,49.730645041535325,-6571.497543768507
10.985710838428837,6.671833979896141,0.7278264162596855,49.530385486299416,-6572.136287089599
10.985710838428837,6.671833979896141,0.7278264162596855,49.530385486299416,-6572.136287089599
10.937914872044253,6.828836607354202,0.7186950580834053,49.44759895117505,-6572.335866430232
10.917695533311376,6.777391377398661,0.7112737032634274,49.57930226264884,-6572.089207722185
10.940018518904962,6.635017363756037,0.7252923495084462,49.59121418797552,-6572.049296944374
10.931605038582433,6.675663681270518,0.7284561568841901,49.61876160572767,-6571.911154950662
11.091489179970448,6.542275386263352,0.7141367471912196,49.68979635568147,-6571.9407666054385
11.091489179970448,6.542275386263352,0.7141367471912196,49.68979635568147,-6571.9407666054385
10.582448143038848,6.843239703401726,0.7211380925154253,50.049985372933705,-6571.3915708195245
10.686659809957535,6.867109373953993,0.7208142592883995,50.02257318007495,-6571.224051679654
10.686659809957535,6.867109373953993,0.7208142592883995,50.02257318007495,-6571.224051679654
10.686659809957535,6.867109373953993,0.7208142592883995,50.02257318007495,-6571.224051679654
10.686659809957535,6.867109373953993,0.7208142592883995,50.02257318007495,-6571.224051679654
10.560618839362109,7.403553315300654,0.7337057256528148,49.863267541743426,-6570.927079076513
10.884715718531847,6.807939381253228,0.740884009772012,49.92173046779892,-6571.093296056948
10.913579469525475,6.925879508106705,0.7547129934206609,50.200017320769874,-6570.645808108888
10.913579469525475,6.925879508106705,0.7547129934206609,50.200017320769874,-6570.645808108888
10.880754574643591,6.727416404431738,0.7613327074271352,50.11693782092308,-6570.798063215825
10.7837927700323,6.541494568701803,0.7467183769771136,50.23671125963726,-6571.050136230497
11.162078267741514,6.584798263575274,0.7543394108259872,50.382405238721375,-6570.828289951517
11.162078267741514,6.584798263575274,0.7543394108259872,50.382405238721375,-6570.828289951517
11.162078267741514,6.584798263575274,0.7543394108259872,50.382405238721375,-6570.828289951517
10.904013592375223,6.644408610298668,0.7390330825450039,50.13534450288472,-6570.972443284938
11.011016741097647,6.359350747600794,0.7381413385669667,50.45996385914471,-6571.0657437974205
11.208456479445957,6.76283536943446,0.7401139063022149,50.66879707684459,-6570.913881983466
11.101919635295308,7.06610280685165,0.7379270130970139,50.516960763539586,-6570.706847130561
11.173841652896003,6.758503721484679,0.7380368598648845,50.42722324520169,-6570.814682557629
11.156621306963084,6.398082520614247,0.7469574373358396,50.45190128786881,-6570.940162018687
11.156621306963084,6.398082520614247,0.7469574373358396,50.45190128786881,-6570.940162018687
11.567140042643883,6.23445349000037,0.745619446409319,50.73363085400857,-6571.475664747924
11.48176966080594,6.037575690641463,0.7356296846774674,50.73271764535743,-6571.466766539651
11.810748200924653,6.008562881169268,0.7407600246973483,50.608356639083766,-6571.841286227611
11.595859328143158,5.922498567819402,0.7084583347018633,50.300477747822725,-6571.722190338391
11.718582728997756,5.753454882571064,0.7133723859191174,50.28085802692366,-6571.907965621038
11.585467141770017,5.95603423510137,0.709616278489231,50.432368248181135,-6571.63562229435
11.584459831781198,5.887969508117388,0.7142299419877431,50.5261039723951,-6571.6510495191915
11.584459831781198,5.887969508117388,0.7142299419877431,50.5261039723951,-6571.6510495191915
11.720988334504005,6.134310904676264,0.7090639500045294,50.21589119899537,-6571.80822259571
11.4514099857594,5.953922204772263,0.7064361508702208,50.31360446102721,-6571.661682806098
11.390767645119071,6.290029411368237,0.7054005559764924,50.2473848975254,-6571.407474577394
11.463242906040383,6.54169623312651,0.7189740796873806,50.530706790768754,-6571.22842801843
11.285424860245817,6.458151019933859,0.7300404063726667,50.30077889230827,-6571.070880678031
10.892389108977738,6.322108939844917,0.7191097732678088,49.9219807347178,-6571.880042907656
10.892389108977738,6.322108939844917,0.7191097732678088,49.9219807347178,-6571.880042907656
10.892389108977738,6.322108939844917,0.7191097732678088,49.9219807347178,-6571.880042907656
10.892389108977738,6.322108939844917,0.7191097732678088,49.9219807347178,-6571.880042907656
10.940553647852585,6.175098722489912,0.6942101277719444,49.90516465995069,-6572.482820470361
11.06395259731588,6.067821137876023,0.6920482502989596,50.29576769338061,-6572.040833992445
11.050198085411019,5.992122649941908,0.7022073350305834,50.0945559254603,-6572.205218865213
11.079098945000135,6.091331284396407,0.7041110744611743,50.336933381298664,-6571.765144027961
11.299381446503158,6.201728845550302,0.7215251671855154,50.315450473932316,-6571.292058708459
11.299381446503158,6.201728845550302,0.7215251671855154,50.315450473932316,-6571.292058708459
11.53119645539149,6.1096748876801135,0.7175169866384394,50.37021659372033,-6571.465739241465
11.53119645539149,6.1096748876801135,0.7175169866384394,50.37021659372033,-6571.465739241465
11.736987581814368,6.106423059696813,0.7465049093377373,50.3604017359371,-6571.701199332079
11.432937133816782,5.9101514819180645,0.7466194096663881,50.632713056329926,-6571.41135559645
11.553435199840491,6.145432031998148,0.7429268393141252,50.57368958087709,-6571.386179389721
11.517725139858008,6.558053920814012,0.7517088982440041,50.47129843460035,-6571.317163882956
11.517725139858008,6.558053920814012,0.7517088982440041,50.47129843460035,-6571.317163882956
11.471386315220398,6.873915786822224,0.7708313040594358,50.114760855085805,-6571.594936613193
11.448643644294004,7.294335299567989,0.7779647420996,50.422934486413006,-6571.785987744823
11.15235225257903,7.2507177190784855,0.79446431097401,50.21580003497763,-6571.092748299538
11.15235225257903,7.2507177190784855,0.79446431097401,50.21580003497763,-6571.092748299538
11.15235225257903,7.2507177190784855,0.79446431097401,50.21580003497763,-6571.092748299538
10.998425387370819,7.087716552848668,0.7819619081598675,50.14799345457425,-6570.727176041234
10.747292008627612,7.412036299155539,0.7905109688107792,50.18442774262346,-6570.464553071881
10.678722549814337,7.501792767700697,0.7723408850079351,50.70796093231478,-6570.449856420547
10.621860071127246,7.542486232824392,0.7586277466220306,50.63112719608425,-6570.3631701849545
10.365952628079068,7.314353249043979,0.7547635956457822,50.52357410968244,-6570.631091897873
10.35317061048828,7.788586167171508,0.7640470724589159,50.127270063305616,-6570.329562196055
10.340623778054425,7.765959958985089,0.7511523017043216,50.098239040147504,-6570.420921434086
10.340623778054425,7.765959958985089,0.7511523017043216,50.098239040147504,-6570.420921434086
10.340623778054425,7.765959958985089,0.7511523017043216,50.098239040147504,-6570.420921434086
10.340623778054425,7.765959958985089,0.7511523017043216,50.098239040147504,-6570.420921434086
10.340623778054425,7.765959958985089,0.7511523017043216,50.098239040147504,-6570.420921434086
10.359106625328081,7.702484788133541,0.7641468332184449,50.156935002242555,-6570.344039678399
10.362757126937243,7.955398022844654,0.7552785362311694,50.10203264006813,-6570.312271294378
10.320715107149182,7.681188943774523,0.7590622080855465,50.201096426668876,-6570.374722653214
10.478149463772251,7.5551562883895125,0.7461526268711008,50.419055262681155,-6570.341955228736
10.393911981872966,7.453936455890889,0.744483332020538,50.8226011421788,-6570.787856142863
10.393911981872966,7.453936455890889,0.744483332020538,50.8226011421788,-6570.787856142863
10.609276106145874,7.514399893528383,0.7443431317791127,50.68610441170781,-6570.443807841048
10.550108298901508,7.582564629740374,0.7697003005084646,50.61935149297679,-6570.326767515247
10.296250919186548,7.871839220580066,0.7774184811308977,50.540148979683785,-6570.2308599669595
10.197895518174931,7.772351580050663,0.7762095175711863,50.609269047973775,-6570.397831524061
10.197895518174931,7.772351580050663,0.7762095175711863,50.609269047973775,-6570.397831524061
10.073502046156932,7.56526825706117,0.7655916117693935,50.486518704995255,-6570.799297458814
10.254301044220936,7.68873946682325,0.7556502009956375,50.39279068525325,-6570.401972679336
10.206569682841451,7.795022392241021,0.7603647596050223,50.09343806168487,-6570.48388686464
10.206569682841451,7.795022392241021,0.7603647596050223,50.09343806168487,-6570.48388686464
9.933340039949892,8.007349915329685,0.7536859505011652,50.12352612748815,-6570.76220481993
10.0226778767653,8.062734473791918,0.7542717287445768,49.93224504444319,-6570.744848641299
9.833924171950757,8.113114420283177,0.7491196717017359,50.14050751247544,-6570.9021727246545
9.904305669675628,8.336895523806726,0.7513970098664212,50.24886138419519,-6570.451139339882
9.687275894716254,8.28423375720936,0.7441813096365298,50.22482062807387,-6571.092132712942
10.022489477783495,8.245814795783453,0.7539110850255483,50.10147542850746,-6570.4196781101
10.260378653467447,8.223643665479825,0.7359334196886721,49.97150826713604,-6570.464285848042
10.243074585059139,8.444234479272163,0.7288791664875097,50.00822890462384,-6570.395692156813
10.2061330894787,8.568103440475992,0.7282105899346726,50.0466439608138,-6570.342327495965
10.2061330894787,8.568103440475992,0.7282105899346726,50.0466439608138,-6570.342327495965
10.028016509990548,8.707551738066405,0.7243485731245661,50.03708417850968,-6570.407402950446
10.126817869613403,8.882657644483919,0.7338603461142679,49.78528256479126,-6570.709505789533
9.985229300690454,8.670038610840805,0.7254277652165868,49.97189750113508,-6570.5281558162
9.736861931179414,8.686720674717828,0.7195170279804315,50.10318846409067,-6570.823048272639
9.502958070453172,8.85841398367452,0.7240376026046914,50.33079633821027,-6571.115135822621
9.48116806418898,8.936533816477853,0.724528035546814,50.259964342008395,-6571.096972314921
9.48116806418898,8.936533816477853,0.724528035546814,50.259964342008395,-6571.096972314921
9.476116427971343,8.9725620811889,0.7275212897365916,50.40723207386126,-6571.03250868008
9.475497233232087,8.939442724737368,0.7404466903365257,50.53136255690892,-6570.997934960627
9.741171491637637,9.294855963835671,0.7485640463530523,50.879077225569276,-6570.688547509037
9.833567138885952,9.29741377091244,0.7429256126062964,51.004424209967034,-6570.862188310915
9.892052472569876,9.212079741278853,0.7449458811707524,50.828721177288664,-6570.52977513849
9.892052472569876,9.212079741278853,0.7449458811707524,50.828721177288664,-6570.52977513849
9.936027641029261,9.415480375777461,0.7412028646434377,50.54626477018225,-6570.3043976576155
9.71442320859585,9.26428172212888,0.7315098199215216,50.59918602659338,-6570.418767318417
9.429143307572964,9.312944172313511,0.7367919049325201,50.57414738805672,-6570.852268786311
9.547694459116947,9.36808037567308,0.7307875793055953,50.2048073897949,-6570.561650746935
9.598071609018644,9.509577502380518,0.7404499178653332,50.45918956716587,-6570.397811218395
9.598071609018644,9.509577502380518,0.7404499178653332,50.45918956716587,-6570.397811218395
9.413348669763396,9.144210166683878,0.744091975425705,50.6536359189773,-6571.047656896986
9.274627947235109,9.05495918695524,0.7512797023032949,50.7675606158621,-6571.668118295629
9.740236708732997,9.284450067165276,0.746274813017488,50.90838065819652,-6570.741836631463
9.6421113794471,9.247609816461281,0.7175941609006488,50.766534792166695,-6570.772197343435
9.875739037766673,9.331433305721031,0.7208342652964094,50.94015231796426,-6570.744913741144
9.60691407193785,9.243480156112721,0.7364520669235068,50.99565366366163,-6571.120919666103
9.561175783217335,9.014353063977794,0.7273891787775403,50.732422237747116,-6570.992842220541
9.561175783217335,9.014353063977794,0.7273891787775403,50.732422237747116,-6570.992842220541
9.450086743181432,9.081219553332206,0.7123591685585958,50.83867890118147,-6571.545211226295
9.452135815713993,8.941472403277077,0.699297287762745,51.26482349928873,-6572.883637374307
9.492241546936619,9.177529154851102,0.7024830694783947,51.261559005970106,-6572.387068625807
9.499901722974235,9.399318766728125,0.7038216165720651,51.249343892499056,-6572.108588378584
9.499901722974235,9.399318766728125,0.7038216165720651,51.249343892499056,-6572.108588378584
9.505166223077872,9.55719554565697,0.7112235743881248,51.24281394403476,-6571.915440022368
9.531464316201339,9.44925727433461,0.7005677163443454,51.39276301957299,-6572.468699434986
9.648625129918068,9.450610037084038,0.715662557630053,51.33242445312844,-6571.934094369979
9.619881671661771,9.696648934768094,0.721258209466566,51.479963416948294,-6572.389198200895
9.523261515554706,9.954274737676402,0.7333461467460403,51.22168446237338,-6571.663824030551
9.448213515018578,9.672762616857145,0.7369232845418328,51.10494841351241,-6571.483648404592
9.677049553787663,9.556210120987712,0.749035610488911,50.98941794931841,-6570.944519037132
9.521514656480372,9.683343553007974,0.7340046763735188,51.15812205100351,-6571.505834971893
9.337068770868036,9.727548796481972,0.7339402147156303,51.228439462527476,-6572.031167010001
9.295055458279915,9.901841100212689,0.7257032067390963,51.282899567846265,-6572.250790534006
9.322106150691141,10.04811379351624,0.7136398883397468,51.33881325264812,-6572.369693479949
9.309809073355257,10.249307689472554,0.7115301525956711,51.052114587307784,-6571.568177967862
9.599617831179327,10.2132795699606,0.7224118242777966,51.18762650210597,-6571.591940550765
9.599617831179327,10.2132795699606,0.7224118242777966,51.18762650210597,-6571.591940550765
9.742386633803154,10.40073155096248,0.7241159959486456,50.8990501542175,-6571.156471860976
9.384937583760534,10.132453516085782,0.6968279582332012,51.32964917598644,-6572.279358326972
9.694863360727776,9.850913970248097,0.6885358563085832,51.459449498857126,-6572.3283125767075
9.694863360727776,9.850913970248097,0.6885358563085832,51.459449498857126,-6572.3283125767075
9.331786662984486,9.687186316990054,0.675812683727063,51.09705861997609,-6572.24471601001
9.631700738159527,9.595725899663057,0.6599669854348247,51.16929930046739,-6571.871003691234
9.526141198746231,9.640289410817623,0.6664780911385043,50.85969231373919,-6571.363810842271
9.948441296554616,9.313086950739438,0.6715748334717689,50.978850615995235,-6570.980015640548
10.08330353266682,9.053647111147395,0.6799601079718626,50.815789743207354,-6570.621108365507
10.08330353266682,9.053647111147395,0.6799601079718626,50.815789743207354,-6570.621108365507
10.016851258293437,9.17676766402153,0.6954112135109738,50.6082919119304,-6570.3532456697485
9.971118311988773,8.93889946752592,0.6927635753132289,50.68848785016136,-6570.521014527586
9.994694828545155,8.92803011547527,0.6942337475317348,50.71319063349238,-6570.5148110153195
9.994294391486712,8.902691021314546,0.6979404932731307,50.34087850385069,-6570.335292729249
9.700561334010159,9.195885178952372,0.6995608756778756,49.87452945457457,-6570.964975013319
9.624645127076525,9.335294375357726,0.6754951154884602,49.89090363456586,-6571.24934368854
9.545650414556954,9.11117771624108,0.6794506052026328,49.70625701135051,-6571.976059485628
9.614216959145224,8.890519182871591,0.6757378293895752,49.87931696845107,-6571.779865435854
9.515674471095863,9.062128152379815,0.6615342503250872,50.0401786545515,-6571.899036479783
9.683584809378129,9.060280561150186,0.6493388381118406,50.17818422719838,-6571.4506762531755
9.5793970121238,8.990001609412076,0.659908536764778,50.447374611666866,-6571.6328470618955
9.49830103398747,9.130758559247402,0.6528569914670975,49.97524612337824,-6572.105925144054
9.742588069417843,9.246816298689863,0.6511006986008163,50.32558176852588,-6571.006955283672
9.701216194919287,9.087206007910252,0.6522079032508926,50.42796402467415,-6571.251564027506
9.742210646459137,9.027410574950915,0.6804801359085302,49.95426703404499,-6571.099578190282
9.554632019766936,9.04596240801141,0.6796107755592237,50.12267871561569,-6571.401508617228
9.554632019766936,9.04596240801141,0.6796107755592237,50.12267871561569,-6571.401508617228
9.554632019766936,9.04596240801141,0.6796107755592237,50.12267871561569,-6571.401508617228
9.525384048668037,9.274841168765606,0.6731817767443453,50.36607442564832,-6571.21591195077
9.525384048668037,9.274841168765606,0.6731817767443453,50.36607442564832,-6571.21591195077
9.377422407485943,9.222511509279569,0.6787320778911453,50.26938585426869,-6571.706668685481
9.359577729932285,9.262780740800823,0.7041737793548328,50.022649466373004,-6571.507825810359
9.32386837096787,9.628408981117245,0.6973771209515622,50.02785796988698,-6571.312489878375
9.32386837096787,9.628408981117245,0.6973771209515622,50.02785796988698,-6571.312489878375
9.32386837096787,9.628408981117245,0.6973771209515622,50.02785796988698,-6571.312489878375
9.483885279057372,9.984847958127792,0.6947427276761392,50.123853513301285,-6570.727874466467
9.665383996649352,9.98083996889464,0.6946612263899381,49.9995184883613,-6570.688328168431
9.342163582142108,10.06580987178381,0.7184726082205067,50.01737738428634,-6570.876576102246
9.536978733797783,9.94338595003151,0.7197786701602096,49.93430408385647,-6570.754530075668
9.455261877202604,9.902146347268609,0.7229286199250069,50.01346845786129,-6570.730269261512
9.425372905480412,9.747987419683284,0.7204956351317874,49.88565739648647,-6570.985815100084
9.560804701308763,9.713143397288873,0.7327098839150537,49.88947996830842,-6570.755888346277
9.344359457895191,9.64869756423352,0.7358470183827701,49.997917172973445,-6570.94336380566
9.493288952707573,9.535764348340878,0.7409592497493221,50.33457354877686,-6570.505984546091
9.64433196127053,9.474088874331743,0.7459508845015789,50.58226905919195,-6570.41188994183
9.593657485575205,9.744142824643712,0.7479286495618538,50.87033384016836,-6570.806973601965
9.51545177123898,9.49845924920388,0.7493275084019682,51.19236224870509,-6571.6082692123155
9.51545177123898,9.49845924920388,0.7493275084019682,51.19236224870509,-6571.6082692123155
9.655917972922582,9.679733774234489,0.7485421783968977,51.41974269676082,-6572.120523236947
9.80843489930125,9.445178095326854,0.7636272812304968,51.33297166112148,-6571.749725381202
9.69528486603514,9.3292592268771,0.7675527131281202,50.90429131595868,-6570.764233206633
9.545260904298257,9.393834026245612,0.7677995792817678,51.428113366596776,-6572.28348844076
9.545260904298257,9.393834026245612,0.7677995792817678,51.428113366596776,-6572.28348844076
9.545260904298257,9.393834026245612,0.7677995792817678,51.428113366596776,-6572.28348844076
9.528714890044853,8.890636588698921,0.7640526180535101,51.37798384164209,-6572.425132015229
9.528714890044853,8.890636588698921,0.7640526180535101,51.37798384164209,-6572.425132015229
9.559966056937947,8.839740586957323,0.758767216957955,51.440806310390734,-6572.632230892907
9.432597366672281,8.806171117824588,0.7685639913973157,51.23659549615811,-6572.3155138043985
9.92407077104842,8.780213426127087,0.7959736617959893,51.45817663120746,-6572.08617313218
10.06759902467641,8.966475973460643,0.795237934357113,51.590103813144566,-6572.593852301414
10.06759902467641,8.966475973460643,0.795237934357113,51.590103813144566,-6572.593852301414
10.06759902467641,8.966475973460643,0.795237934357113,51.590103813144566,-6572.593852301414
10.069075529966861,8.682864039619492,0.8085015358911544,51.60050756396593,-6572.600897127551
10.327689607513769,8.716296422912116,0.8123672066065953,51.55848997177881,-6572.673312754505
10.22216477944014,8.63002899730367,0.7950753763493073,51.311710116404846,-6571.6112529439515
10.081457732765603,8.445357948463721,0.7912172445949873,51.175313207831714,-6571.170383531963
10.081457732765603,8.445357948463721,0.7912172445949873,51.175313207831714,-6571.170383531963
10.081457732765603,8.445357948463721,0.7912172445949873,51.175313207831714,-6571.170383531963
9.851136138698264,8.650278079291612,0.8163623987594999,51.02804056797419,-6570.992136009085
9.708506598812933,8.47800784165177,0.8347036122181005,51.19433518664495,-6571.6276593223065
9.708506598812933,8.47800784165177,0.8347036122181005,51.19433518664495,-6571.6276593223065
9.856690951020354,8.349897531868915,0.8433833524712347,51.08771399296534,-6571.242569142691
9.856690951020354,8.349897531868915,0.8433833524712347,51.08771399296534,-6571.242569142691
9.856690951020354,8.349897531868915,0.8433833524712347,51.08771399296534,-6571.242569142691
9.837447484301963,8.57333610889078,0.8400029570805276,50.86737101040008,-6570.783173325119
9.837447484301963,8.57333610889078,0.8400029570805276,50.86737101040008,-6570.783173325119
9.837447484301963,8.57333610889078,0.8400029570805276,50.86737101040008,-6570.783173325119
9.848805117642396,8.394330539773419,0.8274968156196782,50.64973061864251,-6570.471612556123
9.67010680385359,8.608569743232888,0.8188924082682218,50.40202547921179,-6570.4472289661235
9.709013004367753,8.646723032749685,0.8193681224177891,50.81176353027076,-6570.736863381536
9.584894947959349,8.94309503442397,0.8015988615421493,50.86385654446927,-6570.884208060372
9.498261411926817,9.238977107857414,0.8032628644375551,50.71944473663655,-6570.720188502821
9.393146892575793,9.433422368603308,0.8033834399009205,50.940142243539995,-6571.190268155898
9.195311325143468,9.490754897583715,0.7897476825814422,50.86477609651466,-6571.445326750339
9.463855454072108,9.519679476784262,0.7830635925770242,50.95489018065357,-6571.092815180187
9.463855454072108,9.519679476784262,0.7830635925770242,50.95489018065357,-6571.092815180187
9.456243536016784,9.212779542912353,0.7613249728682451,50.9385374344235,-6571.215627025464
9.804257858901613,9.66344560015847,0.7483696294914902,50.65352739776313,-6570.4651093361845
9.567914206209604,9.583219786099933,0.7477935149413674,50.45895880365206,-6570.407639636651
9.356075827066578,9.606627789977098,0.7625856622825594,50.44730342623811,-6570.660245325609
9.422983852337572,9.44593455591426,0.7759279250124546,50.48605437343799,-6570.584963472168
9.271017918882148,9.620478632030084,0.7677531750808279,50.541536454127176,-6570.8587219782385
9.524140325928398,9.726586993682718,0.7562104620642746,50.352474047118115,-6570.419948893623
9.378856721540453,9.674529862590758,0.752362452739315,50.33397346413964,-6570.608324834779
9.65462125453437,9.262213516919433,0.7451187931634782,50.28848180457816,-6570.354903684074
9.822792415340915,9.147984223999066,0.7386213384780483,50.7019956672688,-6570.410827092869
9.83749755624424,9.315794041922985,0.7363682858076814,50.909293655914304,-6570.688937827149
10.235116979378988,9.40083985634638,0.7482919015682379,50.78131216240302,-6570.824487374828
10.447221427552273,9.299624991582064,0.7562146791352888,50.7361973549743,-6571.15697010923
10.178575328996702,9.435011358709417,0.7545063337275384,50.95673670797974,-6571.059947827906
9.733502799652928,9.139356841356102,0.7386133319572495,50.99284849335366,-6570.951756242904
9.269198897108076,9.079566063149555,0.7365328945716615,50.72788939615403,-6571.753170187044
9.269198897108076,9.079566063149555,0.7365328945716615,50.72788939615403,-6571.753170187044
9.179243737455758,8.866802603060451,0.7496203247806613,51.03540705813449,-6572.882217680324
9.060999702216535,9.116469175072481,0.767247697423557,50.75683522973444,-6572.278828259365
9.13492486926612,9.459184171386594,0.7624120781398485,50.90685363932562,-6571.86001472383
9.13492486926612,9.459184171386594,0.7624120781398485,50.90685363932562,-6571.86001472383
9.433002163092661,9.211332570926121,0.7552517842489601,51.02708004548691,-6571.484763599306
9.829740618420407,9.13277125618128,0.7697953635047952,50.966347910077666,-6570.790834866726
9.83839616872905,9.144960854303289,0.7675338903470461,51.124272237788844,-6571.123873198048
9.383272342407672,9.287494190292527,0.7747668529565251,51.04566881111406,-6571.517253063725
9.383272342407672,9.287494190292527,0.7747668529565251,51.04566881111406,-6571.517253063725
9.398071762555903,9.316674677627681,0.7483088948028817,51.12708312220656,-6571.776638889432
9.406000240472439,9.330200493037264,0.7526572329347221,50.96579739037235,-6571.352629316135
9.373639489875485,9.141524214424848,0.7523248537403917,50.98959247309109,-6571.638684270488
9.373639489875485,9.141524214424848,0.7523248537403917,50.98959247309109,-6571.638684270488
9.708006772365787,9.029494155139233,0.7700882633717813,51.31709581772894,-6571.775268669648
9.746389134768611,9.095714310883393,0.7692747060908618,51.42231524835219,-6572.053051419571
9.869355184899394,8.955280456477773,0.7816751545091914,51.38679971450871,-6571.852617274004
9.923010605359089,8.899490820196826,0.7876741843668698,51.18160081473689,-6571.248943439703
10.055022814421022,8.888178387865935,0.7864929226105214,51.173546246831485,-6571.225252746075
9.852178664682063,8.848895984806827,0.798545122737892,51.40388852890347,-6571.954374708826
9.85265109872178,8.784189374906445,0.7969465026123308,51.28125038232317,-6571.573514915872
9.85265109872178,8.784189374906445,0.7969465026123308,51.28125038232317,-6571.573514915872
10.206058720500126,8.778218957626374,0.8209220092820302,51.303082780313204,-6571.838612120265
10.447675393364085,8.711545569089346,0.7923391611624011,51.091359581295386,-6571.382030736746
10.331289733444043,8.70127392928635,0.7956081607289406,51.07783098248727,-6571.188903776733
10.143515089978953,8.738434076683117,0.7857763344092292,50.71552638712782,-6570.399083983471
9.897325596105969,8.760734421734675,0.7772002910147429,50.82449781418124,-6570.523344359841
10.306984453047153,8.984670160937542,0.7817338456528772,50.75449579821143,-6570.7610882302215
10.516054126037758,8.90573262199738,0.7779482491928175,50.806504788598495,-6571.126711371883
10.194247921521827,8.943248145361721,0.7689710931817562,50.98565292502665,-6570.850053677219
10.346954740179905,8.69105008108192,0.7716242949797344,50.60324184925012,-6570.403254450084
10.417216515376396,8.890539272939266,0.7934354913093199,50.25785402399083,-6570.793113127232
10.266666611529077,8.879904245873702,0.8019112515294211,50.123626079853416,-6570.63261111539
9.984305048320241,8.76242925248996,0.7918126514375963,50.173407326614026,-6570.232887947301
10.160779732879451,8.762672357927904,0.7997733737410467,50.29441752872772,-6570.31490152613
10.310065940798351,8.569797994826994,0.7998030179568866,50.46199974176671,-6570.375948782383
10.261507537032502,8.334419820253279,0.7942561096148673,50.48829034055869,-6570.211228022936
10.18501362104107,8.424640687074753,0.7979564837434256,50.453935300744575,-6570.1972053587215
10.381628075047628,8.447554710796648,0.7883369789929559,50.44470490074887,-6570.324754757306
10.428467140359883,8.141309549707467,0.8170300818547788,50.881540612943134,-6570.76635922578
10.404357954057664,8.302685685750463,0.8126585136531441,51.048910873741214,-6571.087858350302
10.41920431103252,8.437687688495672,0.8122752985796465,51.45627063598991,-6572.246822981486
10.41920431103252,8.437687688495672,0.8122752985796465,51.45627063598991,-6572.246822981486
10.196392969226464,8.482584771978512,0.8085535248405328,51.15296542973792,-6571.19727919983
10.175250299771225,8.283620718729086,0.8049341253126845,51.51754314705826,-6572.216965847572
10.243873009626487,8.216689197602332,0.8106267977801384,51.39809363694312,-6571.834415986847
10.460418911502973,8.279170913142215,0.8050442306451968,51.381184856057764,-6571.913499652697
10.265034984256566,8.153160945061291,0.7986149867744392,51.380698110936045,-6571.731602226411
10.391615350980828,8.507770779800554,0.7775401217794308,51.191906882296806,-6571.285308227765
10.239959745880464,8.687388076360708,0.771215829360757,51.19222097142629,-6571.217608232218
10.168650913167157,8.84224850025633,0.7603378353431921,51.26442911565746,-6571.388172582998
10.168650913167157,8.84224850025633,0.7603378353431921,51.26442911565746,-6571.388172582998
10.168650913167157,8.84224850025633,0.7603378353431921,51.26442911565746,-6571.388172582998
9.798503670553407,8.914364966403564,0.7684164836422158,51.243908101669085,-6571.479490900021
9.521598587751946,9.016551217204809,0.7802125380856373,51.311424203731136,-6572.072821765864
9.661035688330658,8.996774109967141,0.7841952566354257,51.37018967686492,-6572.0093067873095
9.640128076418733,9.215344431207084,0.7736119920290424,51.28372522148909,-6571.719980449893
9.478053481658415,9.056631664834677,0.772723018053101,51.1446195470737,-6571.690021424669
9.478053481658415,9.056631664834677,0.772723018053101,51.1446195470737,-6571.690021424669
9.627110959947045,8.85471182736688,0.7693870599005015,51.21116832334956,-6571.682920189663
9.627110959947045,8.85471182736688,0.7693870599005015,51.21116832334956,-6571.682920189663
9.690999463673403,8.33500985275484,0.7678296030000396,51.12421209529387,-6571.756712815841
9.697130659805591,8.445281189315601,0.7748885127032433,51.134760122628016,-6571.6129623860725
9.697130659805591,8.445281189315601,0.7748885127032433,51.134760122628016,-6571.6129623860725
9.841690365528114,8.504497225987823,0.7728910197342588,50.9254339398704,-6570.836477054925
9.931655302017607,8.42094028151207,0.7708274583437437,50.737047149245406,-6570.478871358394
10.119129440692255,8.359520168975259,0.7793645652252483,51.04030141744316,-6570.837001280656
9.879952574761045,8.332464929169543,0.7749029268481199,50.99464384644423,-6571.005991506365
9.993643713683216,8.438115894010009,0.7670045274055545,51.14003981794792,-6571.140762100757
9.840215930567316,8.710071993172274,0.773830287540164,50.88679678512633,-6570.682177075235
9.840215930567316,8.710071993172274,0.773830287540164,50.88679678512633,-6570.682177075235
9.64161596715973,8.939054459684824,0.7712712305086284,50.881563728346876,-6570.863273106515
9.696402584962932,8.724004320844458,0.7486838198760175,50.462137639665094,-6570.554090723811
9.836550309445876,8.657238846000784,0.7521631887580046,50.53370344659022,-6570.370321241716
9.830177358883796,8.476205600264276,0.756326516891974,50.32377280091609,-6570.426438535131
9.973106777247974,8.541022284263022,0.7505665609527411,50.19168888628535,-6570.272344610399
9.973106777247974,8.541022284263022,0.7505665609527411,50.19168888628535,-6570.272344610399
10.019909595159145,8.550231956386241,0.7507169647410135,50.35485344491114,-6570.180492478932
9.893994719784436,8.587818964024267,0.7546517971333059,50.35663596457036,-6570.272953780429
9.893994719784436,8.587818964024267,0.7546517971333059,50.35663596457036,-6570.272953780429
9.935669724753923,8.540085911941892,0.7501249358858536,50.69597442149915,-6570.436071341321
9.974553961145457,8.355490071868823,0.7507081938795324,50.93885038939166,-6570.829766408802
10.215118486088688,8.232014524767996,0.7576418637985657,51.024067745036646,-6570.789917611873
10.215118486088688,8.232014524767996,0.7576418637985657,51.024067745036646,-6570.789917611873
10.371624285057695,8.221300958171883,0.7490684079416561,50.997426307958406,-6570.715797053195
10.627157385434478,7.771540231906762,0.7504478045759172,50.987943119115954,-6570.777764184881
10.980663387622345,7.907553643504157,0.7426619866719685,50.84920344911976,-6571.046544087021
10.592512309543853,8.040086988500274,0.7381467790044226,50.44968102531081,-6570.264838770365
10.473452302393072,7.829031669570732,0.7389165712501186,50.58056953777937,-6570.294452624332
10.504648007646182,7.694137594152877,0.7609975630648661,50.46887964665125,-6570.238053393257
10.623543768708693,7.807856892981023,0.7453955528953095,50.806186867201355,-6570.50630694274
10.906974379342216,7.645723503980521,0.7620198269341568,50.87720066749127,-6570.885274289698
10.666607123470692,7.854285694558899,0.7647066917540521,50.47818205917453,-6570.33259519712
10.666607123470692,7.854285694558899,0.7647066917540521,50.47818205917453,-6570.33259519712
10.652820710390172,7.888868841885547,0.7593426464797042,50.38880939854475,-6570.30798571774
10.921895089531075,7.754761426474861,0.7531406272679286,50.29978520879936,-6570.648567375057
10.921895089531075,7.754761426474861,0.7531406272679286,50.29978520879936,-6570.648567375057
10.783167354897754,7.750233754068512,0.7341494683463254,50.55954454147546,-6570.422223305447
10.959198177794581,7.674585482280692,0.7299112839521881,50.64963632990825,-6570.666112223013
10.948053630244637,7.730338237005154,0.7226426195787776,50.934574012018636,-6570.959683799974
10.610557832897971,7.965790090263768,0.7163985442918588,50.93028212338263,-6570.705163755581
10.375084837477612,7.992053798252261,0.7308326057063123,50.37290668976358,-6570.246384295205
10.24223740912398,7.582909161161789,0.7386916857915028,50.60842300405155,-6570.721187892712
10.24223740912398,7.582909161161789,0.7386916857915028,50.60842300405155,-6570.721187892712
10.184445992587188,7.580911345318427,0.731528300679159,50.56313753657263,-6570.8817039159185
10.033409604447783,7.84166523059504,0.7370260282436137,50.289194526550844,-6570.796879537373
10.15964360990664,7.736967082581762,0.7282084638114825,50.39633171701027,-6570.725812849039
10.15964360990664,7.736967082581762,0.7282084638114825,50.39633171701027,-6570.725812849039
10.15964360990664,7.736967082581762,0.7282084638114825,50.39633171701027,-6570.725812849039
10.1676956304796,7.876250057043402,0.7323256984784388,50.27809864630062,-6570.543001188571
10.11397335549958,8.085532991626494,0.7362041270340507,50.230164945108854,-6570.432462362596
10.11397335549958,8.085532991626494,0.7362041270340507,50.230164945108854,-6570.432462362596
9.951602309530712,8.125849203707737,0.7490767437573512,50.68185391352285,-6570.697963581853
9.993008619684852,8.3292747131011,0.7455125167713383,50.646678868062686,-6570.452623426849
9.993008619684852,8.3292747131011,0.7455125167713383,50.646678868062686,-6570.452623426849
9.840348434441003,8.601069964199658,0.7473396359338149,50.511643062136955,-6570.407926272017
10.134950834663584,8.631699745679082,0.7473939738893609,50.369648962159694,-6570.130240357477
10.134950834663584,8.631699745679082,0.7473939738893609,50.369648962159694,-6570.130240357477
9.99511499148836,8.755241372139409,0.7611481891642397,50.35623360939932,-6570.143642357701
9.792778402470372,8.680405189148876,0.7625753664035715,50.40484092186771,-6570.334157015143
10.019784176464508,8.436514640229921,0.7504170598081294,50.819089764933054,-6570.537762699787
10.019784176464508,8.436514640229921,0.7504170598081294,50.819089764933054,-6570.537762699787
10.285193047873722,8.214142315157337,0.7413140702467094,50.65579181839423,-6570.27681038722
10.305526601055087,8.283965532332147,0.7416044759180729,50.333566550203805,-6570.157322120579
10.180699032581584,8.263905816031535,0.7369590788540499,50.11535605600216,-6570.330552095931
10.091143854268623,8.317032027896113,0.7373519227067755,50.07168380097752,-6570.416694009807
10.091143854268623,8.317032027896113,0.7373519227067755,50.07168380097752,-6570.416694009807
10.26137801942768,8.05423817374094,0.7247653322802952,50.12617488465392,-6570.435728045183
10.26137801942768,8.05423817374094,0.7247653322802952,50.12617488465392,-6570.435728045183
10.258179292174916,8.205626224138133,0.7239467282222827,50.01550089591065,-6570.476100577336
10.113082238641043,8.071075863658242,0.722451820963973,49.87984094918641,-6570.928596484472
9.741069489773942,8.32221442850127,0.722903338822697,50.07250502527093,-6571.233251375961
9.741069489773942,8.32221442850127,0.722903338822697,50.07250502527093,-6571.233251375961
9.76330424374722,8.132170614208672,0.7396432482101293,49.92383914390332,-6571.411513982894
9.704434561146742,8.040766679942191,0.7533488827835576,49.87599305038709,-6571.648806406312
9.507619459654416,7.933247545431752,0.7445129116475786,49.54366489244602,-6573.528704436163
9.275024742571706,8.342837328976133,0.7429910394942393,49.5162929945615,-6573.868488216605
9.7080812534981,8.27600542555589,0.750662168607486,49.36372229442357,-6572.566160490238
9.588384099596958,8.42463345212274,0.748578483013962,49.18067237561852,-6573.402978750371
9.588384099596958,8.42463345212274,0.748578483013962,49.18067237561852,-6573.402978750371
9.804267921656626,8.685338187822625,0.7478752916430883,49.108252521693515,-6572.885977831898
9.826779348521946,8.705977265676276,0.7589876098396936,49.16887843471852,-6572.535253269492
9.930880565049389,8.82737929721944,0.7719256101330197,48.99149683748821,-6573.078183944595
9.756979801644386,8.344663414631903,0.7816866726906249,49.191126129619626,-6572.700627813481
9.778575943067711,8.471067752422472,0.773467552647464,49.48139668713099,-6571.652723986454
9.907311861500547,8.204184727098806,0.7732950735519373,49.59546155799772,-6571.346502703787
9.907311861500547,8.204184727098806,0.7732950735519373,49.59546155799772,-6571.346502703787
10.136014477378508,8.03552850585351,0.7634200646696273,49.98377598953683,-6570.502407367563
10.01395188801277,8.128729732495616,0.7695354588808649,49.98810953692472,-6570.54945055172
10.01395188801277,8.128729732495616,0.7695354588808649,49.98810953692472,-6570.54945055172
9.980384497673437,8.239619679730188,0.768507372994702,50.109289510139305,-6570.403502586654
9.939447202011864,8.346288236119248,0.7678146917323946,50.00036665193762,-6570.501161546348
10.02793663897791,8.404163183995253,0.7681537472134069,49.92652903580703,-6570.483615395029
10.02793663897791,8.404163183995253,0.7681537472134069,49.92652903580703,-6570.483615395029
10.048387032442077,8.252849474229798,0.7777043992082904,49.81979244622822,-6570.667351033748
9.914180322770049,8.248249040668084,0.7727364044570739,50.05702775545844,-6570.517313639582
9.643616312252128,8.43442053563384,0.7712337190986175,49.8619773411265,-6571.153120109533
9.55989319508077,8.494825463991914,0.7809896766712017,49.86053526556034,-6571.240239310469
9.55989319508077,8.494825463991914,0.7809896766712017,49.86053526556034,-6571.240239310469
9.55989319508077,8.494825463991914,0.7809896766712017,49.86053526556034,-6571.240239310469
9.55989319508077,8.494825463991914,0.7809896766712017,49.86053526556034,-6571.240239310469
9.55989319508077,8.494825463991914,0.7809896766712017,49.86053526556034,-6571.240239310469
9.596774765910714,8.130694278399028,0.7810190161243539,49.9813797360692,-6571.430517255526
9.70620672760605,8.108440352406097,0.7628333154572106,49.813521705143536,-6571.540739012697
9.721905015172853,8.157936521469024,0.7768046136887407,49.8984167236221,-6571.167789048401
9.70026225042847,8.400841217318213,0.7690333674344476,49.840615051461455,-6571.100492225765
9.709991930864613,8.295773578865147,0.7594462138962265,50.03893213216243,-6571.0001875938915
9.709991930864613,8.295773578865147,0.7594462138962265,50.03893213216243,-6571.0001875938915
9.635223533277744,8.340635203832568,0.7659542425372087,50.12308975814229,-6571.022479334196
9.868859871045066,8.66923045641387,0.7750195007056163,50.348531160325834,-6570.218307609846
9.654885556363075,8.646290297683063,0.7722352324502167,50.37728975095217,-6570.550080198439
9.654885556363075,8.646290297683063,0.7722352324502167,50.37728975095217,-6570.550080198439
10.080319142922367,8.304220651280271,0.7680572697458679,50.54917961391249,-6570.2250727316205
10.46747319981226,8.090392023318447,0.7713942087578773,50.376626985347926,-6570.209787621322
10.492759239346789,8.228013321218901,0.75564762940666,50.30042001365845,-6570.246729129704
10.530534236366591,8.43595531423296,0.7469073155899709,50.36004980344286,-6570.337951699385
10.501288964465596,8.60652876573006,0.7345723753184313,50.29007441058061,-6570.372091675135
10.748278545624979,8.53684498683637,0.7287005418870158,50.38444279072737,-6570.716810399677
10.588131966605193,8.225988546575886,0.7265504803952966,50.25337148909538,-6570.332746037989
10.588131966605193,8.225988546575886,0.7265504803952966,50.25337148909538,-6570.332746037989
10.539559401762585,8.106292828372451,0.7287652316291862,50.36909045111107,-6570.243430425752
10.539559401762585,8.106292828372451,0.7287652316291862,50.36909045111107,-6570.243430425752
10.644933762357091,8.200909990745652,0.7303382438442797,50.308488063160866,-6570.36519681887
10.901361488697066,8.038138738947882,0.7215643951452986,50.52101467504917,-6570.658085381998
10.922404544957148,7.774731229193193,0.722795116351857,50.39768635375396,-6570.5719853382325
11.109611334368985,7.503813743593655,0.7301964394538293,50.43184289283486,-6570.790489892648
11.109611334368985,7.503813743593655,0.7301964394538293,50.43184289283486,-6570.790489892648
10.951717106447385,7.35984224071723,0.7146484189382364,50.43355806877522,-6570.579667906437
10.842671465381612,7.558918779055379,0.7057344102022787,50.58439824736093,-6570.543225100063
10.674133090492285,7.706405687124604,0.7014649208038487,50.568076059159644,-6570.478484426305
11.032814331335974,7.617922589102192,0.7078074947875724,50.628243028450946,-6570.7378008329015
11.22596725570779,7.554068165157517,0.7071973876093506,50.68201575786735,-6571.078088233926
11.139213346823496,7.760582801689983,0.7038554869274788,50.91914039858165,-6571.240833828204
10.754419659630784,7.636505805482644,0.694975292484121,51.21531306694243,-6571.453185357226
10.769738276457467,7.560818515764612,0.6942972516074444,51.57026511328628,-6572.532925939651
10.769738276457467,7.560818515764612,0.6942972516074444,51.57026511328628,-6572.532925939651
10.844675857338087,7.612672288079602,0.688129072527556,51.37681633080736,-6571.919036429056
10.838083786474705,7.442188308537184,0.6882518528528607,51.39184067676152,-6572.04066735866
11.064290613074862,7.625997670333701,0.6853570555942944,51.49018210292929,-6572.3647443098125
11.318015828026063,7.519993026188711,0.6934474660408024,51.29564841690583,-6572.159801383073
11.318015828026063,7.519993026188711,0.6934474660408024,51.29564841690583,-6572.159801383073
11.301445805904562,7.488706684044163,0.7111178331262364,51.33739344767734,-6572.247752077218
11.362276278934296,7.332219946308491,0.7112689872662865,51.49761992469535,-6572.733336678953
11.362276278934296,7.332219946308491,0.7112689872662865,51.49761992469535,-6572.733336678953
11.541029611758733,7.788033703143148,0.6924067654168815,51.4902925096405,-6573.425899981432
11.657486734343141,7.790210357519655,0.6954433739362736,51.80836183155356,-6574.8478272215725
11.289900016056993,7.7487606178222475,0.691438421248288,51.86311875135706,-6574.03796275791
11.17377624110859,7.821952754903701,0.7031669082924972,51.798204490935646,-6573.639776394836
11.01593582767406,8.15402631018329,0.6975523105117957,52.096125229387695,-6574.840983666116
11.129357385112192,8.489345908813617,0.6971993966712973,51.86570631988594,-6574.310786368767
10.98539556215523,8.871116492301175,0.7044156016306469,51.71934287677002,-6573.862105635511
10.751156215594126,8.736787340263,0.7126492926446865,52.01249481741261,-6574.472322680945
10.751156215594126,8.736787340263,0.7126492926446865,52.01249481741261,-6574.472322680945
10.938846658197555,8.654305812032744,0.6980344118881099,51.83185449136195,-6573.901714899441
11.079293819789608,8.715614702931944,0.6967891756929798,51.35225605065121,-6572.757240306959
10.945791419355382,8.990580119561375,0.7036394406130381,51.082676696023164,-6572.180477208618
10.704832910134336,9.058384297983391,0.6983247654024203,51.40346810752456,-6572.339008595446
10.629907903127096,8.903280144833614,0.6994379256802675,51.45041665187987,-6572.213284480757
10.919505385898749,8.858126963625235,0.7051393146138133,51.300983895325075,-6572.408502134374
10.875967912357961,8.81574525139935,0.7131247632088161,51.13504596001347,-6571.928822634834
10.353270548561524,8.866746449702214,0.7106556525479399,51.30303632761389,-6571.503347378698
10.395129652665794,8.623453669186352,0.7010284442242221,51.32905879464186,-6571.553474520299
10.451217093332849,8.757991010380707,0.6989349734613177,51.24562600247803,-6571.379169511945
10.451217093332849,8.757991010380707,0.6989349734613177,51.24562600247803,-6571.379169511945
10.451217093332849,8.757991010380707,0.6989349734613177,51.24562600247803,-6571.379169511945
10.525896406338521,8.699960270737543,0.6980969372089425,51.15775393276501,-6571.208947613251
10.339784577900613,8.574816815247713,0.6855149347524804,51.052901691935915,-6570.957010911714
10.50531891719393,8.525400432443174,0.6766010623406418,51.006843500784186,-6570.91316250977
10.218616402653696,8.498906674800562,0.6801511661456833,50.85743314669087,-6570.770215957631
10.262244186171978,8.547508392698504,0.6803286877548534,50.688142067068526,-6570.514077362595
10.252782530064255,8.652213851405813,0.6753840831156143,50.51463927186157,-6570.415567861222
10.201440992629758,8.986004354509655,0.6720173585438177,50.708682651875975,-6570.509685047098
10.327254794095364,8.98173597398286,0.6715310339978712,50.755983435287575,-6570.561713151253
10.46766683520105,8.800535563991208,0.6754295444117705,50.419336921507146,-6570.415844140041
10.677019070968383,8.836366804995745,0.6711043361435468,50.30154667202664,-6570.713909912982
10.939161878503892,8.949603495746226,0.6446533490336135,50.44604424165052,-6571.306093635159
11.137213439529335,8.870887177458528,0.6273857497174185,50.38582112999675,-6571.75659985641
11.116001654917294,8.70301744387832,0.624699640430709,50.63456034572505,-6571.556711892277
11.060596131495782,8.284120450682593,0.6248947421432688,50.595914516069556,-6571.197299430793
11.060596131495782,8.284120450682593,0.6248947421432688,50.595914516069556,-6571.197299430793
10.907099732432721,8.271448408681112,0.6165773173053842,50.754235669255266,-6571.181992648642
10.51139592133405,8.42490165359803,0.6002236101653988,51.133113213134926,-6571.988265822276
10.902843599947555,8.447955421985693,0.608489417852954,51.16533457160338,-6571.842444601454
10.754389989909393,8.341634742923835,0.6054164545790834,51.162337495882895,-6571.853036922261
10.702879268347887,8.512357779262867,0.6061920283011666,51.20807820233065,-6571.891675188814
10.702879268347887,8.512357779262867,0.6061920283011666,51.20807820233065,-6571.891675188814
10.70493363903884,8.52397830523648,0.6088547732800378,51.73042585213832,-6573.466343149561
10.70493363903884,8.52397830523648,0.6088547732800378,51.73042585213832,-6573.466343149561
10.70493363903884,8.52397830523648,0.6088547732800378,51.73042585213832,-6573.466343149561
10.70493363903884,8.52397830523648,0.6088547732800378,51.73042585213832,-6573.466343149561
10.884186733519496,8.302380045231597,0.6176657333328744,51.620919108347245,-6573.024801902708
10.971239521594041,7.789908402842396,0.6188161578604405,51.31839067929506,-6572.276232758388
10.963762095076532,8.03109150995733,0.6141077848595247,51.597803454724975,-6573.059066688678
11.349290060796198,7.8486749115523375,0.5982700265951084,51.22928102191555,-6572.475325759243
11.349290060796198,7.8486749115523375,0.5982700265951084,51.22928102191555,-6572.475325759243
11.507946620323493,7.713824955923946,0.5939565277622915,51.19414921571573,-6572.650241748415
11.393839328520404,7.681337908131334,0.5890343115839468,51.020733783178706,-6572.248958881347
11.369566077228454,7.615873196386667,0.6096149630675438,50.95427973249688,-6571.929768292049
10.890878459114663,7.369690396403531,0.604068477264842,50.96674216114542,-6572.244669005699
11.123503554020871,7.217433766998868,0.6075086694176786,50.886562447111565,-6572.004635668838
11.220489794504541,7.300452251133564,0.6072813639225674,50.97713559744885,-6572.023332520575
11.51005658715115,7.2773523150394555,0.6092083370061276,51.133953129437465,-6572.415718736555
11.562042472490718,7.493068817016707,0.6079705446980631,51.08591562759807,-6572.407612917117
11.422596425923192,7.431638801763395,0.5987556250286662,50.99133716392835,-6572.174528757899
11.667815857057022,7.392156011134603,0.6030265428099009,50.817328126513836,-6572.286894531752
11.667815857057022,7.392156011134603,0.6030265428099009,50.817328126513836,-6572.286894531752
11.558249908854483,7.524478285978977,0.5937112737317799,50.84890347175245,-6572.216829975325
11.402356702716485,7.898395387380415,0.5918623934944994,50.98238749213018,-6572.181798843272
11.294658002942485,7.535036730226005,0.5851870363482918,50.947193648780264,-6572.1745629115285
11.422914674846293,7.729629928472853,0.5923901401887394,50.77940009744646,-6571.978120163574
11.299583913088098,8.198053767543245,0.5977292016686828,51.219653098874495,-6572.455187221588
11.299583913088098,8.198053767543245,0.5977292016686828,51.219653098874495,-6572.455187221588
11.447154499401407,8.19667725582656,0.605696226890103,51.23110125103733,-6572.735605970296
11.493725320667666,8.341249101089204,0.6054079975585284,50.79488144270446,-6572.361283331953
11.507594425696206,8.49454758536553,0.6093948186808011,50.97239672739587,-6572.73275717141
11.594434026295044,8.56318599991169,0.6133061946317188,50.998359448222104,-6573.14884024132
11.296679141841622,8.669809156196777,0.6216993909677703,50.75085382794267,-6572.0717036288215
11.3093850972845,8.618547813497996,0.6318467103947513,50.81324329573617,-6572.116352564632
11.364541056484354,8.472789144483778,0.6205640951779484,50.716091551476715,-6572.049350272018
11.51936374758759,8.29203819300145,0.6042092326524271,50.72497547084356,-6572.347384330957
11.774990832006981,7.935989177061352,0.6052799417844495,50.96551543206101,-6573.005878889049
11.990450985705062,7.801638844595422,0.5963018678730939,51.37077527687418,-6574.2747334463575
12.013635219811444,7.967850189646859,0.5814469603458265,51.19022579671959,-6574.1730496634445
11.8892700312424,8.314765204572092,0.5745558959745807,51.27091453952815,-6574.268132926768
11.8892700312424,8.314765204572092,0.5745558959745807,51.27091453952815,-6574.268132926768
11.8892700312424,8.314765204572092,0.5745558959745807,51.27091453952815,-6574.268132926768
11.8892700312424,8.314765204572092,0.5745558959745807,51.27091453952815,-6574.268132926768
11.8892700312424,8.314765204572092,0.5745558959745807,51.27091453952815,-6574.268132926768
11.8892700312424,8.314765204572092,0.5745558959745807,51.27091453952815,-6574.268132926768
11.65032727480237,8.421123707298031,0.5729573882594817,51.17624347425064,-6573.430335611532
11.31091565308868,8.50287141436733,0.554940098074296,51.1478809381174,-6572.775869031839
11.26845721405567,8.434821492840562,0.5621237826692704,51.14280499988286,-6572.614440263536
11.26845721405567,8.434821492840562,0.5621237826692704,51.14280499988286,-6572.614440263536
11.246844670377076,8.95105836359234,0.561087595448928,51.067849759144636,-6572.696233752746
11.348011934389804,8.945187178627314,0.5412008880098911,51.17293546018473,-6573.222678991288
11.390751745806137,8.941034643785883,0.5454798066753295,50.98250793556287,-6573.003538221453
11.315028442658608,8.96209936488382,0.5409293465284583,51.15000617928545,-6573.124749386548
11.284727618449155,8.712604628042374,0.5406382348451172,51.187150509492206,-6573.020432597765
11.122846922487453,8.559324247767654,0.5363838210087757,51.15964828881026,-6572.8406051717375
10.917068905269957,8.259491049987112,0.5374754610778089,51.09468480371084,-6572.882024368042
10.884007278275403,8.571418408647226,0.5446446945332993,50.929384001334164,-6572.276273048024
11.075780938360882,8.406411248509968,0.5447625371543683,51.01608849744358,-6572.476498480106
11.075780938360882,8.406411248509968,0.5447625371543683,51.01608849744358,-6572.476498480106
10.972714138668342,8.331383649188703,0.5557733484008918,50.76899540320273,-6572.014992176926
11.198613169866023,8.417110936458638,0.5586275055080911,50.478010211409085,-6572.0102367727395
10.951752962255778,8.303164119392099,0.5421078103453264,50.509735292385805,-6572.20539963111
11.257476629013095,8.385059102168487,0.5474209532485587,50.59841949773507,-6572.232698008638
11.163384440763105,8.363126812186925,0.5591974897061733,50.27425184242839,-6572.054889122362
11.51303693371163,8.195805201995036,0.5776957943323404,50.24281603041017,-6572.451461075975
11.372614059384942,8.207865458425585,0.5675703532778044,50.33764057490269,-6572.18448965553
11.33243656560599,8.161070689213405,0.572713890831867,50.04464829015163,-6572.349424282355
11.310443038436002,7.985902566946467,0.5608865723281,49.93451526062193,-6572.665585852509
11.782160296695167,7.815780462284552,0.5604816043892553,50.07343225272052,-6573.266593375043
11.782160296695167,7.815780462284552,0.5604816043892553,50.07343225272052,-6573.266593375043
11.676766564170231,8.152833483194042,0.5414214478112032,50.29698940371076,-6573.102204972438
11.578262967506122,8.410312220423624,0.5300150356767674,50.604312050455206,-6573.006203280072
11.678705267473246,8.442264002340375,0.533225529469775,50.873775075541936,-6573.352158564359
11.678705267473246,8.442264002340375,0.533225529469775,50.873775075541936,-6573.352158564359
11.621118604016145,8.340438210976014,0.53303351965141,50.9397917409863,-6573.224680169067
11.621118604016145,8.340438210976014,0.53303351965141,50.9397917409863,-6573.224680169067
11.665078679628373,8.481936583119387,0.5285607675796855,50.98530102660563,-6573.494377110561
11.642187625524036,8.592497585960668,0.5260092060539515,51.09539059063077,-6573.673907163949
11.555967928760323,8.43863931986358,0.5226209851648385,50.986935556451435,-6573.302039214309
11.576737739767823,8.292653707903954,0.5256446478199749,50.89846150610092,-6573.165986252585
11.394178742644522,8.55375353172372,0.5207829485441742,51.05906081338889,-6573.181654445652
11.169989134101227,8.126371557434814,0.5276799382638636,50.87616678965209,-6572.781589950251
11.22561817241232,8.40661921933963,0.5199136019757599,50.630035641794436,-6572.670274001197
11.22561817241232,8.40661921933963,0.5199136019757599,50.630035641794436,-6572.670274001197
11.22561817241232,8.40661921933963,0.5199136019757599,50.630035641794436,-6572.670274001197
10.89858074907361,8.612668364222868,0.5191247615571054,50.79070073833174,-6572.642368259734
10.89858074907361,8.612668364222868,0.5191247615571054,50.79070073833174,-6572.642368259734
10.589408595175826,8.806340001664998,0.5235145502377951,50.87947821968162,-6572.747813499145
10.604966880167925,8.813114323094865,0.5397357047207725,50.79437057086329,-6572.234018384033
10.82090928938531,8.74258060424379,0.5318658075337982,50.698510037577876,-6572.243932884541
10.36781547782434,8.879780398364119,0.532133590560686,50.49903301073076,-6572.571104617098
10.471239311332656,8.813849611914408,0.5482442913357422,50.62373813935617,-6572.076738021407
10.374374958615906,8.721768104261256,0.5423985126799781,50.62055662853661,-6572.50504467344
10.545653962430293,8.96622395401533,0.5616245059592372,50.46843579190072,-6571.587449030479
10.721553282978803,8.94484258066404,0.5724822355734699,50.675988570470565,-6571.473983156346
10.904250528034785,8.563531481338243,0.5683133068783911,50.60368394936509,-6571.6276347545045
10.699348732752807,8.52785967451835,0.5629756021312777,50.859846705176295,-6571.947578769075
10.40108346363426,8.389248636275969,0.5650392485762757,50.84268745238363,-6572.4884706292
10.306934166678595,8.349109427448191,0.5739878838148871,51.015678255718065,-6572.82743237207
10.141164489287457,8.241665519875156,0.579009119875888,51.231949173690154,-6573.938908208862
10.141164489287457,8.241665519875156,0.579009119875888,51.231949173690154,-6573.938908208862
9.993619070920595,8.392138345906003,0.5833349969250536,51.40774542387626,-6574.625208890826
10.349499957333476,8.795717922657436,0.5998890825493093,51.393780745178695,-6572.583316906201
10.5726708526668,8.693644320538848,0.6013998155155807,51.38470638278091,-6572.380373346614
10.680578257165287,8.713658645708358,0.5994482153961821,51.28133492744095,-6572.093421880162
10.671826340059498,8.499472890176138,0.6009770243635029,51.231514813375455,-6572.022799183254
11.07408559063894,8.749692862669656,0.5979846647517713,50.90427371298119,-6571.796479239982
10.976035042433395,8.77704870686308,0.5912004832435397,50.93801613664136,-6571.734667899943
10.919322484379968,8.785154562323823,0.5816368171584687,51.04230721529194,-6571.903260244117
10.764346683666181,8.640344161132871,0.577403699233315,50.874531976498965,-6571.645289673895
10.751677405191392,9.002456780185742,0.5823730294738685,50.85397243161693,-6571.527125281904
10.761827635364691,8.909404433458914,0.5700472233332345,51.0663145075782,-6571.976131025357
10.81319678760727,9.105505966268458,0.5612239287984526,51.00873589398527,-6572.023414976527
10.793501734398681,9.335024650993368,0.557022747325306,50.778458351779264,-6571.835617990133
11.00452948077824,9.44520379002464,0.5691333750759848,50.98865450696015,-6572.394058185773
11.007236232129637,9.765252554821643,0.5970073807592488,50.980402038281404,-6572.722863732486
11.004359336191879,9.440610881416301,0.5947988353643254,51.02012737159456,-6572.371269004767
11.004359336191879,9.440610881416301,0.5947988353643254,51.02012737159456,-6572.371269004767
11.004359336191879,9.440610881416301,0.5947988353643254,51.02012737159456,-6572.371269004767
10.878325230893427,9.721229187393584,0.6027938995636153,51.19809148440795,-6572.673660145832
10.560116196989807,9.858786547053159,0.6003262854869071,51.23270388945606,-6572.229915250573
10.720994370778298,10.038530110055577,0.6213200735972092,51.23077163695641,-6572.765307122427
10.722100925829126,10.279526615831942,0.6235055771805189,50.994366071682705,-6572.702329023249
10.722100925829126,10.279526615831942,0.6235055771805189,50.994366071682705,-6572.702329023249
10.746801334083903,10.344813897031386,0.607300774267192,50.50770626987539,-6572.447958934216
10.746801334083903,10.344813897031386,0.607300774267192,50.50770626987539,-6572.447958934216
10.970296876211304,10.34535975683526,0.6094606727782994,50.77579485647175,-6573.386186180549
10.894627368199467,10.403805685383647,0.6062976992062341,50.6207040123601,-6573.094228397911
11.103572204753098,10.321041187123816,0.5870690533840605,50.52221157442604,-6573.657245460592
11.103572204753098,10.321041187123816,0.5870690533840605,50.52221157442604,-6573.657245460592
11.03949748372284,10.488534997001638,0.5899485239949919,50.81074008263015,-6573.839148248109
10.987630779341316,10.329289498129503,0.5898470295502032,51.07682772285756,-6573.650872140819
10.998070380130972,10.511992943446364,0.585435569522632,51.1658327328781,-6574.142387079124
10.998070380130972,10.511992943446364,0.585435569522632,51.1658327328781,-6574.142387079124
10.954876932115239,10.348106546819098,0.5848972569154504,51.14049637428001,-6573.6467474766505
10.952544297284286,10.182843204788503,0.5719370460106257,51.25793739224477,-6573.570439602172
10.952544297284286,10.182843204788503,0.5719370460106257,51.25793739224477,-6573.570439602172
11.402376591335528,10.400561829456851,0.5763197396443251,51.25263305742361,-6575.766315496252
11.386589607815413,10.685076040824951,0.5758684437289469,51.04304926797839,-6576.012151653204
11.386589607815413,10.685076040824951,0.5758684437289469,51.04304926797839,-6576.012151653204
11.10015676109981,10.307543093596921,0.5860272366370008,51.12790364829837,-6574.103421937177
11.10015676109981,10.307543093596921,0.5860272366370008,51.12790364829837,-6574.103421937177
11.108169935360989,10.425648877721054,0.5776346898277733,51.27487037849999,-6574.574322875909
11.108169935360989,10.425648877721054,0.5776346898277733,51.27487037849999,-6574.574322875909
11.037408171082706,10.3049628772502,0.5935284034572599,51.17755561012267,-6573.985391718696
10.996612336157371,10.376818166533951,0.595323215105853,51.063089635500276,-6573.779251058052
11.282029080471554,10.468000606641123,0.594125499600742,50.87114402324846,-6574.9829692113235
11.13277533440083,10.522187382795387,0.5849338707377095,51.065163285579814,-6574.551121869823
11.001182584899055,10.553766550641274,0.5783969453206868,51.10728865198076,-6574.092720107235
11.001182584899055,10.553766550641274,0.5783969453206868,51.10728865198076,-6574.092720107235
10.912241477462782,10.19101586407639,0.5834962818221974,51.43542319664383,-6573.899790047602
11.009542303117152,10.388878818357023,0.6038375715282231,51.37420628015949,-6574.514227576014
11.139017852331795,9.972958195450627,0.6043859134879433,51.43571191644769,-6574.414733281183
11.139017852331795,9.972958195450627,0.6043859134879433,51.43571191644769,-6574.414733281183
11.233389229196339,9.897194640825978,0.6092928077633676,51.52980893340849,-6574.9282388424635
11.233389229196339,9.897194640825978,0.6092928077633676,51.52980893340849,-6574.9282388424635
11.218277962900558,10.150423149284522,0.6002060568323722,51.627240559601006,-6575.544801936945
11.499528043927743,9.638156658029898,0.605991891881473,51.51870872721021,-6575.50210728534
11.424810910815257,9.665827815193703,0.60320329773626,51.54556059235259,-6575.281196216528
11.115738461011906,9.67698534047766,0.6086043203130631,51.24490731425188,-6573.4371114904425
11.115738461011906,9.67698534047766,0.6086043203130631,51.24490731425188,-6573.4371114904425
11.24221091823828,9.494120529344976,0.6038333331810254,51.0528358742319,-6573.241828086655
11.221577830980562,9.655063967507028,0.6110065891576266,50.752129568501196,-6573.139853013443
11.064051905615422,9.98741945157839,0.5998701349588361,50.58815789259947,-6572.96904166712
10.937953719633674,9.709312506578149,0.5888352521848776,50.73623378577501,-6572.197388600509
10.950697769685192,9.868882990296672,0.5704039343438339,50.58142126875422,-6572.382488557665
11.0805640871905,9.453547453609094,0.5671175190913219,50.59946795021468,-6572.2887730752445
11.050036761965378,9.713071698430737,0.5598657916172975,50.45045318908517,-6572.512574465758
11.050036761965378,9.713071698430737,0.5598657916172975,50.45045318908517,-6572.512574465758
11.050036761965378,9.713071698430737,0.5598657916172975,50.45045318908517,-6572.512574465758
11.019821185467286,9.456714031219503,0.5572383528142372,50.56109501212365,-6572.188091925253
10.652409399116717,9.297949661999942,0.5466923105186893,50.52664275004286,-6571.750365862406
10.652409399116717,9.297949661999942,0.5466923105186893,50.52664275004286,-6571.750365862406
10.218520445051288,9.24347916435251,0.5520159215925939,50.492032523462164,-6571.939172843728
10.218520445051288,9.24347916435251,0.5520159215925939,50.492032523462164,-6571.939172843728
10.053019146403239,9.216416955784618,0.5531989286206912,50.269241717521204,-6572.331319860605
9.860287052144729,9.339170289350145,0.5541275059584936,50.229420869162865,-6572.702200089225
9.854062592412259,9.466555184324006,0.5472445555865512,50.108697080936246,-6572.8448431438555
9.819029495123067,9.605519655063597,0.5615763740432511,50.32932584207654,-6572.212156129219
9.790776911842812,9.517215325302297,0.5688559463071537,50.313009703628495,-6572.219074403066
9.701639707485008,9.119034108484035,0.5713730613921996,50.59937791394972,-6573.143305655793
9.701639707485008,9.119034108484035,0.5713730613921996,50.59937791394972,-6573.143305655793
9.936143350060293,8.922587257879597,0.5678271028384931,50.53945127853824,-6572.674768442371
9.936143350060293,8.922587257879597,0.5678271028384931,50.53945127853824,-6572.674768442371
9.87490556932388,9.024223289509791,0.5557877715957331,50.380732988501556,-6573.067353763754
9.89763481843139,9.227489538692488,0.5451482212215238,50.48864812345759,-6572.959189683552
9.923108396870967,9.458794608509335,0.5290362702947335,50.74005502088754,-6573.150411685706
9.923108396870967,9.458794608509335,0.5290362702947335,50.74005502088754,-6573.150411685706
10.05908552994928,9.162291165537404,0.5224089901479937,50.36889056598518,-6573.285383513788
10.118298990205286,9.52402012977887,0.5173768860797439,50.05860493442623,-6573.042886587615
9.91946836659962,9.652494124295304,0.5310721239161418,50.09792863564026,-6572.903320430557
9.851468053839238,9.894265110554764,0.5235478003723936,49.906460534980106,-6573.30196504828
9.81189942318408,9.802358793562236,0.536777643932767,50.19413512460117,-6572.745955093864
9.81189942318408,9.802358793562236,0.536777643932767,50.19413512460117,-6572.745955093864
9.986946591660136,10.14019435778422,0.5276704563550204,49.95331368669131,-6572.631223593561
10.034838417987293,10.165683330448422,0.5302984729793402,50.01084173396842,-6572.412113277561
10.330572886130902,10.030405596003815,0.5379592330502763,50.041355388108094,-6572.12534358196
10.729986419554985,9.596847910774764,0.5514789770937782,50.13981502517948,-6572.015206149016
10.511523050665398,9.659831139579554,0.5574156786597751,50.22114282183863,-6571.665022488046
10.641620319173322,10.178328993087241,0.5695856845387486,50.12222929697665,-6572.159800328907
10.641620319173322,10.178328993087241,0.5695856845387486,50.12222929697665,-6572.159800328907
10.641620319173322,10.178328993087241,0.5695856845387486,50.12222929697665,-6572.159800328907
10.614017456573919,9.920516625268727,0.5675880594315285,49.8350949871118,-6572.337303116248
10.693613309075054,9.76255862091244,0.5763894220544382,50.0656003744793,-6571.923359996871
10.68477408819152,9.931914918556991,0.5545174503370921,49.92577952459843,-6572.415296543665
10.928526515119913,9.650068013154375,0.5667394125171956,49.75738676312758,-6572.941057010828
10.928526515119913,9.650068013154375,0.5667394125171956,49.75738676312758,-6572.941057010828
10.953101781476214,9.549817901213633,0.560402883197284,50.0223529579595,-6572.462476856805
11.087236654116058,9.58847660614869,0.5755407908658321,49.99002498632822,-6572.838914980776
10.942235812111266,9.410511260884125,0.573150812228917,49.88001766103826,-6572.473017071169
10.602237548643135,9.448857691389398,0.5823673625138063,49.8945137602173,-6571.82094884222
10.781133770932172,9.308011242183383,0.5829435214059394,49.82897275070566,-6572.119659617971
10.86696636844102,9.516377164745627,0.5883410859811125,49.59868928206003,-6572.932706615782
10.794395879300357,9.60998125741806,0.5812140293835253,49.91026276383352,-6572.207453250304
10.799245922388485,9.753269076889621,0.5812763508194133,50.255206460556856,-6571.9223743007515
10.56771856316574,9.9938171454161,0.5893532516408929,50.19982569124553,-6571.6621080003315
10.514159231744248,9.988083802396984,0.5677447968363343,50.091792836415586,-6571.819184893457
10.199300210308383,9.948388605498348,0.5744998402634269,50.16707988020983,-6571.4134029331135
10.537321622895352,10.046016312339495,0.5702931918246489,50.46368506147263,-6571.638433645432
10.43765317017381,9.974749731655416,0.575169787155318,50.25202954256896,-6571.498838201598
10.144613864266349,10.282949937741089,0.5803118916883773,50.14510299590863,-6571.4325553033195
10.075235651399483,10.32881366863899,0.5868201301461918,49.89678249651187,-6571.6786992691
10.075235651399483,10.32881366863899,0.5868201301461918,49.89678249651187,-6571.6786992691
9.681120175544418,10.608681590391935,0.582695159089071,50.063490802663445,-6571.626085044194
9.51047391323689,10.208240943353713,0.5629944429668469,49.82456392779658,-6572.942459806449
9.45870274392868,10.19416550763685,0.566901037557072,49.991606024036045,-6572.737421453434
9.51661816171383,10.358681740306054,0.5570448834277775,50.011791175497876,-6572.613990084172
9.581636868033147,10.277093253343708,0.5739774695322002,49.82236868593496,-6572.4425526485975
9.73509783589753,10.129013963971213,0.5630932721754429,49.93191529041839,-6572.270859554701
9.633788844419376,10.284290120949834,0.5750828841182005,50.27107447273997,-6571.765999341012
9.729694391324918,9.998167280274998,0.587761641189103,50.10559810572676,-6571.6426240551555
9.71666099159834,10.264551480302394,0.592436190951663,49.936152042112184,-6571.67695299801
9.796892214689949,10.058948268107445,0.582554602496977,49.7778838872651,-6572.104112598144
10.084759726371132,9.808933528226682,0.5886687830047271,49.70924460370387,-6571.971551562461
10.10444457380843,9.94962310162631,0.6157040527112158,49.63025149076322,-6571.849019733592
10.203475660868522,9.891691621813974,0.6091696054908762,49.774817030292624,-6571.609941762553
10.122189616663963,9.831905879281475,0.6154869070529742,49.938517366105,-6571.210516030806
10.095419085253152,9.715422695031188,0.5937577259946996,49.9394014155407,-6571.461878575771
9.976842871731643,9.49837455405762,0.5937494481705202,50.37722419615253,-6571.282654181077
9.976842871731643,9.49837455405762,0.5937494481705202,50.37722419615253,-6571.282654181077
9.902591344177257,9.546986546331798,0.6091211200147625,50.558172532799944,-6571.14185992594
10.259890570455937,9.665902327274479,0.6006167424084254,50.54527996983197,-6570.980872833036
10.042486513301975,9.66645251056698,0.5941251198208783,50.57427951096344,-6571.144809959681
9.855328431825823,9.907931458352174,0.5956327314152319,50.85661322820013,-6571.510768822228
9.779426949735656,9.738072974153695,0.5970588871615325,50.8493545235207,-6571.709912932663
10.111797960429607,9.76149503030749,0.5957659367553486,50.97672365115547,-6571.485430435378
10.057541112527678,10.214149869440432,0.6097714741211095,51.05182092241241,-6571.567110073875
10.089613768173828,10.335942031033984,0.6134601862744337,51.12238499457034,-6571.7602153913
10.089613768173828,10.335942031033984,0.6134601862744337,51.12238499457034,-6571.7602153913
10.082255569863488,9.966468699637456,0.6286160365794425,51.233159476828014,-6571.774722161361
10.082255569863488,9.966468699637456,0.6286160365794425,51.233159476828014,-6571.774722161361
10.169787521806606,10.15033178801388,0.6400574586771277,50.83595861080877,-6571.155371083819
10.269142766063155,10.02976547852115,0.6320429023878493,50.69745720749224,-6571.058137189461
9.998739983801812,10.103815356328571,0.6463757729416768,50.49047291929072,-6570.709706074038
9.812360952900471,9.877669638639968,0.6422452651505702,50.53091710034799,-6570.725597952606
9.67918835248555,10.351952142073086,0.6443429454918362,50.29476878769509,-6570.797599321062
9.537114717361085,10.28036830887549,0.637882697463769,50.11568934583816,-6571.090869023143
9.500506543189461,10.413982840426737,0.6285745203287101,50.01571708766793,-6571.320711527382
9.720152872208285,10.43130712680523,0.6419134877718917,50.17239276575894,-6570.881011639719
9.960137233207853,10.315705720734533,0.6284582947342251,50.32856182358717,-6570.877393110453
9.960137233207853,10.315705720734533,0.6284582947342251,50.32856182358717,-6570.877393110453
10.150714967806536,10.545618601138527,0.6404823896380231,50.189575690843895,-6571.335712376196
9.978055580287217,10.313401917321615,0.6416890560832559,50.22015369878357,-6570.878914199441
9.988112403710248,10.432706226453195,0.6556862776028111,50.20983807320545,-6570.958374401008
9.823131666646846,10.451795309095779,0.6552502538372879,50.18685026656489,-6570.841260487588
9.823131666646846,10.451795309095779,0.6552502538372879,50.18685026656489,-6570.841260487588
10.073426079553917,10.874037670236113,0.6591054912618173,50.051330755491904,-6571.751978335772
10.073426079553917,10.874037670236113,0.6591054912618173,50.051330755491904,-6571.751978335772
9.84508197175104,10.87009199666054,0.6679183641728923,49.96502858248029,-6571.433822767833
10.080760896463735,10.518412880030905,0.6625123594045853,50.04831799826759,-6571.329098306213
9.743596081059817,10.285060495867508,0.6535991355806045,50.007173460247635,-6570.921961285788
9.706635770706907,10.228166840070175,0.6374287743564971,50.236556135475944,-6570.846093293958
9.939039865443426,10.027162880352291,0.6249576158192047,50.43825877924935,-6570.791167018446
9.939039865443426,10.027162880352291,0.6249576158192047,50.43825877924935,-6570.791167018446
9.870472826071646,10.04864916398378,0.6356382222098956,50.51123016955972,-6570.74244899336
9.836597684559658,10.42139738660485,0.6303520522910655,50.16648231676367,-6570.955312177768
9.864432167662986,10.619606673017232,0.6402598359159537,50.018123805321984,-6571.1804051859
9.916482712339278,10.548443845774708,0.6351930582525027,49.80181068754916,-6571.5234425323415
9.967806664583168,10.188456360514873,0.6391826557016078,49.964736156789556,-6571.064978734819
10.254718525505984,10.223477450351739,0.6469640618907302,49.7177545258312,-6571.857359001597
10.254718525505984,10.223477450351739,0.6469640618907302,49.7177545258312,-6571.857359001597
10.265634963276804,9.955642781232608,0.6563776768817562,49.58640758747376,-6571.921076206744
10.27742162870668,9.80074762020064,0.6633021733705763,49.35568777368657,-6572.46300341909
10.422427267056698,9.942053925582822,0.6642415422351696,49.073416479401864,-6573.887555182593
10.411078740497302,9.301861731520267,0.6551518380977751,49.3502556785969,-6572.385313344244
10.338760465303986,9.386382189062338,0.6588388898284757,49.38253255260813,-6572.222794866848
10.477071049899665,9.475640663066947,0.6570252595918618,49.273766215305464,-6572.83060826859
10.444942889697908,9.650741677743179,0.6554428336496642,49.30859745471069,-6572.79423847457
10.309440028159445,9.898219124746623,0.6496432497397925,49.1141023719329,-6573.485600487091
10.192681611423941,9.739917925330612,0.6634669778077261,48.813481038196514,-6574.506454144186
10.192681611423941,9.739917925330612,0.6634669778077261,48.813481038196514,-6574.506454144186
10.207179044339425,9.59356821165972,0.6424012718600915,49.21965508955211,-6572.851890330859
10.250088732190719,9.245220695045052,0.6372966538536915,49.3709985052558,-6572.345187300934
10.0804036187537,9.206572137684937,0.6493671466136256,49.382227295646516,-6572.233404243748
10.289607710370854,9.18304636081405,0.6440512050397945,49.54699730298243,-6571.7583485954565
10.289607710370854,9.18304636081405,0.6440512050397945,49.54699730298243,-6571.7583485954565
10.289607710370854,9.18304636081405,0.6440512050397945,49.54699730298243,-6571.7583485954565
10.434782664246622,8.84978554556299,0.6463706710113349,49.38981308069705,-6572.252129952081
10.36955795691981,9.001804595365472,0.6392080821843412,49.55501397313178,-6571.801991811292
10.488471322948412,9.008149954144052,0.6297187593760231,49.88603586165201,-6571.1978575308385
10.065818091841633,8.904702384755936,0.6104143201545229,50.04206141044732,-6571.5511352487065
10.063944277578527,9.016953238856804,0.6183720844595304,49.990098082494455,-6571.375937628624
9.914250293851037,9.085186829705714,0.6146709853541977,50.22383719218116,-6571.430634792881
9.92720011970248,8.903859617208418,0.6294079469547768,49.85157529283209,-6571.775329684193
9.75118976019098,8.993391431192467,0.6467647521565114,49.575048505837515,-6572.410441746914
9.75118976019098,8.993391431192467,0.6467647521565114,49.575048505837515,-6572.410441746914
9.69178679035855,9.13908739278143,0.6384678451526814,49.586854409476636,-6572.520424603132
9.641684040888633,9.21806935950897,0.624921198671337,49.62642242730535,-6572.7464563219455
9.850886280308126,9.456647395964255,0.6130414463665653,49.49856416565817,-6572.5481904270455
9.662264859379805,9.749126216288513,0.6180728457871132,49.66987234761654,-6572.138862982874
9.764411371406574,9.918862111721886,0.6235072584757564,49.582461595180845,-6572.0132985130895
9.663344683661734,9.719192195791708,0.6411370153398805,49.46397262075316,-6572.341379863146
9.663344683661734,9.719192195791708,0.6411370153398805,49.46397262075316,-6572.341379863146
9.717538657144155,9.496735812705303,0.637239700810611,49.41142098877823,-6572.620724712293
10.106986525899096,9.321509725878933,0.6434001073984433,49.52317694733087,-6571.830332223597
10.237082248890555,8.901998021267866,0.6547095236761576,49.49875341210123,-6571.834284877001
10.278598807093058,8.895002320447986,0.6594743568118892,49.48139088044398,-6571.82912163369
10.278598807093058,8.895002320447986,0.6594743568118892,49.48139088044398,-6571.82912163369
10.483152939608503,8.921824396451449,0.6631846677036674,49.70983979443635,-6571.299200553937
10.599188521346429,8.873528514208394,0.6678058943557528,49.74318717523324,-6571.323461480342
10.63349250191514,8.925796458070838,0.6675813977614403,49.536453553556555,-6571.897537541636
10.740563607561706,8.712721250721138,0.6696624022668765,49.74748868755845,-6571.4455921824765
10.611473538145884,8.574827096481282,0.6727505178067699,49.73287319754727,-6571.241550437346
10.611473538145884,8.574827096481282,0.6727505178067699,49.73287319754727,-6571.241550437346
10.792865605865897,8.083831862391094,0.6885124275100111,49.594099940631075,-6571.604136876133
10.669502556933585,8.053439013014208,0.681130882402976,49.40187005187312,-6572.113902210144
10.669502556933585,8.053439013014208,0.681130882402976,49.40187005187312,-6572.113902210144
10.889416612433314,8.032751389011452,0.6756977028221623,49.41745078213663,-6572.270102789548
11.007602377134802,8.004337936541013,0.669142566264847,49.417553397352066,-6572.457572385072
10.823924117524456,8.049713641008621,0.6710871362858332,49.419962357738626,-6572.224267668694
10.904485621033057,8.015497338489128,0.6642507829277752,49.56899566025338,-6571.914264776773
11.182680873629891,7.905692665507288,0.6797936488582574,49.58790757699868,-6572.2268191093335
11.233366493129191,8.303010779008213,0.6821690671692774,49.821915194499745,-6572.1578995736945
11.396956704812176,8.526757107227692,0.6834814071351978,49.820077521228704,-6573.032149014213
11.3427836602466,8.162739656651546,0.6784105649137021,49.882459737952,-6572.23319743047
11.09250083380701,7.98526341094677,0.679852533140861,49.59587424246861,-6572.057088973874
11.09250083380701,7.98526341094677,0.679852533140861,49.59587424246861,-6572.057088973874
11.156672148874414,8.161276959703516,0.6742355706979254,49.58033020068681,-6572.349865890623
11.167070468929591,8.012793948815663,0.6724814812355646,49.50851316802686,-6572.477242312699
11.445347244414705,7.9689242428720455,0.6637471860618436,49.47151839178263,-6573.292347933302
11.803181232017309,8.034048190755783,0.6853958199390141,49.49343104474223,-6574.775343899382
11.919161597920104,7.96127465736785,0.6845436898314103,49.56947381543391,-6574.990840578649
12.123943957979225,8.013178862573652,0.6862495291982996,49.487640089636464,-6576.385128977863
11.92177883721962,7.633829621901222,0.6848150836056007,49.83608776558229,-6573.88891389313
11.752173060305193,7.405444744397516,0.6889696032844642,49.91015124316344,-6572.81400757673
11.702019409254168,7.566645300955546,0.6742715769996942,50.24210502707246,-6572.350091869004
11.270990922049268,7.3890620752114575,0.6813173699498973,50.2798535708733,-6571.110832478939
11.2153599856004,7.287032334977954,0.6761714823162864,50.24910123362059,-6571.068138737683
11.347314672439788,7.600555164994246,0.6791454187091067,50.16881668241232,-6571.422376599643
11.01159974432744,7.712331495141435,0.6898470276153382,50.21406949104282,-6570.797339915496
11.236196247860903,7.488073747929394,0.6736004232660819,50.244809208093635,-6571.1192593133555
11.231760518649017,7.927868490915297,0.6617681401012017,50.08931780919107,-6571.439214995688
11.231760518649017,7.927868490915297,0.6617681401012017,50.08931780919107,-6571.439214995688
11.231760518649017,7.927868490915297,0.6617681401012017,50.08931780919107,-6571.439214995688
11.102171248394914,7.808381809477354,0.655096827332742,50.363999746776734,-6570.991366454855
10.827691421526707,7.634290358761834,0.6565544717161356,50.607579307531076,-6570.878552954825
11.211490098806825,7.4733637231891095,0.6699765617336733,50.62795651080993,-6571.050695745542
10.819016622178081,7.494196112223993,0.6698644149684222,50.673164081959804,-6570.870449025408
10.93018130303641,7.512822361038136,0.660104550079824,50.677043758874134,-6570.94053108898
10.825408014931973,7.353191294973449,0.6708774657151259,50.68555423150586,-6570.969103917832
10.834418223556122,7.572852754098398,0.6617547044139492,50.68413164542086,-6570.905415488253
11.076362404571308,7.5197259584333676,0.6834020650964581,50.69148026992756,-6570.8746808792985
11.076362404571308,7.5197259584333676,0.6834020650964581,50.69148026992756,-6570.8746808792985
11.193507123924894,7.4776641893831295,0.6863223020275069,50.762093128648246,-6571.064015900212
11.193507123924894,7.4776641893831295,0.6863223020275069,50.762093128648246,-6571.064015900212
11.201186872450744,7.544545988113888,0.6918234209980219,50.64294313028723,-6571.001296035343
11.063406380168658,7.499771813991932,0.6859517480898707,50.62175014595299,-6570.810832716009
10.856347836715571,7.294587598947167,0.6660551939194397,50.152999304067016,-6571.111875284039
10.96203934794255,7.076218921560307,0.6744384214582722,49.876273460588834,-6571.5339909978775
10.96203934794255,7.076218921560307,0.6744384214582722,49.876273460588834,-6571.5339909978775
11.27899030326904,6.85080040165161,0.6793797090030601,50.042036877839095,-6571.429475642676
11.27899030326904,6.85080040165161,0.6793797090030601,50.042036877839095,-6571.429475642676
11.379020077188908,6.800291226180488,0.698396633493956,49.970488530477866,-6571.521849059833
11.242076037838968,6.406957492691429,0.6963167431340652,49.99183787769816,-6571.645397095361
11.242076037838968,6.406957492691429,0.6963167431340652,49.99183787769816,-6571.645397095361
11.184060228686203,6.73046243569714,0.7073759874010431,50.1884807175729,-6571.074233019193
11.255606341358439,6.919712651074408,0.706123007561924,50.35828097249372,-6570.969792473075
11.034692662943778,6.852141594948005,0.699568676762514,50.42681448560783,-6570.923195230216
11.13128310680075,6.626239737495669,0.6897442226208423,50.523218147522094,-6571.189885236141
11.258600182576318,6.914995143621281,0.6899834671463995,50.40567531272447,-6571.040296362426
11.49921642633275,6.6194960476725235,0.6936968427785382,50.2884181340741,-6571.401812649631
11.480708840347246,6.8934496600883355,0.6803171910058231,50.401888728512525,-6571.358267399666
11.333727496665759,6.660306110705073,0.6755489962735187,50.26981594878314,-6571.374605539389
11.333727496665759,6.660306110705073,0.6755489962735187,50.26981594878314,-6571.374605539389
11.333727496665759,6.660306110705073,0.6755489962735187,50.26981594878314,-6571.374605539389
11.051868101643578,6.36571853600364,0.6999352936498181,49.98990260184052,-6571.761729065703
11.051868101643578,6.36571853600364,0.6999352936498181,49.98990260184052,-6571.761729065703
11.031151202689662,6.353488224373009,0.7181005142677652,50.22458651755804,-6571.322629592307
11.031151202689662,6.353488224373009,0.7181005142677652,50.22458651755804,-6571.322629592307
11.189372637593785,6.016864029448419,0.7238511062505207,50.22188064600217,-6571.565838506829
11.264278372585753,5.704236905024215,0.7233696239053847,50.11002605116904,-6572.06402393861
11.15583955092687,5.689133607813317,0.717953771756924,50.02727239241847,-6572.426797352037
11.235945595778745,5.476847072046196,0.7173384610888398,49.86072585632512,-6572.997327989671
11.283790630315263,5.515825505975719,0.7391126638852944,49.8547340421724,-6572.537574971821
11.054445436670967,5.381601013664523,0.7365551682145348,50.20861519202279,-6572.8230575328125
11.054445436670967,5.381601013664523,0.7365551682145348,50.20861519202279,-6572.8230575328125
10.957901811570503,5.524121840673807,0.7449246210383604,50.099054781347526,-6572.69816949643
11.0775884146394,5.686302880885945,0.7607194895177282,49.84395864023192,-6572.278886021504
11.119348027525614,5.490162138079704,0.7462485058682354,50.01272029827558,-6572.486637086526
11.119348027525614,5.490162138079704,0.7462485058682354,50.01272029827558,-6572.486637086526
10.956082157743944,5.742286510111657,0.7411892246415324,49.955858210463916,-6572.462495621916
10.764468915407887,5.62788436642953,0.7504398111918376,49.89450170112128,-6573.2204496606555
10.775063161775549,5.499664194163869,0.750063959398282,50.13010819209423,-6573.218430803408
10.76931118193526,5.553286749815177,0.7488563651544755,50.41683594799503,-6572.9626420236345
10.930008185108843,5.652292454490967,0.7434596025808162,50.125201105666314,-6572.4689415133125
10.789741848152973,5.598806321332583,0.744940869575391,49.902812122341906,-6573.300943597322
10.686419960887692,5.734375356989431,0.7503788028117131,50.25075665527408,-6572.792954665575
10.50425680954948,5.924726893470617,0.7511962245072734,50.20870155591426,-6572.9771614613155
10.846792314874078,6.341936004614621,0.7539032322450145,50.13315098771309,-6571.246805362487
10.830513522354385,6.218816705736877,0.756515715341642,50.15838646556104,-6571.398633062929
10.6827537864733,6.397349982717396,0.7418722777508377,50.17629807262271,-6571.528891073418
10.85684653834125,6.143337587638063,0.7410439480256457,50.25505742010014,-6571.583050774694
10.576115690796334,6.4116567203022825,0.7757982406394998,50.19882615365913,-6571.331903502399
10.576115690796334,6.4116567203022825,0.7757982406394998,50.19882615365913,-6571.331903502399
10.858269647101771,6.30248317019573,0.7756005182092531,50.153025735551665,-6571.0967683334675
10.98169352029219,6.723445870232929,0.753789280306313,50.195441188922636,-6570.769013038211
11.064260229272527,6.921738470477672,0.7487394552437168,50.18192880487582,-6570.763570200974
10.972476488913351,6.645761384859987,0.7271579769219334,50.394135715549346,-6570.891016474581
11.018109378745224,6.547184493482862,0.7455784914094248,50.414123949713506,-6570.837566308526
10.864523895939271,6.3308903709715425,0.7603883180348404,50.68742783405961,-6571.158985478054
10.722725036011234,6.55121196055759,0.7617971456413744,50.557796037677534,-6570.966299110146
10.722725036011234,6.55121196055759,0.7617971456413744,50.557796037677534,-6570.966299110146
10.610591989172937,6.302537855522343,0.7487004583104174,50.58991929078135,-6571.740120808345
10.73883491679754,6.294488072364716,0.7368629890681807,50.556907457735974,-6571.585333600571
11.177236419664759,5.9825325346697635,0.7375126141924688,50.677093795326975,-6571.476866241721
11.37793212241812,6.345138198600418,0.7556551568328738,50.617377155416364,-6571.129906986209
11.217044151769946,6.332244237518099,0.7675899478076194,50.363528612159975,-6570.945028433399
11.325818246058738,6.437507971388922,0.7591838893607583,50.16112768139004,-6571.133370259018
11.134293171787219,6.619080629296948,0.7568486940778862,50.00341595517928,-6571.073639274584
11.083303675573363,6.745671041185701,0.7449457725664705,50.251122590052574,-6570.791516600446
11.047678010295645,7.168491573195199,0.7381161761410349,50.99828989846628,-6571.103830543928
11.286385154519689,6.8390538805666665,0.7391286766880896,50.92848070858592,-6571.269259317836
10.976875924754633,6.687237252593671,0.749419924610634,50.86562438277125,-6571.009515721051
10.595036861130433,6.4039605399578425,0.7371189159140301,50.73303406997039,-6571.855458048454
10.785783856194415,6.475454237137341,0.7340412168459206,50.59385576752356,-6571.252290620694
10.69602576608132,6.269204238708117,0.7368122954123636,50.4306112752725,-6571.705190320257
10.69602576608132,6.269204238708117,0.7368122954123636,50.4306112752725,-6571.705190320257
10.597010292511541,6.180175625894103,0.7486986175582199,50.574487292191826,-6572.024941200485
10.36092118223658,6.407248593750454,0.7503786805966677,50.36597955429333,-6572.225881967832
10.636666565213933,6.201797595894814,0.7533774531968074,50.187831677612635,-6571.845489971641
10.73355910712264,6.237832603234192,0.756885458210166,49.99710233819312,-6571.711111490126
10.854336973379812,6.314849575727284,0.771664493639477,50.21135654332488,-6571.068818874062
10.997840021685969,6.503102382627953,0.7650264893933989,50.156218139175934,-6570.8961030575865
10.979804516543988,6.77496306779029,0.7795455419013294,50.27234034547402,-6570.64986960587
10.859887322494961,6.727310889470832,0.7743678314857928,50.45503787297457,-6570.614677901231
10.859887322494961,6.727310889470832,0.7743678314857928,50.45503787297457,-6570.614677901231
10.859887322494961,6.727310889470832,0.7743678314857928,50.45503787297457,-6570.614677901231
11.011608188577657,6.614943753277196,0.7986406598434604,50.26779784638044,-6570.722502454939
10.812868621239048,6.881544554591059,0.812078920635507,50.26173156161923,-6570.551650444291
10.812868621239048,6.881544554591059,0.812078920635507,50.26173156161923,-6570.551650444291
10.431836298599443,6.988134417778905,0.8107535928914281,49.88294079993006,-6570.954560010912
10.298025278478478,6.940824335539833,0.7952580602643051,49.78652639703251,-6571.461812624124
10.760060195685309,6.977476555407042,0.798265287894851,49.55185027960774,-6571.563624480824
10.760060195685309,6.977476555407042,0.798265287894851,49.55185027960774,-6571.563624480824
10.760068340083576,6.996842825800858,0.7885533724442292,49.83419935682749,-6570.951763860964
10.760068340083576,6.996842825800858,0.7885533724442292,49.83419935682749,-6570.951763860964
10.760068340083576,6.996842825800858,0.7885533724442292,49.83419935682749,-6570.951763860964
10.82940122739526,6.966768837247064,0.7819693231629348,49.76553262064493,-6571.1209550041995
10.722144271279726,7.038459492655859,0.7839129782966445,49.858091331286126,-6570.893583412553
10.696637224453857,6.647438253057974,0.7940222864476462,50.27677128890911,-6570.702772894965
10.593807845749835,6.6392054742110655,0.789392307585882,50.35016853026907,-6570.816371297683
11.043738113690189,6.924545527435427,0.7962048946516402,50.417253541412116,-6570.698459441011
11.16837224286599,6.820291496518668,0.7924926894565494,50.27919022715624,-6570.8881415114265
11.360329343420283,6.690696896727352,0.7837903049547384,50.199715464635645,-6571.226366559035
11.049618899129475,7.087131572854339,0.772051640881128,50.4786988836553,-6570.664333785905
11.049618899129475,7.087131572854339,0.772051640881128,50.4786988836553,-6570.664333785905
10.772207347441496,6.8408754637672615,0.7835352825116695,50.366616507070674,-6570.534851742419
11.065286105681254,6.694426639187465,0.7739995531958817,50.30601883639324,-6570.719992312997
11.028365421389486,6.635205022456592,0.7882606719978822,50.36206446613294,-6570.69272872933
11.014297775675328,7.0486738102539945,0.8095776846139118,50.464050761769386,-6570.745389398771
11.087492799452848,6.965486902995106,0.8234412958274825,50.38057940469026,-6570.927551795468
11.281694983263602,6.6207489515477125,0.8235036334871084,50.328827889640976,-6571.185917419323
11.355652422007658,6.7430648286649255,0.8189508419271968,49.995277086844226,-6571.65055687214
11.349371825480944,6.6305548563633225,0.8025651669470699,50.26705556576799,-6571.231933229039
11.240224814840925,6.403372911295855,0.8214906305303309,50.41562568742109,-6571.028236531012
11.240224814840925,6.403372911295855,0.8214906305303309,50.41562568742109,-6571.028236531012
11.251554186178495,6.54276316936989,0.8272045626967609,50.60571537257989,-6571.155346302155
11.098995430874785,6.566138340181098,0.8384464437201217,50.87907818255311,-6571.241992530045
11.257907926035445,6.29053998403085,0.8391719453279148,50.65786226739049,-6571.216667675184
11.098664434856431,6.286792340155784,0.8172442766716205,50.562730967057384,-6570.902714092809
11.11833113629726,6.487125805340695,0.8084775634378651,50.547019238776386,-6570.846248073945
10.84283771605431,6.592539142847482,0.8058246775550906,50.50816911402402,-6570.65544652336
10.85712839469266,6.549264457192279,0.8090589864555027,50.54442390196086,-6570.69147141964
10.846556687668222,6.581842563185879,0.812161585366812,50.52027859204017,-6570.663841622272
11.149779998010395,7.064288999714097,0.8256845399767199,50.36099322520482,-6571.140328662523
11.304104133019878,6.867801910372868,0.8251191391183443,50.418022669429924,-6571.382799648597
11.304104133019878,6.867801910372868,0.8251191391183443,50.418022669429924,-6571.382799648597
11.248859090799552,6.643734907001925,0.8214388521022308,50.3540842856257,-6571.107041189633
11.248859090799552,6.643734907001925,0.8214388521022308,50.3540842856257,-6571.107041189633
11.478883988313006,6.441530839479408,0.8107020328843857,50.10524205128246,-6571.616823347556
11.645606032161602,6.428584726280589,0.7995871842467832,50.09393397471364,-6571.997191850024
11.645606032161602,6.428584726280589,0.7995871842467832,50.09393397471364,-6571.997191850024
11.54713894855026,6.699721007980903,0.8142880269118012,50.2414459958372,-6571.911344328668
11.509800639792232,6.619560124950137,0.8078332969260668,49.98901267097027,-6571.915012354978
11.285749559278347,6.898564085283119,0.8041824550843176,50.37671168998428,-6571.195106906936
11.093170036912474,6.551495684170645,0.8103899658549738,50.29019091822644,-6570.819088954622
10.893432985262535,6.684785524363885,0.8050451665678348,50.31409692607808,-6570.621223142725
10.405062339787447,6.577472429952198,0.8110310406920193,50.44970995516442,-6571.093124369753
10.756385002922114,6.521905521260001,0.8072948910163963,50.14088175606453,-6570.816868386241
10.756385002922114,6.521905521260001,0.8072948910163963,50.14088175606453,-6570.816868386241
10.756385002922114,6.521905521260001,0.8072948910163963,50.14088175606453,-6570.816868386241
10.53248169496735,6.409445825324451,0.814368643519041,50.19073674352955,-6571.127669713733
10.402613364133813,6.341553279397281,0.808627958351852,50.34730015252902,-6571.506141352191
10.62375629679143,6.227143660020502,0.816700276989987,50.4128064782031,-6571.151879254676
10.838655960982438,6.07346024246544,0.807540143617472,50.65398957342775,-6571.198125685775
10.895596082211506,6.077830624311535,0.8012815334006599,50.328633900034646,-6571.0853239863845
10.988306156443489,5.987499830923633,0.8080816357065672,50.243094432010345,-6571.126321965728
10.736229443383204,5.5804721014132745,0.8176072358968939,50.409156102660354,-6572.04685043182
10.66425614885222,5.806348446929059,0.814163244198121,50.42601491847821,-6571.801217228722
11.197141863096661,6.129599047384065,0.8274203405609781,50.43060326281353,-6571.020685807811
11.01508920898735,6.3235617351565425,0.8340877556137619,50.77476923218794,-6571.039314299767
11.101306147374785,6.487776371497361,0.8242078240022394,50.79621348861799,-6571.067178942707
11.054093368380665,6.62169047797093,0.8294722368651303,50.613724939753794,-6570.878101329942
11.077696580831205,6.705053202520903,0.8254761347636286,50.67437859355427,-6570.940248786623
10.765289203921432,6.705353155892303,0.8236311364230836,50.83018766716912,-6570.867874858193
10.82562407914211,6.844880663169907,0.8206185206913086,50.87252970607235,-6570.890803106822
10.82562407914211,6.844880663169907,0.8206185206913086,50.87252970607235,-6570.890803106822
10.82562407914211,6.844880663169907,0.8206185206913086,50.87252970607235,-6570.890803106822
10.969670545548905,6.65605031442156,0.8274080024955451,51.02500448243882,-6571.283698896741
10.836344261061813,6.621708477429732,0.8357009611312401,50.95914379324614,-6571.130123958673
10.836344261061813,6.621708477429732,0.8357009611312401,50.95914379324614,-6571.130123958673
10.836344261061813,6.621708477429732,0.8357009611312401,50.95914379324614,-6571.130123958673
10.996750985984054,6.560610237331194,0.8428476625890025,50.920278983145,-6571.206530186801
10.854393249324145,6.581092402165254,0.8317959065356985,50.70093463302151,-6570.802792611754
10.854393249324145,6.581092402165254,0.8317959065356985,50.70093463302151,-6570.802792611754
11.018378109260107,6.648837564093619,0.82607590675108,50.5646373427632,-6570.7956079324085
10.796183614135966,6.6720396215299,0.8270334918076662,50.56080103587638,-6570.646064094626
10.796183614135966,6.6720396215299,0.8270334918076662,50.56080103587638,-6570.646064094626
10.65112310773554,7.113252065061578,0.8320938449935478,50.516719279112195,-6570.477204729888
10.69719135396848,7.535557943728224,0.8322435686095783,50.93318166217464,-6571.008308780818
10.873528160629778,7.593048913744469,0.8366178544779342,51.00141726685826,-6571.508724056962
10.873528160629778,7.593048913744469,0.8366178544779342,51.00141726685826,-6571.508724056962
10.873528160629778,7.593048913744469,0.8366178544779342,51.00141726685826,-6571.508724056962
10.989023175399346,7.398281135167548,0.8387971309591884,50.48753481341071,-6571.126528252482
10.964116146096888,7.422800285299756,0.8405847725183525,50.602796881021895,-6571.151750034012
10.917048666554544,7.489172107231793,0.8407942280215281,50.419432385347214,-6571.035933306832
10.991362381012943,7.6057319678250055,0.8358811388882231,50.590023389465614,-6571.335988465854
10.830685953705075,7.8269806629447665,0.8514786026432812,50.45199637789165,-6571.255360955976
10.726116070375452,8.233381471221168,0.8606263074751008,50.48358395944937,-6571.5678657016315
10.726116070375452,8.233381471221168,0.8606263074751008,50.48358395944937,-6571.5678657016315
10.726116070375452,8.233381471221168,0.8606263074751008,50.48358395944937,-6571.5678657016315
10.905642843727213,8.165230597611297,0.8683013531988863,50.39286182675822,-6572.169997956894
10.905642843727213,8.165230597611297,0.8683013531988863,50.39286182675822,-6572.169997956894
11.04482982696372,8.283654212809216,0.8593339736020082,50.57232656072094,-6572.822096485234
10.945983396531226,8.210891593610388,0.8628690801017541,50.447839299133555,-6572.31553658108
10.818899547171371,8.398358490542051,0.8740186815297744,50.496871749777064,-6572.336870146448
10.741055336187738,8.248246818024299,0.894744958609779,50.421356236430704,-6572.130705363708
10.741055336187738,8.248246818024299,0.894744958609779,50.421356236430704,-6572.130705363708
10.763415727961696,8.364468768956447,0.887404504933507,50.75029165724095,-6572.471778556277
10.705371914565601,8.364774315600085,0.8857605601700047,51.00814169760889,-6572.613222526563
10.841942286993234,8.299246247411137,0.8834758062251898,51.08520926175355,-6573.085225040085
10.850447144134753,7.864164802475506,0.9031374419747212,51.214022653853924,-6573.052735919986
10.741992331134908,7.739627030023501,0.903686155699094,51.30483578923548,-6572.828536269171
10.422300880082766,7.915648433770321,0.9214910415077655,51.17345692756143,-6572.23107310411
10.187248346188584,7.660877573020491,0.9358002039833994,51.18312521812778,-6572.021270055067
10.456881019209144,7.42056894856746,0.9357202091130205,51.139814553036395,-6572.042856678248
10.443758701169847,7.2272879470098115,0.9302048592153098,51.10757895587144,-6571.82433191248
10.53268380104128,7.395248588479013,0.9344058947557425,51.16049784694109,-6572.162328686753
10.617759572551256,7.452873740452263,0.9274545686353955,50.918439728728416,-6571.774476013234
10.518009565060005,7.3264568002443395,0.9341194045721425,51.086453793491465,-6571.932999269344
10.374659145073803,7.485547831482718,0.9207415000762875,50.99026341404173,-6571.504603484473
10.446536994556137,7.768254731158969,0.9167272939055588,50.809596138433754,-6571.410633816467
10.552390074315861,7.461326293434221,0.9096450814718909,50.79006280185783,-6571.267843238397
10.698002689348261,7.483525949383194,0.9143547238863273,50.7207651267682,-6571.533256665412
10.574708884246979,7.419519710010689,0.922351419586364,50.84613609630772,-6571.499540810712
10.156532332997308,7.5383685230418624,0.923075094772711,51.00274704952643,-6571.468065554001
10.174046164517181,7.490640638170747,0.917389279229979,51.05635843204976,-6571.535806964621
10.258037888662797,7.484815319260538,0.9211082395059464,51.11214506926005,-6571.699725387082
10.284057763637339,7.650767418141308,0.9044890681019961,51.089990188778195,-6571.542638392699
10.163940864755503,7.490965134755627,0.9226702760417268,51.09864752570317,-6571.673429971608
10.163940864755503,7.490965134755627,0.9226702760417268,51.09864752570317,-6571.673429971608
10.214681691861106,7.2979577443413675,0.9278920141408171,51.208260888052976,-6571.994522265148
10.076919221775777,7.358872899546956,0.9108612371959461,51.23525573781478,-6572.023346643884
10.076919221775777,7.358872899546956,0.9108612371959461,51.23525573781478,-6572.023346643884
10.372509042582553,7.564966754304066,0.9055445934388032,51.41434565279776,-6572.45890861674
10.278302873809633,7.610326019869079,0.9070327526957788,51.4254252801671,-6572.473365124853
10.529610317238783,7.66620930962802,0.901990519254796,51.38413931381095,-6572.543712829944
10.746195490757508,7.5384243031901335,0.891679067224444,51.13692898067958,-6572.071620159006
10.620053283987307,7.343188901562373,0.9083164133912873,51.27049512495415,-6572.230477858331
10.470421431666376,7.025377245561481,0.8999314003227332,50.99375797263466,-6571.331067188536
10.336225483128528,7.160100576585228,0.890571607099912,50.88880646348285,-6571.066161293138
10.283946443958024,7.078039293520619,0.8844986682859051,50.40298488078277,-6570.660677631981
10.516130783185163,7.193131640719345,0.8677869118866973,50.56546292621058,-6570.595444387774
10.638935444599587,7.536243731467256,0.8661975045544789,50.205848495023496,-6570.787200412584
10.717164353242708,7.160846199916635,0.8726517146192695,49.93317557630628,-6571.0444061577155
10.988397348544725,7.520973676920386,0.8724318813326766,49.82554331636295,-6572.0759438272635
10.49303870322101,7.274800870488177,0.8787187137182625,49.57967696317304,-6571.520312319281
10.708898496064458,7.327830021342102,0.8791412484159946,49.67295451331611,-6571.5916144598505
10.708898496064458,7.327830021342102,0.8791412484159946,49.67295451331611,-6571.5916144598505
10.708898496064458,7.327830021342102,0.8791412484159946,49.67295451331611,-6571.5916144598505
10.47000857198166,6.935436868347402,0.8846627077270233,49.84044608834633,-6571.077239328066
10.390915612175524,6.800328708558924,0.873975143477301,49.84286102501872,-6571.150870060025
10.5244802356639,7.0389578172941905,0.8569995563348758,49.87851010049043,-6570.8898736657075
10.316823566399336,7.239333303525368,0.8594622821601751,50.19028308060751,-6570.533880690315
10.637092307811564,7.302201446768822,0.8513722050324725,50.177339221769365,-6570.602756960379
10.611120676810565,7.1632166331545095,0.8728338690509586,50.231188957849895,-6570.66288737902
10.619834801574765,7.071537605199115,0.8855254190846384,50.50595478323232,-6570.745561413907
10.859638841884719,6.876559496725777,0.8740357923888846,50.285631235921116,-6570.890130493473
10.759067395407456,7.051956815167454,0.8826478563244359,50.30892692336523,-6570.862771524149
10.803996482846777,6.944875507887836,0.8744352920091808,49.97214408211443,-6571.068845271597
10.717282039766927,6.862948128037633,0.8762076135848844,49.70240672367426,-6571.409727942684
10.612410593998023,6.90567979713473,0.8618785336258983,49.60312202249664,-6571.495965165075
10.592393340505845,6.6219206675307785,0.8823378396628894,49.56196792811057,-6571.76974333722
10.592393340505845,6.6219206675307785,0.8823378396628894,49.56196792811057,-6571.76974333722
10.742441423773759,6.9793344278883644,0.8630233266710284,49.541126354097216,-6571.730776290988
10.742441423773759,6.9793344278883644,0.8630233266710284,49.541126354097216,-6571.730776290988
10.742441423773759,6.9793344278883644,0.8630233266710284,49.541126354097216,-6571.730776290988
10.709491148338941,6.8607671907195416,0.857549547346525,49.805235260674586,-6571.121244319471
10.709491148338941,6.8607671907195416,0.857549547346525,49.805235260674586,-6571.121244319471
10.507268628668513,6.33391483722112,0.8753836203602595,49.801249624402956,-6571.541445269393
10.765620895120138,6.536550345326132,0.8871262080626275,49.624126416244714,-6571.713359426926
10.616199062097097,6.654920198099022,0.8713926725943321,49.7795837864074,-6571.252687061627
10.77817292204298,6.714105231545313,0.8648115041637371,49.76189289953056,-6571.29867436106
10.954426065313058,6.747889836963754,0.869575609353492,49.794427218087236,-6571.474260346033
11.113782862000457,6.753180495728386,0.8739021255129805,49.84998252886582,-6571.730803400651
10.852480494398506,6.684444677636737,0.8590654596307049,49.69338820177715,-6571.474047993681
10.75001277832507,6.752344916418452,0.8803074535397408,49.79418421904015,-6571.291530797599
10.652161824725058,6.940942666376289,0.867820233080537,50.212236190098885,-6570.666808583566
11.037656021102059,7.298159562783478,0.8612173228521857,50.58012167855158,-6571.440043932557
11.037656021102059,7.298159562783478,0.8612173228521857,50.58012167855158,-6571.440043932557
10.752709094653943,7.413849476610053,0.850129672779162,50.4630783232863,-6570.740464188172
10.793648787706962,7.376124979306171,0.8512186888444139,50.56687817579389,-6570.839612866751
10.646523287007927,7.13162506587714,0.8552396359364612,50.2006674789881,-6570.599532528494
10.456929809189488,7.13552553590891,0.8665095023202289,49.89595924773831,-6570.861010437233
10.540659318356994,6.9796415894130375,0.853871184593165,49.9586187900222,-6570.790362440976
10.65772002722785,6.986259018641655,0.8517216740022225,50.04050413649846,-6570.722449795863
10.628606231966408,7.101109896663328,0.8485199253260236,50.091838368105435,-6570.631626429084
10.550466673762818,7.285123462786686,0.8428072548946471,50.24256651068466,-6570.455828929552
10.810870424549316,7.150362212021193,0.8274944673323427,50.383577823716074,-6570.570356537737
10.70761043171766,6.836593099582751,0.8170642448814491,50.71227677443948,-6570.667901484447
10.926722457792973,7.201355424826028,0.821885416893971,50.95870762542183,-6571.174734000913
10.926722457792973,7.201355424826028,0.821885416893971,50.95870762542183,-6571.174734000913
11.24765443108577,7.092440505420257,0.8267856331202682,50.87778511125862,-6571.722197380879
11.394888534753633,7.3981091934916385,0.8286055293441229,50.97052670137172,-6572.699757788841
11.414439200844257,7.375687831097917,0.8363986007209541,50.90521485968956,-6572.7592028302815
11.603256448325725,7.323071129854247,0.8384902745428122,50.77314549024438,-6573.349195029744
11.551738363077703,7.312439742736221,0.8298009468982519,50.888384656731866,-6573.09816891517
11.613011294955477,7.122617816273924,0.8295377181640016,50.35157450676621,-6572.797004208566
11.613011294955477,7.122617816273924,0.8295377181640016,50.35157450676621,-6572.797004208566
11.645266387394075,7.253809591093579,0.8385438884806732,50.38847024765464,-6573.275608601776
11.645266387394075,7.253809591093579,0.8385438884806732,50.38847024765464,-6573.275608601776
11.574028317988054,7.288809414791315,0.8311504496996648,50.55926607398329,-6572.919409788618
11.368488937215526,7.3090655478880295,0.8256945167501374,50.329458139052996,-6572.051680726492
11.444334984902413,7.1307102214067255,0.817303543931663,50.208805435220114,-6572.061702117548
11.34811646319055,7.292675141080251,0.8160408762783965,49.87436339522967,-6572.266358260933
11.25287508934335,7.304964615617979,0.8228645744709722,50.06496018653777,-6571.789415614008
10.817199363359729,7.449757092289062,0.8193650437764818,50.196677839408025,-6570.690837069433
10.930440473817436,7.6433487055650575,0.8189121662126904,50.37910953358777,-6570.992263433032
10.814070609277714,7.411025335310553,0.8126338214013956,50.283869325122204,-6570.588446000169
10.663113828485058,7.579836066045251,0.810784395833944,49.89632560920927,-6570.779045329201
10.561131063599325,7.505324525989766,0.8308933036537385,49.8964868804636,-6570.744940185215
10.561131063599325,7.505324525989766,0.8308933036537385,49.8964868804636,-6570.744940185215
10.437702999251535,7.411611610701903,0.8462600790683247,49.79720185013585,-6570.889692055117
10.416836599742613,7.480343747766767,0.848823672254877,49.883578429813504,-6570.746929794388
10.163870470865572,7.612236405479631,0.8460059185198352,49.83484446183918,-6570.804828999849
10.221371194901321,7.47201209655734,0.8357948693403006,49.81110612583957,-6570.867060507073
10.22242227577372,7.3604842899234075,0.8382101089906436,49.716115428167306,-6571.112165524111
10.44204729948324,7.675157235383376,0.8411234176122957,49.571688082955205,-6571.342749531678
10.53473952817594,7.690845924820456,0.8263015955581148,49.80546525839443,-6570.878024795389
10.4272157872617,8.066702210639388,0.8227713834775381,49.89989776099658,-6570.718051679467
10.399931414236807,8.061940802527578,0.8138364778475307,49.808055182225715,-6570.783930829042
10.285530543169584,8.307480733990428,0.8171825386020047,49.645718902156844,-6571.088877246948
10.285530543169584,8.307480733990428,0.8171825386020047,49.645718902156844,-6571.088877246948
10.253066015342075,8.452616213754503,0.8250058020435261,49.72346588706485,-6571.003959538504
10.299669229340699,8.684415391583082,0.8202272841642296,49.883852761367834,-6570.925926912176
10.299669229340699,8.684415391583082,0.8202272841642296,49.883852761367834,-6570.925926912176
10.330639661559031,8.773437752380781,0.826067809395161,50.24255596428266,-6570.796630068613
10.228659357110478,8.595104763012571,0.8158156738617172,50.17030337484693,-6570.439314627496
10.218399660590983,8.55609534152729,0.8252803862304283,50.109747328571345,-6570.508073743829
10.218399660590983,8.55609534152729,0.8252803862304283,50.109747328571345,-6570.508073743829
10.383215581444647,8.44981103603366,0.823302523817281,49.98244993267562,-6570.780832383353
10.383215581444647,8.44981103603366,0.823302523817281,49.98244993267562,-6570.780832383353
10.362728468997341,8.570132506102443,0.8211377359230486,50.236772190930026,-6570.627813436073
10.362728468997341,8.570132506102443,0.8211377359230486,50.236772190930026,-6570.627813436073
10.38044721538986,8.447892179142013,0.8209810444584855,50.230784004734744,-6570.562572285824
10.475836197050697,8.200267399344265,0.8341575325925805,50.3597648206247,-6570.619313738922
10.43729947506938,8.221346119626048,0.8316442755286296,50.09452922618166,-6570.662041058173
10.324354596008812,8.305466668492741,0.8230088528307259,50.26889495672713,-6570.395111254442
10.324354596008812,8.305466668492741,0.8230088528307259,50.26889495672713,-6570.395111254442
10.324354596008812,8.305466668492741,0.8230088528307259,50.26889495672713,-6570.395111254442
10.12289568983997,8.22636684325388,0.8253907667223473,50.649109680166404,-6570.369898623974
10.406584692575644,8.07351943170345,0.8315414950141976,50.62619845818697,-6570.517497754179
10.674933732869334,8.153416049533588,0.8222333473794313,50.82961271444191,-6571.158866095764
10.72019953924368,8.471677413723423,0.8227872844840645,50.685981068004345,-6571.491371756827
10.663213861598793,8.521153638802296,0.8173081060091024,50.77686734955315,-6571.4165033354875
10.589134559739684,8.682789573490647,0.8009398703699474,50.90448527713298,-6571.403375588185
10.551476735671887,8.795429507019257,0.8001832076581121,51.00697825528925,-6571.603291531313
10.356170292558787,8.7387188282126,0.8007993887511462,51.1950832646336,-6571.5576254020025
10.535428761465365,8.747478185544116,0.7743040601768514,51.325807783202215,-6571.989385298844
10.333452506181347,8.354921358779542,0.7684608995530812,51.05062237674956,-6570.842746598
10.152085086641753,8.506219439089032,0.7536899961062685,51.10671981735734,-6570.949423297394
10.312174313589427,8.28777515368752,0.742360733776054,51.185755959961135,-6571.123556689539
10.312174313589427,8.28777515368752,0.742360733776054,51.185755959961135,-6571.123556689539
10.407717090402603,8.115117222358345,0.7477377881062911,50.96372153442004,-6570.6638852288415
10.26904200236005,8.008222604025253,0.7440794246393463,50.97766753333778,-6570.782049333705
10.26904200236005,8.008222604025253,0.7440794246393463,50.97766753333778,-6570.782049333705
9.898264373619986,8.099862906021766,0.7357005383241322,51.0367674950204,-6571.526120207389
9.793086064311034,8.008379420386403,0.7193235852054042,50.94189226070004,-6572.001257092526
9.648507820163637,7.956584963225195,0.7077017888714974,50.6280147487855,-6572.471706336455
9.591873163916892,7.933014057663209,0.710284070270074,50.63195505161475,-6572.757491315291
9.63473491930591,8.062033394673469,0.7103251920420961,50.96562783607576,-6572.748859806639
9.870788644140609,7.729079066245765,0.7055589292283548,50.924616365376956,-6572.422499977397
9.745282047965532,7.746682750453749,0.7103706753354422,50.83153635444401,-6572.691277170646
9.681167145988502,8.373163749873495,0.7110685132346177,50.63795470745924,-6571.493100071519
9.709663820308448,8.51853456302424,0.7051169042162541,50.92660452850541,-6571.662250233552
9.560943513075879,8.682100690388506,0.7175560693178888,50.79695243380202,-6571.5564487752235
9.08468330030995,8.481251154886314,0.7206731345941113,50.788564193172945,-6574.298353956364
9.073514766849017,8.683294450316403,0.724385396842818,50.85417802815468,-6573.873571546975
9.073514766849017,8.683294450316403,0.724385396842818,50.85417802815468,-6573.873571546975
9.077860965151242,8.757286699415104,0.7174107496250094,50.72808134239267,-6573.60364704259
9.142421492243399,8.847480558199596,0.7432912266272242,50.80623391691524,-6572.721269726402
9.142421492243399,8.847480558199596,0.7432912266272242,50.80623391691524,-6572.721269726402
9.126602871647288,9.040062287660382,0.7572506594352088,50.9656762810798,-6572.589980388813
9.126602871647288,9.040062287660382,0.7572506594352088,50.9656762810798,-6572.589980388813
9.126602871647288,9.040062287660382,0.7572506594352088,50.9656762810798,-6572.589980388813
8.981470978113435,9.044097728433565,0.7477174376643965,51.27514817374696,-6574.286533497652
8.981470978113435,9.044097728433565,0.7477174376643965,51.27514817374696,-6574.286533497652
8.981470978113435,9.044097728433565,0.7477174376643965,51.27514817374696,-6574.286533497652
8.937325317033693,9.27934454503021,0.7325564213080477,51.38849884144054,-6574.6955402182375
8.937325317033693,9.27934454503021,0.7325564213080477,51.38849884144054,-6574.6955402182375
8.937325317033693,9.27934454503021,0.7325564213080477,51.38849884144054,-6574.6955402182375
9.264832874691143,9.254099613506279,0.7405242035281644,51.504047909466074,-6573.530354086549
9.29733914828127,9.502296709310315,0.749861198292118,51.51435209013832,-6573.153540397065
9.422163299855423,9.229024003579008,0.7408947835332431,51.34745326817224,-6572.471546243174
9.297538156271335,9.568749664214836,0.7339466085353403,51.2407300133347,-6572.269737258927
9.277237762497228,9.626561377586732,0.732354110622954,51.37121008257308,-6572.7103205353105
9.428504722463469,9.4075799061725,0.7362576244445369,51.16064200621996,-6571.795626481896
9.511728672157636,9.327134791464509,0.7372436047464005,51.408324013789525,-6572.397323977001
9.495913222525854,9.433642023554276,0.727986669073798,51.32629803525294,-6572.151988190861
9.495913222525854,9.433642023554276,0.727986669073798,51.32629803525294,-6572.151988190861
9.717645227341928,9.441678239897504,0.7232469667155493,51.03213138400047,-6571.033613902604
9.59550221702178,9.587370610543312,0.7284721285591477,51.02856588832406,-6571.1311031604055
9.720800064653666,9.437407754934975,0.722644935758906,50.86058656219143,-6570.716336902811
9.6650165004395,9.774519879167038,0.7253175191219045,51.396808998152196,-6572.051789291905
9.650905847345282,9.5345554559032,0.7226935217201501,51.34338720715217,-6571.914133141496
9.650905847345282,9.5345554559032,0.7226935217201501,51.34338720715217,-6571.914133141496
9.715377301851872,9.32997652168931,0.7350522163108625,51.32540598822807,-6571.780334541002
9.687943849599048,9.498779738967245,0.7341159747183749,51.34274322488787,-6571.84435141468
9.986075178474966,9.241739499508382,0.7096044452006396,50.8090633347076,-6570.519341610376
10.024979911900926,9.61248560247222,0.7078478524200782,50.53731950481545,-6570.399244725628
10.091890667262412,9.560396586939143,0.6869677590142174,50.2410405141304,-6570.431704828636
9.823319497961252,9.701701371570428,0.6705550799432346,50.393551284546575,-6570.485492845317
10.089580597766458,9.644391224243183,0.6645225330010609,50.37946389265954,-6570.483204488066
10.073456447851854,9.534620316901668,0.6610269553887239,50.66508902724549,-6570.567212229493
9.987661998040355,9.874615351631642,0.6594177845861673,50.639507201780184,-6570.631965982158
10.062339229089694,9.640227976062361,0.6771173226375629,50.907314774671626,-6570.8234244430405
10.106185110899913,9.487281058655357,0.69977577751305,50.70035422913372,-6570.499873297659
10.092836127210754,9.649123054261398,0.6974905379535828,50.966529376700855,-6570.92951650211
9.927888036267044,9.813617758118882,0.6972809036404651,50.49757343520592,-6570.431019580129
9.873317013344897,9.992043435989007,0.7043453643360089,50.55481625581169,-6570.525951879172
10.038821621409433,9.823435362007318,0.6972430473247795,50.639227758041564,-6570.588131735891
10.025818825846395,9.857611336811532,0.6937396323096385,50.70645624490057,-6570.652936853031
9.60973663829668,9.442881966275397,0.7033854478648943,50.57221127598312,-6570.635919915939
9.49411431389846,9.43764054692037,0.6943800382418945,50.58369319724438,-6570.967109521321
9.49411431389846,9.43764054692037,0.6943800382418945,50.58369319724438,-6570.967109521321
9.470036031107847,9.353872305425616,0.7003053292619816,50.71967409757146,-6571.169999695855
9.470036031107847,9.353872305425616,0.7003053292619816,50.71967409757146,-6571.169999695855
9.436809630315095,9.52279218064278,0.7075272695640553,50.72770823780108,-6571.062665421737
9.436809630315095,9.52279218064278,0.7075272695640553,50.72770823780108,-6571.062665421737
9.320916281614261,9.556691700718698,0.7200887339906936,50.22180118938126,-6571.009291092238
9.490457995946246,9.158547419367812,0.7158919785503552,50.34125001689513,-6570.913994320901
9.777746507017467,8.942228295212322,0.7211396260493899,50.271640458047685,-6570.439467477128
9.707052098806138,9.167044966704852,0.7304775986110398,50.51274535406363,-6570.407325584758
9.761969529033914,9.404922481378206,0.7334016077737711,50.67302788636527,-6570.42121351611
9.960190732205943,9.411466099479773,0.734648409254305,50.71909075979746,-6570.439703895687
9.960190732205943,9.411466099479773,0.734648409254305,50.71909075979746,-6570.439703895687
10.155962508801299,9.279862769311961,0.732289554942674,50.75809209432103,-6570.532906701045
10.421455679694263,9.314992471634207,0.7107357773377254,50.53406988509426,-6570.689879213573
10.068115851759043,9.02438948059127,0.7173243817110203,50.719682277826244,-6570.366847649313
10.170353418259177,9.33385985937592,0.7195401923527719,50.51557346810896,-6570.367043089776
9.920374124250147,9.239740089912667,0.7154367639010709,50.67599462809898,-6570.3766680739245
10.188865852930869,8.979153517966733,0.7113019437780884,50.32799510465419,-6570.222993454944
10.027712419349218,9.12504900971769,0.713240362713365,50.12625834785167,-6570.316605947893
10.082582319289235,9.541540659091387,0.7188550413507601,50.46925992073311,-6570.3940185248275
9.718844703762565,9.358733000100287,0.7213006788327353,50.534590438117945,-6570.38986256997
9.572165344723608,9.296204766487383,0.7171699866422114,50.43023071276627,-6570.617310927068
9.623020932046247,9.126833884363812,0.728290594280809,50.117680107171616,-6570.62592535703
10.21185334128715,9.39449546255747,0.7325150774589214,50.122456953797126,-6570.580398719228
10.096840825282694,9.303163430106402,0.7282048491161414,50.38281059731442,-6570.277344302571
10.027788704383712,9.15044947203594,0.7386393354052778,50.084557928410455,-6570.3231691575
9.843905806687813,9.021547481477166,0.7496512903426207,50.242721322958,-6570.229557659653
9.843905806687813,9.021547481477166,0.7496512903426207,50.242721322958,-6570.229557659653
9.843905806687813,9.021547481477166,0.7496512903426207,50.242721322958,-6570.229557659653
9.830086316883627,8.872280907147402,0.7392698085418727,50.34414136503798,-6570.288844678549
9.753004719229011,8.902635952767568,0.7381911710053315,50.25755573775956,-6570.399182803995
9.753004719229011,8.902635952767568,0.7381911710053315,50.25755573775956,-6570.399182803995
9.879337167714276,8.846484049580182,0.7315569502108166,49.9154083075255,-6570.603857806736
9.785755928367616,8.979363689648327,0.7366004158089658,50.31043821914627,-6570.3157856061935
9.736290301051419,8.989407941206801,0.7314352934909408,50.492862894510814,-6570.428338459188
9.50772092763364,9.146401041729026,0.7158682580441524,50.76276283668339,-6571.155698381484
9.626930406784416,9.20650532225632,0.6924042354296454,50.84052932359215,-6571.1443963468755
9.990783971310254,8.856543898657952,0.6854048284208321,50.40909327631387,-6570.453717991246
10.05430067760469,8.604928006630782,0.684761901244764,50.70311307956351,-6570.682198993531
10.340916059047645,8.699804105301011,0.6524740465168163,50.65181306901147,-6570.6207102386115
10.340916059047645,8.699804105301011,0.6524740465168163,50.65181306901147,-6570.6207102386115
10.486711978584495,8.316237535538514,0.6460736338246543,50.50550876494109,-6570.7079387134
10.486711978584495,8.316237535538514,0.6460736338246543,50.50550876494109,-6570.7079387134
10.471571515052945,8.15165818826888,0.6435670313825566,50.45085206229401,-6570.852417035117
10.743722098938488,8.057607430575192,0.6456880074516453,50.55700890325018,-6570.776545922483
10.738689769975345,8.057899828114346,0.6598049010776388,50.26135235302847,-6570.69053014818
11.027987928768322,8.020714919585693,0.6505002388172526,50.10054196191738,-6571.139026701865
10.870949053018025,7.763942740677479,0.6584637971482071,50.27045540838044,-6570.821912418216
10.735632172086124,7.732120792443386,0.6619325415289473,50.15291072592732,-6570.885600258771
11.13333743165756,7.8166913235970235,0.6501515999977503,50.14771621757845,-6571.205514250701
10.703606050731146,8.046391950607383,0.6440269340421305,50.24677494685719,-6570.848302021652
10.926205553182884,8.398696196225863,0.6273921655688264,50.07823066114447,-6571.249709568925
10.952825229944585,8.324201683648118,0.6356409071913625,50.072755594977224,-6571.219878144387
10.865615033193514,8.670693674631648,0.6370364069067802,50.12848455901524,-6571.1446850090015
10.826115931043224,8.672022702589118,0.6488244059685498,49.92149817497903,-6571.305877988558
10.993278801784996,8.474690341086001,0.637805379793251,50.18461728347098,-6571.214500077518
10.841747968853651,8.349254643961537,0.6334295381789105,50.369093676483395,-6570.888032810965
10.841747968853651,8.349254643961537,0.6334295381789105,50.369093676483395,-6570.888032810965
10.85287157115787,8.518578345421428,0.639200801840782,50.367154425040944,-6570.897401922019
10.59448586596931,8.571008467553243,0.6364333277025849,50.31289766549751,-6570.73005681147
10.59448586596931,8.571008467553243,0.6364333277025849,50.31289766549751,-6570.73005681147
10.472192707584332,8.776116595265997,0.6281496302029815,50.22225629851397,-6570.810309039519
10.971117053764033,8.67213068264275,0.6383646793144526,50.198573634451904,-6571.27311664994
11.033418192995626,8.791444054744872,0.6348524085099588,50.048154791016444,-6571.670085938087
11.122861850314571,8.94526164692444,0.6170404900639859,50.25900018139569,-6571.8598416206005
10.602005138802495,8.825651472656379,0.6173744198406969,50.39901952976075,-6570.867746763641
10.76929737901975,8.578456609580499,0.6206460883584207,50.46048323350999,-6570.928526710033
10.76929737901975,8.578456609580499,0.6206460883584207,50.46048323350999,-6570.928526710033
10.597727134533544,9.218688817876647,0.6059313521065584,50.61338629530269,-6571.052465968543
10.185422885570866,9.290812253266129,0.5927358158234456,50.3597854511978,-6571.166001359098
10.323224928989884,8.987793734689593,0.6130624728149117,50.30322640560501,-6570.919865516958
10.053128142310543,8.78477774968155,0.6089474919012717,50.173267408406666,-6571.605704647783
10.249796895977454,8.70170455172947,0.6099983052959198,50.198290803815986,-6571.282531389394
10.220076434696296,8.697615354218406,0.6105038639302502,50.240652125497135,-6571.293593465809
10.220076434696296,8.697615354218406,0.6105038639302502,50.240652125497135,-6571.293593465809
10.024059206504484,8.875196616154488,0.6177796084751428,50.61946131565444,-6571.359094117819
9.885806587860523,8.703017106457633,0.598962714046799,50.53420185031667,-6572.379236913291
9.885806587860523,8.703017106457633,0.598962714046799,50.53420185031667,-6572.379236913291
10.185733925945641,8.550440221643138,0.5862024027720021,50.36041790314208,-6572.013068807293
9.830322560695071,8.453096937971798,0.5924530782282941,50.445651652060285,-6573.293825640061
10.000392308788207,8.406452281593586,0.6017360273511387,50.501802690099666,-6572.429435956772
10.259104533745097,8.318693889088202,0.6038557072024268,50.40227315579585,-6571.740224465937
9.99014493259057,8.755167721951514,0.6054439013325189,50.40915972271213,-6571.779470515468
9.981373540009121,8.710718349795723,0.5959640994703902,50.603082098728976,-6572.151456485347
9.981373540009121,8.710718349795723,0.5959640994703902,50.603082098728976,-6572.151456485347
10.061317259860358,8.706371236180026,0.6051907806207797,50.853439012311576,-6571.96254195236
10.174981739072166,8.788191438775545,0.5877831395919454,50.84506691640072,-6571.942654421864
10.88564978725878,8.691334842120305,0.5905399071588797,50.860521388073714,-6571.524044799957
11.099706563010484,8.652489451475425,0.6016446592361223,50.83775231784076,-6571.70027694445
11.407506923156433,8.592617258501381,0.6032601463196041,50.640885772103715,-6572.266693751169
11.472485244811647,9.160915953848502,0.6058763408127185,50.56546673479543,-6573.2321546730545
11.47178863810695,9.176110964897191,0.6040662192948151,50.867434092496794,-6573.394786950978
11.210947654927121,9.157552244937248,0.6296179948951887,50.625758651529246,-6572.350852326785
10.931706522129346,9.01329649973792,0.6312667014794696,51.02419530192711,-6571.778667352592
11.013102972786019,8.725613829537565,0.6251426124554659,50.99283836951964,-6571.687953042831
11.013102972786019,8.725613829537565,0.6251426124554659,50.99283836951964,-6571.687953042831
10.865921048241924,8.628451016149095,0.6228297569473548,50.990378603489575,-6571.4201861493075
10.865921048241924,8.628451016149095,0.6228297569473548,50.990378603489575,-6571.4201861493075
10.858759370316442,8.785182330153955,0.6252000672590033,51.09420006898737,-6571.633505275899
10.765157800093842,8.700332651987596,0.6233549127942706,51.137373920989155,-6571.597284348816
10.963793082179924,9.009406408214714,0.6039493987612544,51.217259734485346,-6572.24585264634
10.978508738298576,9.217291014083004,0.5979980064752586,51.103755191369864,-6572.227172032125
10.96741353696122,9.274754976011323,0.5952058570352856,50.98707451396364,-6572.07372249297
11.081473928573583,9.531538081057777,0.5912496219899848,50.75717335743702,-6572.40971754478
10.781774929078894,9.499258982105053,0.5902287813350552,50.92760705203395,-6571.819231184811
10.672364338576944,9.62696907457102,0.5785004576069169,51.002279092138224,-6571.898268080891
10.672364338576944,9.62696907457102,0.5785004576069169,51.002279092138224,-6571.898268080891
10.912553219748979,9.405580864483767,0.5712139940925478,51.073016113380866,-6572.294865389164
10.54596872052291,9.656141054568597,0.5823613427372721,51.04223684148475,-6571.804668225301
10.54596872052291,9.656141054568597,0.5823613427372721,51.04223684148475,-6571.804668225301
10.75207914823487,9.871287803834552,0.5826442662944036,50.88577086422228,-6572.058501781468
10.607134406069479,10.071984250708702,0.5889753524200659,50.99907080487651,-6572.089469422214
10.767000087658053,10.16926884940799,0.572444832272074,50.6673834039869,-6572.270092531662
10.767000087658053,10.16926884940799,0.572444832272074,50.6673834039869,-6572.270092531662
10.555943015933337,10.181537941310822,0.5639081565241006,50.472000935450595,-6571.817212534215
10.555943015933337,10.181537941310822,0.5639081565241006,50.472000935450595,-6571.817212534215
10.564815240814369,10.436826611712485,0.5725189178906779,50.61436370334381,-6572.06908109562
10.559800194888494,10.351970495505478,0.565968537666337,50.8499480588515,-6572.154894285346
10.46551734180554,10.517913626465216,0.551749425418078,50.80125467764836,-6572.1682531185925
10.426591982842142,10.644841089037985,0.5772994031165255,51.09768813805452,-6572.522176784707
10.446575339790636,10.625272317617139,0.5704923244258381,51.20794267091021,-6572.771672076764
10.374716289479451,10.196205909482247,0.5725851115212357,51.28142659636348,-6572.483711618332
10.297975249328855,10.216743136366372,0.5929023465020076,51.420692676579776,-6572.681890298703
10.297975249328855,10.216743136366372,0.5929023465020076,51.420692676579776,-6572.681890298703
10.297975249328855,10.216743136366372,0.5929023465020076,51.420692676579776,-6572.681890298703
10.297975249328855,10.216743136366372,0.5929023465020076,51.420692676579776,-6572.681890298703
10.160079582905729,10.196218543583463,0.5888372607095138,51.33026194076725,-6572.374580208354
10.376720574427798,10.104502894227307,0.5918611087793518,51.2840651904175,-6572.3238081689815
9.964569955459304,10.248753399134792,0.5815182979353316,50.99332262999618,-6571.739044307017
9.964569955459304,10.248753399134792,0.5815182979353316,50.99332262999618,-6571.739044307017
10.168199468156972,10.374151316967076,0.5913187007007817,51.20700427188407,-6572.1304046653295
10.168199468156972,10.374151316967076,0.5913187007007817,51.20700427188407,-6572.1304046653295
10.1968289669389,10.191195837524187,0.6017643754552091,51.11714409465056,-6571.795357833496
10.1968289669389,10.191195837524187,0.6017643754552091,51.11714409465056,-6571.795357833496
10.168724308251267,10.20672540471112,0.590215611094194,50.905098267643815,-6571.498326953932
10.12729549022986,10.33108833231434,0.594827542833953,50.912543894674506,-6571.511468847394
10.254418482390667,10.135048147388973,0.6079261083785865,50.814726095525394,-6571.303283303085
10.130254793669032,10.093539667798852,0.5928768354681099,50.755900770023324,-6571.248269461812
10.275039858347284,10.054716360327134,0.5925786699796085,50.91656408750991,-6571.491929817645
10.566012366913318,10.036506474303525,0.5886845927649969,50.9949264027967,-6571.973823452621
10.566012366913318,10.036506474303525,0.5886845927649969,50.9949264027967,-6571.973823452621
10.343583760897676,10.061913699672397,0.5970855711199547,50.793786686072806,-6571.382040544597
10.239078693596669,9.964067936392254,0.5922677963442939,50.76139216132605,-6571.255118763519
10.128529614650189,10.26201435252975,0.5805834590904869,50.87503459338427,-6571.545852230269
10.203680109744806,10.669738665580175,0.5795990500081019,50.64706034722867,-6571.638164102145
10.253345948949065,10.616673005603046,0.5812213642555979,50.80884981996622,-6571.780304979857
9.793841550318609,10.861739903333701,0.5881321604612008,50.668032030720724,-6571.442787651009
9.912910554314651,11.03404626497163,0.5945519055805102,50.45283613658892,-6571.47794136613
9.912910554314651,11.03404626497163,0.5945519055805102,50.45283613658892,-6571.47794136613
9.852935150305568,11.266821546929384,0.6027999198635849,50.52524290624354,-6571.607479079831
10.102700131789511,11.05999424256699,0.6079908337691644,50.632894090096066,-6571.803502151131
9.887721898360997,11.067151052831106,0.6079776120532404,50.47781647311501,-6571.430953768194
9.84575451184357,11.022523886669429,0.6157586385127213,50.32671268366861,-6571.333376870698
9.84575451184357,11.022523886669429,0.6157586385127213,50.32671268366861,-6571.333376870698
10.204318432959465,10.957453898675116,0.6138728897063273,50.37553434962444,-6571.847126317662
10.40348362771333,10.709919547623972,0.6070639857621151,50.41321984591646,-6571.9806989288245
10.40348362771333,10.709919547623972,0.6070639857621151,50.41321984591646,-6571.9806989288245
10.40348362771333,10.709919547623972,0.6070639857621151,50.41321984591646,-6571.9806989288245
10.224387988196092,10.67137117424104,0.6018469821419014,50.01938813675471,-6571.820548417192
10.208339091241303,10.630110922655085,0.6133458454198107,50.06775452660943,-6571.662704888219
10.315814686853841,10.421845446916473,0.6181574700293512,50.22076139304292,-6571.500467738958
10.02548300951915,10.445571490172986,0.6017718581049774,50.07931086440794,-6571.318804988981
10.02548300951915,10.445571490172986,0.6017718581049774,50.07931086440794,-6571.318804988981
10.250528977551014,10.156424676868207,0.6135444274301268,50.260040364277856,-6571.136562476087
10.328509362117448,9.864115154434145,0.6251340929299126,50.255060790413296,-6570.988396122846
10.306926932321486,10.017193253262025,0.6348326943741867,50.2429054383111,-6571.0537332413205
9.933450520290913,10.320836784339336,0.6121670425582574,50.28053018489924,-6570.993948937823
9.646605705516539,10.39798689811992,0.609509515815942,50.58684416287013,-6571.191156434272
9.687907356969134,10.326440212999582,0.6216647591903378,50.687194870463394,-6571.098105866532
9.687907356969134,10.326440212999582,0.6216647591903378,50.687194870463394,-6571.098105866532
9.770611288590967,10.476093055645553,0.6196137227614764,50.80102354412043,-6571.200158889887
9.832388317796495,10.142472050933934,0.6095612187086894,50.755894981502976,-6571.176268658183
9.590126488169858,9.773811386654234,0.6169607896800267,50.45987577831231,-6571.449477384226
9.841285608393356,9.697172035702675,0.6198628880517033,50.61256069826862,-6571.031842680717
10.07568496686943,9.829273799507295,0.6157050802098633,50.819283017721034,-6571.067253851346
10.3134578671645,10.161916721557319,0.5994064125684325,50.781205060455456,-6571.39013027664
10.290971076079721,10.04416741473975,0.6261955345279605,50.78636185288842,-6571.190407363861
10.391502269281405,9.919878108242552,0.6274694649825863,50.71226032561266,-6571.164705955574
10.577064030153986,9.634119261457135,0.6234649606054256,50.64621299275738,-6571.200963096133
10.635315437016214,9.781591105173868,0.6212336076874874,50.3587014665425,-6571.429926495601
10.586378384602627,9.612219279628471,0.6047624770854416,50.20562020481049,-6571.316278231968
10.789727137637056,9.610670205531077,0.5944083025358092,50.38548602651472,-6571.650651448182
10.593305625263389,9.824178143811029,0.6064997769132174,50.2347187142931,-6571.469879389798
10.64223067261234,9.918945377631905,0.6019460837528762,50.35963594289904,-6571.611936577253
10.64223067261234,9.918945377631905,0.6019460837528762,50.35963594289904,-6571.611936577253
10.286576921796106,9.697972307503168,0.6165162293612005,50.122971246555615,-6571.010962483653
10.286576921796106,9.697972307503168,0.6165162293612005,50.122971246555615,-6571.010962483653
10.286576921796106,9.697972307503168,0.6165162293612005,50.122971246555615,-6571.010962483653
9.62540397091686,9.470147522276767,0.6243412698505852,49.8812899891211,-6571.9462981995075
10.063779394833505,9.674700440424253,0.6322977688206903,50.13599461665543,-6570.797941839603
9.93781213924904,9.714482088016553,0.6310757632705652,50.16649178294221,-6570.826583583785
10.329948128003796,9.808718431249066,0.6276097327665205,50.204699483858924,-6570.976856029854
10.572463954107475,9.550193120924574,0.6114897930434762,50.43310066225644,-6571.1195796898655
10.572463954107475,9.550193120924574,0.6114897930434762,50.43310066225644,-6571.1195796898655
10.477696109924253,9.34419205502202,0.6162915154804812,50.509534547703026,-6570.881919785656
10.477696109924253,9.34419205502202,0.6162915154804812,50.509534547703026,-6570.881919785656
10.471276527680898,9.564634608645118,0.6178292694539055,50.44911770629014,-6570.9591064183915
10.133702676347864,9.42480897448518,0.616154964271796,50.46433101235282,-6570.828038849039
10.23505268867441,9.315192199334577,0.6105926852614106,50.818730926254304,-6571.094729528717
10.259493387653652,9.205961960860767,0.6082400564151208,50.74993276707429,-6571.06315179409
10.259493387653652,9.205961960860767,0.6082400564151208,50.74993276707429,-6571.06315179409
10.16659443627584,9.34639806854003,0.6067546460719376,50.55730993165092,-6570.9676141867
10.218240154460268,9.008287433708325,0.6159056287023817,50.68649970470405,-6571.021586644952
10.14089727640522,8.858805757368113,0.6094934672111015,50.77001709137579,-6571.421319633677
10.14089727640522,8.858805757368113,0.6094934672111015,50.77001709137579,-6571.421319633677
10.042646505691076,8.717649864305873,0.6325369512025412,50.794769719905595,-6571.395427062953
9.896386177886422,8.54971432625375,0.6314829431248336,50.879324214169216,-6572.175650403882
10.032814624660315,8.39532359818356,0.6330269284505093,50.72350931385103,-6571.7510166007
9.911724206379429,8.393050485639616,0.6310691860362487,50.759684429985505,-6572.236449205194
9.86891861248103,8.463516532757707,0.6280740193179948,50.75304141056794,-6572.3277336124775
9.68742422821244,8.671516435575999,0.6248937926139434,50.708096542848686,-6572.691126695483
9.693746820277402,8.521491720329,0.6256813612859919,50.64925038256633,-6572.902363355378
9.693746820277402,8.521491720329,0.6256813612859919,50.64925038256633,-6572.902363355378
9.714706419210351,8.61879621715713,0.6146763807745499,50.52783582765311,-6572.814058102919
9.729356289302258,8.857044534583023,0.6216209341388959,50.71887008806649,-6572.26583076591
9.729356289302258,8.857044534583023,0.6216209341388959,50.71887008806649,-6572.26583076591
9.764862770985914,9.283745429836223,0.6333845101641642,50.82231491276587,-6571.48641027603
9.764862770985914,9.283745429836223,0.6333845101641642,50.82231491276587,-6571.48641027603
9.669890893309695,9.221941511391716,0.6531037650642699,50.521356217039745,-6571.202472282487
9.766283697426386,9.290854602419284,0.6583307620584704,50.457103768200874,-6570.82796246263
9.532902673206177,9.294949832393645,0.6832497194747441,50.151498040807134,-6571.1123751414
9.532902673206177,9.294949832393645,0.6832497194747441,50.151498040807134,-6571.1123751414
9.320582760074416,9.547620270965824,0.7009240305065265,49.90865270527991,-6571.505464411136
9.290106813087805,9.601748723671866,0.7028927339282784,50.034526539661954,-6571.365158176741
9.237889887653965,9.73902621113748,0.7019757661765404,50.191013717362125,-6571.286233407585
9.228058948506396,9.519471386043739,0.7006339643765617,50.00813412450249,-6571.713967023532
9.576521276890814,9.616034807568003,0.7043921258311007,50.04548127694512,-6570.700470698477
9.576521276890814,9.616034807568003,0.7043921258311007,50.04548127694512,-6570.700470698477
9.576521276890814,9.616034807568003,0.7043921258311007,50.04548127694512,-6570.700470698477
9.576521276890814,9.616034807568003,0.7043921258311007,50.04548127694512,-6570.700470698477
9.763630736866494,9.914987634268448,0.7122714821446093,50.24547944676449,-6570.42553156997
9.48998740400453,10.051243599918237,0.7206363712240429,49.88028425482046,-6570.87215447217
9.398731530648874,9.981230144964785,0.716956465356032,49.86065321779141,-6571.020943112577
9.520524660700422,9.86056605235079,0.7141671454747982,49.84960807965637,-6570.917836066012
9.731657995635524,9.545640916360632,0.7017152900907064,49.78158112752656,-6570.939661432876
9.731657995635524,9.545640916360632,0.7017152900907064,49.78158112752656,-6570.939661432876
9.731657995635524,9.545640916360632,0.7017152900907064,49.78158112752656,-6570.939661432876
9.986264357521673,9.422641162917124,0.6884018141326177,49.80745885527028,-6570.855183801155
9.976994270482855,9.303019874816371,0.6715983134638005,49.848532582677436,-6570.895316841485
9.964468144796275,9.593683403675918,0.6698181911291649,49.75006522787648,-6571.084584792385
9.722147891664283,9.779166120399031,0.6706571193775805,49.64700505116636,-6571.414519758051
9.722147891664283,9.779166120399031,0.6706571193775805,49.64700505116636,-6571.414519758051
9.944236795589104,9.689815830837727,0.6766523957728476,49.55626488457574,-6571.5080164159335
10.33876337648651,9.402183454192263,0.670487073626036,49.800940279436084,-6571.1349083116675
10.40658866602003,9.08245621597664,0.6560814601933717,49.79610974408061,-6571.135778575945
10.548939742981153,9.131861188800885,0.659744496600046,50.12160392117708,-6570.831553957247
10.514911572172545,9.057386776948805,0.657378569371123,50.18541960733653,-6570.700018861756
10.179031628028016,9.109095550354125,0.6610524527959171,50.227566400469804,-6570.491657385812
10.116266514306567,9.29147984907758,0.6548956457299872,50.122688559567926,-6570.615072452392
10.055982591903435,9.188982112008954,0.6691524450708938,50.18579421924476,-6570.487389847652
10.055982591903435,9.188982112008954,0.6691524450708938,50.18579421924476,-6570.487389847652
9.90451642768789,9.259945045165148,0.6790430234710169,50.19014943917641,-6570.496132770493
9.999642021906242,9.356536047381505,0.6772167367198038,50.33759032221369,-6570.376389533445
10.039273335447053,9.23623494842336,0.6639423436246092,50.38250001060992,-6570.454456653282
10.166344554270708,9.435448207924978,0.6629039141107703,50.57112436751082,-6570.493766265036
9.97333979701459,9.458450866646492,0.6493381107486609,50.60485906833826,-6570.639576071162
9.696138748503841,9.612909363111102,0.6599097645836867,50.59650965174534,-6570.80848233114
9.945448561883468,9.457398455820766,0.647686694591484,50.73916507320833,-6570.7920645619415
9.945448561883468,9.457398455820766,0.647686694591484,50.73916507320833,-6570.7920645619415
10.192451327486987,9.25373674884147,0.6516871021303169,51.00139776946876,-6571.026178553455
10.280942797132436,9.321835779660672,0.6558848800182264,51.0400651349928,-6571.0912223707855
10.291444272736145,9.214228859471774,0.6529051034982273,51.11993343973003,-6571.247717577577
10.303519732641071,9.322367164383216,0.6383564681956055,51.2367620531551,-6571.612311429827
10.303519732641071,9.322367164383216,0.6383564681956055,51.2367620531551,-6571.612311429827
10.3382137578893,9.312642989523273,0.6388226963237612,50.76109629401098,-6570.7907738359
10.603266162447087,9.118876016224034,0.6361092269833774,50.682055347262484,-6570.890638855738
10.165625554394587,9.051274734090425,0.6362156182852293,50.78183462927049,-6570.8919461211535
10.165625554394587,9.051274734090425,0.6362156182852293,50.78183462927049,-6570.8919461211535
10.31350832100317,9.427892108015483,0.6251352224114316,50.92837321647796,-6571.100763343129
9.780543009385188,9.609701836197768,0.6298900556175677,50.813404155742795,-6571.240160886034
9.780543009385188,9.609701836197768,0.6298900556175677,50.813404155742795,-6571.240160886034
9.687581867334403,9.600253013933365,0.6444563856759955,50.671981313256715,-6571.069930544851
9.543991034434182,9.580473944076495,0.6482767428283569,50.51330806099778,-6571.254175160581
9.627948551221095,9.771844699278976,0.658359557017205,50.57017218873897,-6570.847661322793
9.785066426058512,9.7306129457097,0.6618054737292316,50.63096583341384,-6570.666850337646
9.785066426058512,9.7306129457097,0.6618054737292316,50.63096583341384,-6570.666850337646
9.879909517998996,9.804048572524692,0.6686828780252868,50.877646001992396,-6570.8479118277855
10.080625535362099,9.690945888665125,0.669250479062177,50.99379595347645,-6571.010747616698
9.836723756143048,9.371349074689473,0.6707028161455426,50.575728815889875,-6570.594011289663
9.836723756143048,9.371349074689473,0.6707028161455426,50.575728815889875,-6570.594011289663
9.896530515079544,9.431668961039156,0.6759458356480751,50.37116237732575,-6570.426070003726
10.041399377758164,9.321333288025684,0.6789953122514977,50.19082355825027,-6570.417619123913
9.982772716842003,9.440620266135667,0.6899485635962009,49.97885996025906,-6570.584954454251
10.07527399073175,9.559709357149561,0.6873392774878725,50.510950986803515,-6570.402713254789
9.941004941743794,9.370944790791217,0.6909260844246836,50.45154356946128,-6570.328220041683
9.95034221989024,9.008856315648568,0.7027224385065826,50.208730286232004,-6570.353985812347
9.768129330376741,8.724005509522923,0.7100195661933117,50.14152506092821,-6570.783398738253
9.790010300229163,9.018650737292711,0.7179855089596798,50.230419167071055,-6570.418519880555
10.02534349317647,9.308893087352173,0.7175573471369379,50.293246316892954,-6570.2518281311495
10.109807532983172,9.335876375627459,0.7226082771224025,50.45108295955418,-6570.302331342629
10.110466893776149,9.480309861821828,0.7299101894372053,49.89914534474983,-6570.755003666704
10.398515092264647,9.585681614049687,0.7225443262581056,49.860976494080575,-6571.406284360561
10.350671138161061,9.618648538033097,0.7487991508198852,49.59469912535247,-6572.023555392598
10.714770109689812,9.292048711107805,0.7463252995154768,49.31511444888504,-6573.403390117672
10.913311987268868,9.542028335991393,0.7506070108411523,49.19222117088634,-6575.075927731455
10.918268578057718,9.862983428228981,0.7376891745180232,49.02789741450795,-6576.199566550425
10.593852341632394,9.992819871218472,0.734260976929238,49.24224938048947,-6574.2633039885495
10.459160208159897,10.037330882373507,0.7303390034238568,49.35080923150273,-6573.474305460555
10.503594393032547,9.920961679867688,0.7206873036825028,49.81776880073263,-6572.241417566787
10.423616660175314,9.929778343459104,0.7362174262451764,49.80460365218053,-6572.158875282189
10.397075646338394,9.612763897788286,0.7336290500166011,49.699345504117446,-6571.800288843171
10.439431043197544,9.11874028190031,0.7325273584011674,49.80459446671601,-6571.148969832974
10.283080067445255,9.316374837381831,0.7368764911985337,49.83212111678123,-6571.005038979914
10.381952753439446,9.03522230606252,0.7432149857657209,49.930326400743574,-6570.816658006146
10.369458456351781,9.13048526917998,0.7571509810813922,50.1109240323751,-6570.751332268967
10.410827715872943,8.860863682318174,0.7523407473457738,50.0434226139492,-6570.631550608703
10.410827715872943,8.860863682318174,0.7523407473457738,50.0434226139492,-6570.631550608703
10.76024768067029,8.909391541288958,0.7611079844612951,50.15501633103658,-6571.502109047704
10.637756619094072,8.706454692294129,0.7496265692929415,50.02492651083336,-6570.955491975481
10.62755165788585,8.309801211274499,0.7486006178548212,49.79397622532658,-6570.975478348042
10.904922231891678,7.863385640834025,0.731891779084506,49.78412005830592,-6571.209924178091
10.997459196785805,7.681246920955864,0.727348632767364,49.70051129826446,-6571.467782100691
10.834088362052531,7.43332589089816,0.7037792397452217,49.79634343772238,-6571.187456977383
10.834088362052531,7.43332589089816,0.7037792397452217,49.79634343772238,-6571.187456977383
10.860078219839219,7.293939081917801,0.7236825523193192,49.73811580619517,-6571.2524592439
10.861687862799378,7.571288311294937,0.755892575246034,50.07912481391757,-6570.6440173685205
11.169800475807728,7.655584396480217,0.7670138650461218,50.22995829374802,-6571.264112141598
11.169800475807728,7.655584396480217,0.7670138650461218,50.22995829374802,-6571.264112141598
11.133339239160653,7.338711302820876,0.7731583933731051,50.69223123560526,-6571.008824112525
11.095832335610224,7.4757759625115074,0.7704671603927622,50.817275324218876,-6571.114443508155
10.794986138629572,7.332955357899973,0.785080961814051,50.8192978848322,-6570.672205479213
10.634561763659452,7.319085365614649,0.7709949049776538,51.0545821503994,-6570.986895061008
10.989370619497652,7.3081321541240225,0.7679821628630029,50.81844985793059,-6570.838959850598
11.133517671222082,7.40021985480841,0.7715155742707179,50.670592787259935,-6571.021825652672
10.67000122492324,7.3297225854195105,0.7679259074584751,50.369520844474536,-6570.341884388056
10.55945688073462,7.304280774715496,0.7539962480157677,50.51744497772736,-6570.4361687987
10.280707947233239,7.417354300424017,0.7554766097744897,50.982128098289266,-6571.186263622594
10.1496444124468,7.46670624712448,0.7382251013697714,51.231356739423376,-6572.1602600410415
10.319899488643875,7.3287988118093255,0.7504042340035316,51.4768916554813,-6572.576104290574
10.294572108439567,7.4592677673265895,0.7366870420789896,51.324073437919324,-6572.094768366229
10.26990693461111,7.6462844791386155,0.7193653694414484,51.32412608013867,-6572.086277296647
10.248463720039624,7.868971663633457,0.7218288844055565,50.827510124126526,-6570.793482127977
10.147121232645217,8.00465719707781,0.7249628575904432,50.83217481238329,-6570.814833836037
10.206640843146404,8.17055354649521,0.7207012754552091,51.03535444696421,-6570.983317558117
10.36394902585942,8.17897143211475,0.7205709052550163,51.077561919963586,-6570.938453548188
10.36394902585942,8.17897143211475,0.7205709052550163,51.077561919963586,-6570.938453548188
10.36394902585942,8.17897143211475,0.7205709052550163,51.077561919963586,-6570.938453548188
10.110682693374718,8.002504663049306,0.7210588358365287,50.824165801846746,-6570.905525308849
10.501923718494982,8.005661043093564,0.7168551764698272,50.86386536861299,-6570.590352427281
10.584087552854518,8.043359681630408,0.711259271664665,50.78155772143729,-6570.505579762102
10.612528861816315,8.151611316171543,0.7226938891022018,50.80229091885923,-6570.526731473525
10.007561738920808,8.63653471947113,0.707315997151872,50.80004409324693,-6570.649279169411
10.007561738920808,8.63653471947113,0.707315997151872,50.80004409324693,-6570.649279169411
10.351012911649311,8.822995788390966,0.708315394876508,51.105731760104774,-6571.011321585433
10.407888367137284,8.439459618642402,0.7121226853121451,51.16358175481925,-6571.10332192744
10.407888367137284,8.439459618642402,0.7121226853121451,51.16358175481925,-6571.10332192744
10.389689162740856,8.133598830405749,0.7291144011049531,50.92728282505427,-6570.6334183319395
10.282069928733115,8.08895375838837,0.7332941031653717,50.98959684861097,-6570.79807612987
10.413602044044174,8.26921050118964,0.7315710987408762,51.017274158408604,-6570.767929280499
10.197104683417365,8.430511610387528,0.7261966723038271,50.81885397722805,-6570.481072932186
9.995055106084838,8.332316959772477,0.7238684095527976,51.14399951607057,-6571.412721755327
10.019415529109123,7.9966204652888475,0.7177885225568987,50.864820171475024,-6571.207680764614
10.079089645975992,7.885683730898758,0.7358834423143951,50.90070965176788,-6571.078994226025
10.15230088520559,7.7452748910809275,0.7284508734501685,50.63924405359679,-6570.8298918472365
10.15230088520559,7.7452748910809275,0.7284508734501685,50.63924405359679,-6570.8298918472365
9.852795905287316,7.866435535937325,0.7295172408644974,50.48961589007283,-6571.372359429275
10.048930639663464,7.72014452359259,0.7459295150156439,50.241317756564065,-6570.84384165365
10.048930639663464,7.72014452359259,0.7459295150156439,50.241317756564065,-6570.84384165365
9.989729361084652,7.572993092203341,0.7551664425091645,50.38968398334853,-6571.083121259044
10.0721213799402,7.7103973883499926,0.7568344661659976,50.07353277088065,-6570.82398085183
10.21194217160473,7.715103225914082,0.7706538715590577,49.9650743035005,-6570.628697521532
9.963399205405024,8.137786441329629,0.7788672976694302,49.84951597217808,-6570.767020050931
10.147305588060792,8.135399925137927,0.7738174349865943,49.585059905467524,-6571.149472761875
10.387081440589967,7.908762945686731,0.7739756704978549,49.79537320255741,-6570.710180685165
10.102115461929186,7.956471746204739,0.7589876257066808,50.18437199867441,-6570.431090087431
10.113641542334522,8.069699370931046,0.743342016224143,50.14970569772063,-6570.446324849531
10.44506656545686,8.359626913721195,0.7209796624610496,49.97143898195684,-6570.509503052626
10.400157821203562,8.34431973418496,0.7211834654423026,49.990750256404354,-6570.465131416503
10.073601333351974,8.417586123833793,0.7295250751321328,50.04924362752929,-6570.448297217561
10.047703926928168,8.146371592178946,0.7147400049324248,50.455094021162346,-6570.640986580282
9.686194687440944,8.244219872376782,0.7143453428171822,50.9137956636061,-6572.015794735089
9.686194687440944,8.244219872376782,0.7143453428171822,50.9137956636061,-6572.015794735089
9.759216487417428,8.456183126437741,0.7265289616579542,50.79269537625404,-6571.128777749065
9.883453563471033,8.614790011858403,0.7148087031829562,50.74634501895872,-6570.738450876926
9.883453563471033,8.614790011858403,0.7148087031829562,50.74634501895872,-6570.738450876926
9.786040564994478,8.504985712390278,0.7248895574145913,50.64065724191346,-6570.848303895966
9.881367762411532,8.759030499277511,0.7008013708312705,50.7918351702858,-6570.809816144381
9.921130371792225,8.82881393812774,0.7017667615923046,50.58253426405969,-6570.485805846872
9.921130371792225,8.82881393812774,0.7017667615923046,50.58253426405969,-6570.485805846872
9.752064009962266,8.766845875882314,0.6897881758847758,50.54187997956651,-6570.970821725825
9.696489829443346,8.557213447146935,0.695072695534584,50.60700940894162,-6571.370137014818
9.8382303425649,8.426013099391595,0.6811285862677833,50.63801762631809,-6571.347267563684
9.974154656599652,8.56798312374867,0.667294093780121,50.27113417030891,-6570.946007025447
10.017310890367996,8.500299287193014,0.6738930127009992,50.18952608152827,-6570.87950538095
10.142875413896643,8.465079711290429,0.6700797387319257,49.88117076655107,-6571.11244829702
10.212458858547619,8.28766090547487,0.6616654339058151,50.23501200523847,-6570.879806561618
10.27180022485828,8.441820114354305,0.674962543366303,50.56508114982397,-6570.5188168354
9.99704001724404,8.74139905065679,0.6727191648914295,50.62161817288204,-6570.7293487476
9.99704001724404,8.74139905065679,0.6727191648914295,50.62161817288204,-6570.7293487476
9.925661691389234,8.58187087057357,0.6736220494368121,50.398219394912324,-6570.924646953123
9.759111855445106,8.680191277326932,0.6918770145497646,50.563952698118925,-6571.036480913922
10.052940893022713,8.613202198681133,0.6808488477724843,50.7782852084794,-6570.800546479864
10.052940893022713,8.613202198681133,0.6808488477724843,50.7782852084794,-6570.800546479864
10.141588759831302,8.67759579314315,0.6829835925328241,50.76876442337452,-6570.618051871935
10.140151495829233,8.759429523514246,0.682345375158619,50.719933950381446,-6570.536788493304
10.218633892996289,8.893413283524605,0.6942672716444774,50.350915256553414,-6570.263406109885
10.168776253982333,9.01447077210538,0.6960731966721436,50.369730805928526,-6570.256523426071
10.214027748917617,9.38378308506664,0.6920615648413765,50.41665792435858,-6570.396001505043
10.096317746055776,9.426730467743027,0.6930975923362246,50.26363435603837,-6570.360223578658
10.285313176071694,9.55239874957302,0.6998546592855794,49.85112227779152,-6571.070499637053
10.284374283540277,9.752917294049263,0.6945823652691684,50.04237830863373,-6570.977184605816
10.240609586231619,9.98536986253344,0.6991639340417763,50.199466402161846,-6571.0237948809645
10.197277548234517,9.716463448615743,0.6873852126899023,50.22768312956846,-6570.637963999112
9.989615037553211,9.64520484255517,0.6751876355537013,50.24041494685303,-6570.453910652627
9.928715561521994,9.606838185497743,0.6698807825763564,50.35334493679904,-6570.44262107814
9.771523573332635,9.396600559871011,0.6738134506851555,50.30851349900892,-6570.591815488402
9.785194474815471,9.136806136453695,0.6668053277892648,50.33995017376495,-6570.796405021546
9.657189592089248,8.85170035961915,0.6874515207162554,49.98434487500437,-6571.363942039352
9.657189592089248,8.85170035961915,0.6874515207162554,49.98434487500437,-6571.363942039352
9.83373554654186,9.004158602055751,0.6860422180145147,49.76386165572031,-6571.201670765491
9.83373554654186,9.004158602055751,0.6860422180145147,49.76386165572031,-6571.201670765491
9.988579404346135,8.9733096353839,0.6847058945571337,49.721377251693674,-6571.120734516258
10.331347167825275,9.179014027947698,0.7019358150855566,49.98242247982635,-6570.680266534691
10.287543109553976,9.21278957489309,0.7021708446752064,49.95866877163778,-6570.679019043754
10.287543109553976,9.21278957489309,0.7021708446752064,49.95866877163778,-6570.679019043754
10.307063923172672,9.230532823454036,0.6779211848112425,50.167890834184796,-6570.516563678117
10.17630882827296,9.537750620631323,0.6695635989736438,50.21432021003139,-6570.5321432156015
10.004125506881758,9.475760651320119,0.6799219003498219,49.85539468724271,-6570.818427665812
10.004125506881758,9.475760651320119,0.6799219003498219,49.85539468724271,-6570.818427665812
9.862860024602439,9.709458365873356,0.69250125624916,49.78311553724755,-6570.931007765577
9.8709618268649,9.89650934164088,0.6947659111485862,50.19005339872793,-6570.487489946425
9.799583788120383,9.882428709849039,0.6897771959587902,50.20032949744605,-6570.477835155624
9.786816697999331,10.087591842522238,0.6966667563244571,50.030529448486035,-6570.678211259922
9.717159859888683,10.32601544995147,0.704465230663298,50.1189589554816,-6570.701047627469
9.717159859888683,10.32601544995147,0.704465230663298,50.1189589554816,-6570.701047627469
10.233350445313008,10.118147865687867,0.6965088219799089,50.11409186828571,-6571.218956379986
10.233350445313008,10.118147865687867,0.6965088219799089,50.11409186828571,-6571.218956379986
10.233350445313008,10.118147865687867,0.6965088219799089,50.11409186828571,-6571.218956379986
10.233350445313008,10.118147865687867,0.6965088219799089,50.11409186828571,-6571.218956379986
10.233350445313008,10.118147865687867,0.6965088219799089,50.11409186828571,-6571.218956379986
9.755544294120863,10.121979492061884,0.7048826975631741,50.25966126611796,-6570.517456236657
9.755544294120863,10.121979492061884,0.7048826975631741,50.25966126611796,-6570.517456236657
9.721620159742104,10.200997406924824,0.7045463455964278,50.49716413671845,-6570.554359907131
9.77343975925272,10.277822049220962,0.7145616331618664,50.60847370241229,-6570.707777943733
9.908089578770493,10.165577194657837,0.7184430185952201,50.57977274294882,-6570.737615119042
9.908089578770493,10.165577194657837,0.7184430185952201,50.57977274294882,-6570.737615119042
9.736254084489453,10.5698784269306,0.7017134512407762,50.38438387875053,-6570.801958208256
9.721440505469271,10.388804488619709,0.688496775732851,50.29909753874061,-6570.650313613382
9.721440505469271,10.388804488619709,0.688496775732851,50.29909753874061,-6570.650313613382
9.648436260270358,10.5319229171472,0.6843593000465985,50.40927769339867,-6570.706911945877
9.290203593429878,10.808292127651995,0.6878270939916581,50.18244931544829,-6570.9679502686
9.155270012390062,10.822029711266808,0.6717464502405119,50.37175074942776,-6571.191321513285
9.493375925561887,10.63711851161095,0.6835768125838955,50.21195796021719,-6570.797020760987
9.486923572718805,10.371649740683852,0.6840948176632887,50.54583923927281,-6570.73918213937
9.474362789438384,10.528793777024115,0.6688554329808003,50.73618605705268,-6571.008343717113
9.494133906707422,10.865202695317992,0.6812934977968877,50.66162927607836,-6571.016393819198
9.176554331536565,10.992427465841697,0.6965267501564882,50.45160603480534,-6571.069982719622
9.141231600933706,10.913767714219858,0.6952138514085147,50.574239648939994,-6571.1671070830525
9.141231600933706,10.913767714219858,0.6952138514085147,50.574239648939994,-6571.1671070830525
9.412461465676058,11.173363146168683,0.6905084501682655,50.61634278197654,-6571.186795832756
9.468450261510432,10.82295892642602,0.6801862603211996,50.69499171447162,-6571.02873264426
9.703716276492877,10.846016582292734,0.6613136627730547,50.50580532944265,-6570.990511312462
9.818930271781118,10.522508301051426,0.6534562587072168,50.56106370171746,-6570.8596521630825
10.011776353364137,10.358910535617806,0.6521201881845761,50.68761429686414,-6570.980460479173
9.969420087767581,10.911214928063647,0.6201332210232225,50.581967742189384,-6571.387129663795
10.070186518641602,10.973130364233487,0.6272928819827096,50.759436146224324,-6571.747232892065
9.978676641130775,10.569590218289767,0.6172378740442293,50.46607136935091,-6571.083243414782
10.02249537250879,10.461302929336311,0.6015125191120834,50.23408962192235,-6571.19436880017
9.828337479375147,10.262461514868518,0.6185967949667606,49.98990053646023,-6571.187361498038
9.915222310345518,10.32115772720186,0.6332781247408975,50.00668695146937,-6571.078920525779
9.915222310345518,10.32115772720186,0.6332781247408975,50.00668695146937,-6571.078920525779
10.104514628905328,10.158129245191327,0.6355658199542973,49.60374529396636,-6571.873747942138
10.104514628905328,10.158129245191327,0.6355658199542973,49.60374529396636,-6571.873747942138
9.933786670036298,9.784231335148405,0.6342754199309696,49.73327882519549,-6571.41946472125
9.788862233547572,9.554318620462919,0.6372560311063978,49.74483571321622,-6571.56989032353
9.837340568361416,9.582040243317865,0.6422338262626849,49.483263352797,-6572.084482302213
9.857150325649936,9.671540093464023,0.6342028978603135,49.1353653750171,-6573.348477363832
9.648657009015933,9.971583434446792,0.6370678985882963,49.33615466252991,-6572.701564529123
9.952196323393254,10.143842074940736,0.6352007761080106,49.315855953265896,-6572.616621073744
9.952196323393254,10.143842074940736,0.6352007761080106,49.315855953265896,-6572.616621073744
9.943865899822205,9.91414897985835,0.6465053501642303,49.27212043000582,-6572.6218305872935
10.172372869221913,10.003398643172297,0.6423232248388935,49.21944796308471,-6573.002370066379
10.172372869221913,10.003398643172297,0.6423232248388935,49.21944796308471,-6573.002370066379
10.172372869221913,10.003398643172297,0.6423232248388935,49.21944796308471,-6573.002370066379
10.010919240376044,9.955651723096217,0.6405623125025764,49.30894547322159,-6572.560426609113
10.010919240376044,9.955651723096217,0.6405623125025764,49.30894547322159,-6572.560426609113
10.010919240376044,9.955651723096217,0.6405623125025764,49.30894547322159,-6572.560426609113
9.89496484842829,9.903946943178532,0.634384553271729,49.35555251653644,-6572.458475594232
9.89496484842829,9.903946943178532,0.634384553271729,49.35555251653644,-6572.458475594232
10.191506299808143,9.665495476175986,0.6212429579578206,49.446373644894564,-6572.275894600051
10.023451412078252,9.829665600311486,0.6319901450110944,49.367714173305394,-6572.414762883016
9.998101615405702,9.662802274240114,0.643515386495942,49.5066499573396,-6571.875984859997
9.91250292649484,9.525485037182888,0.6316094050067859,49.42408569855439,-6572.3453358930765
10.094968456240014,9.540423970109273,0.64449573229253,49.69304100772024,-6571.380728251193
10.199853960639905,9.616622215841128,0.6527200718849393,49.7069008527835,-6571.35492554706
10.325734088126653,9.83014758018326,0.6365565844213015,49.88804575533724,-6571.329551738881
10.325734088126653,9.83014758018326,0.6365565844213015,49.88804575533724,-6571.329551738881
10.325734088126653,9.83014758018326,0.6365565844213015,49.88804575533724,-6571.329551738881
10.325734088126653,9.83014758018326,0.6365565844213015,49.88804575533724,-6571.329551738881
10.051364336707273,9.605035152600474,0.6379861224181661,49.864909112148595,-6571.10020606063
10.00184215005648,9.630309679598385,0.6347699642628448,50.0028316456825,-6570.934961632594
10.00184215005648,9.630309679598385,0.6347699642628448,50.0028316456825,-6570.934961632594
10.164793441228149,9.47224383365779,0.6413903936959096,49.783392672526716,-6571.215982537895
10.08901808429559,9.5318737736089,0.6525558382982354,49.93672758012361,-6570.864086372868
10.13338861257341,9.818047963680003,0.659118074713892,50.37110003522971,-6570.606560026655
10.241563361325516,9.690630949397338,0.6673857188151872,50.15419845246184,-6570.727308445906
10.311454243616526,9.929926135295425,0.6533815581008401,50.43019398527359,-6570.91593145425
10.199001065135391,9.96317684036793,0.6481976579400629,50.34814705663783,-6570.793698937047
10.225476785678849,10.118027667512392,0.6554725738180035,50.3581902050887,-6570.956070980101
10.100654853634266,10.408632923851442,0.6567483815285655,50.29649696542699,-6571.0562719739155
10.15920330182148,10.203445885728065,0.6530387564295476,50.26724854812681,-6570.959710520281
9.808808485760526,9.925657824700426,0.6581320802748788,50.10513888930367,-6570.707409834096
9.764417512582982,10.40441966681788,0.661465109589015,50.16411142635531,-6570.787248602598
10.01061306944979,10.08545370871014,0.6571673009795569,50.32261555555657,-6570.676322191709
10.027871087341223,9.884721589952926,0.6396094842668454,50.680650631323665,-6570.766785541642
10.155895579338054,9.72967898658659,0.6371556796209826,51.029470909073794,-6571.229073728327
10.119313600082764,9.621251243075633,0.6367020813310643,50.71041427417237,-6570.7621596396075
10.314919414823649,9.818783934198684,0.634075092474262,50.67352939696129,-6570.942045188329
10.343449236461172,9.680267112752823,0.6254574078367441,50.39664211369444,-6570.845208149927
10.138018394683908,9.687573180791338,0.6114210354243202,50.18122823653017,-6570.952749758992
10.000275381208251,9.354486843112841,0.59857422527259,49.96917991321171,-6571.594187692832
10.073569829267077,9.312923306083421,0.5780898189157339,49.97860393314811,-6571.898410151339
10.073569829267077,9.312923306083421,0.5780898189157339,49.97860393314811,-6571.898410151339
10.306771958870453,9.186604685941607,0.5809954262754699,50.232399905645906,-6571.37122431202
10.306771958870453,9.186604685941607,0.5809954262754699,50.232399905645906,-6571.37122431202
10.295193305023176,9.185462511184754,0.5665175168361744,50.21702878256768,-6571.662666738477
10.295193305023176,9.185462511184754,0.5665175168361744,50.21702878256768,-6571.662666738477
10.554623040162072,9.493636780860516,0.5667136462183776,49.74139890989102,-6572.28470331465
10.420675684275603,9.762195711090863,0.5801463146331055,49.691294691466325,-6572.196901763937
10.420675684275603,9.762195711090863,0.5801463146331055,49.691294691466325,-6572.196901763937
10.420675684275603,9.762195711090863,0.5801463146331055,49.691294691466325,-6572.196901763937
10.657506447797745,9.313787850402488,0.608222393431776,49.486396561564064,-6572.576413250557
10.64610066020354,9.054148913198448,0.617416175868393,49.478405403811735,-6572.408824115551
10.34665992539807,9.11434980657615,0.6261419814995208,49.68630588318089,-6571.5907783066505
10.414447932673136,9.169059708000626,0.6333446589266848,49.70465091779071,-6571.506312292819
10.414447932673136,9.169059708000626,0.6333446589266848,49.70465091779071,-6571.506312292819
10.361489633532127,9.135070234334774,0.6364656319089566,49.882862522107914,-6571.097146053022
10.495365681761335,9.337226143332778,0.6339803224214577,49.97155393345746,-6571.139041992999
10.30460739892389,9.083277209491015,0.6190991779835956,50.41583013255582,-6570.795461233283
10.499456212592161,9.181151717997327,0.6365098929006185,50.47583717246363,-6570.721999135956
10.255335587342012,8.80882631256161,0.653801876879715,50.64690057965442,-6570.613225717232
10.408029310504318,8.62695636235177,0.6478036002035399,50.51877946102057,-6570.597158334822
10.264917316354328,8.248962410305436,0.663042816878446,50.76187009797842,-6570.955195826411
10.350972140268967,8.262433834599014,0.6443433802868973,50.637146530475064,-6570.957919107508
10.488207173402492,8.1018105873256,0.6394953159605327,50.889394084398596,-6571.2532933608945
10.844714767470528,8.212504785565327,0.6486929191086753,51.031042402353094,-6571.255345391022
10.990298297526053,8.27220534587112,0.6556897039241476,50.92673673622269,-6571.243573798226
11.249209174034569,8.32607501526887,0.6682390396218564,50.85647605869165,-6571.770025599988
11.249209174034569,8.32607501526887,0.6682390396218564,50.85647605869165,-6571.770025599988
11.50977201564262,7.938734287968017,0.6669154725508226,50.531487226423124,-6571.972364854406
11.59884918682571,7.864614548254521,0.6615399770680288,50.401318209238,-6572.185042634092
11.662610873011465,7.856224810641256,0.6641365599705102,50.65297133403745,-6572.4177746687665
11.457412286453174,7.912501964679222,0.6680496905780703,50.45564469613517,-6571.787524347164
11.249126345252124,7.605082202826635,0.6631323395662447,50.7598551777648,-6571.234125531215
11.249126345252124,7.605082202826635,0.6631323395662447,50.7598551777648,-6571.234125531215
11.249126345252124,7.605082202826635,0.6631323395662447,50.7598551777648,-6571.234125531215
11.456212813128216,7.434566780242394,0.6355569581435838,51.02709093656632,-6571.963881538068
11.334255722579709,7.569089706587286,0.6464523729779729,50.96664282919562,-6571.652898797629
11.334255722579709,7.569089706587286,0.6464523729779729,50.96664282919562,-6571.652898797629
11.466421761923206,7.506596504007031,0.6511200539789921,51.09160884385659,-6572.04698632802
11.284900645006681,7.556507447008891,0.6562031822451759,50.729415276971764,-6571.282433423172
11.32222416114253,7.650597498529282,0.6601316340942689,50.91085867711091,-6571.536819976167
11.32222416114253,7.650597498529282,0.6601316340942689,50.91085867711091,-6571.536819976167
11.264591440045242,7.527387124865701,0.6679578485165582,51.02659283264811,-6571.5525078364935
11.124785520327276,7.494699725176703,0.6478034402942087,51.2098958131759,-6571.87527477185
11.284615773316288,7.443287429376317,0.6458799851728423,51.129619097813794,-6571.854222609637
11.295855308264345,7.532970071951855,0.6248426168523696,51.00366952060412,-6571.795180114229
11.117787495060266,7.353002112633556,0.6358931516135065,50.97582148706038,-6571.613696665243
11.22505509341891,7.184969303705533,0.633213079372682,51.102644436672556,-6571.968190323432
11.019329675980025,7.1248481684136395,0.6334929413123379,51.23889708980383,-6572.393245991752
10.949114647671712,7.471599067161998,0.6475759614266371,51.371133398716196,-6572.287459668361
10.920266741645442,7.536921759315798,0.6457795345764762,51.0817843273948,-6571.594795388035
11.302827585332853,7.097452535422605,0.6674610640691336,50.93471366644075,-6571.472079823969
11.261675719999763,6.977953629851778,0.672841018644144,50.69639389938802,-6571.201028803371
11.261675719999763,6.977953629851778,0.672841018644144,50.69639389938802,-6571.201028803371
11.261675719999763,6.977953629851778,0.672841018644144,50.69639389938802,-6571.201028803371
11.300170791355969,6.745275075269136,0.6762858568027591,50.62366412458514,-6571.266696168601
11.27765014552078,6.7583358840309105,0.6921387268643473,50.78110006138518,-6571.240136023449
11.473998895876798,6.622243920916363,0.6970388020848036,50.69610312020909,-6571.365677390597
11.24976294475216,6.822232879277952,0.6844932418006621,50.9211815395463,-6571.408414108309
11.3264167763714,6.838795209375549,0.6928699532104884,50.857102684733974,-6571.3215436130195
11.3264167763714,6.838795209375549,0.6928699532104884,50.857102684733974,-6571.3215436130195
11.3264167763714,6.838795209375549,0.6928699532104884,50.857102684733974,-6571.3215436130195
11.3264167763714,6.838795209375549,0.6928699532104884,50.857102684733974,-6571.3215436130195
11.3264167763714,6.838795209375549,0.6928699532104884,50.857102684733974,-6571.3215436130195
11.3264167763714,6.838795209375549,0.6928699532104884,50.857102684733974,-6571.3215436130195
11.416266724081895,6.768760149809506,0.6959264556216377,50.89088372572489,-6571.456529941157
11.416266724081895,6.768760149809506,0.6959264556216377,50.89088372572489,-6571.456529941157
11.416266724081895,6.768760149809506,0.6959264556216377,50.89088372572489,-6571.456529941157
11.416266724081895,6.768760149809506,0.6959264556216377,50.89088372572489,-6571.456529941157
11.172013290177588,6.807000068046136,0.6881016890711044,50.77097822832307,-6571.196990383866
10.948822291970075,6.89685169607773,0.693377133558115,51.230807342360755,-6571.919574579919
11.23258483828651,6.765574851216207,0.7077495979351509,51.00140514050163,-6571.4086310735365
11.352835711217528,6.970271787602171,0.7227486063862258,50.9875614287514,-6571.463137152407
11.3425241391798,6.786713845171483,0.7184594834003984,51.033748397674664,-6571.517035582679
11.128433194017536,6.33843805672486,0.7051323991347102,50.94216373731926,-6571.68921457071
11.080199586169257,6.466187394366323,0.7131675471872901,50.87360132302772,-6571.4053897928425
11.058597867261021,6.472974399941256,0.70225641040012,50.76997273989378,-6571.40488612911
11.171721926356483,6.755825773186245,0.7009794360913162,50.66124584488307,-6571.047630844323
11.16267741255279,6.766436419893858,0.6951240982512883,50.784072784945025,-6571.179546700646
10.972869140972865,6.891481389065175,0.69757115611376,50.60561079974525,-6570.961715245499
10.918604679031628,6.894416834861671,0.696559058154298,50.68841992420879,-6571.04936670044
10.996385365020641,6.988631709866796,0.6853299476559702,50.61576919257127,-6570.994485241528
10.996385365020641,6.988631709866796,0.6853299476559702,50.61576919257127,-6570.994485241528
10.848881437608707,6.844287005077266,0.682975068859049,50.68797118201554,-6571.337987183728
10.733917384603755,6.794614504078844,0.6912005073702838,50.74144862787336,-6571.523455608862
10.733917384603755,6.794614504078844,0.6912005073702838,50.74144862787336,-6571.523455608862
10.879622540821366,6.5551255470428105,0.6891178725632893,50.74297206251977,-6571.667835305346
10.94298341608567,6.702308592394379,0.701023666207502,50.96965340121728,-6571.519969458372
10.851533598427876,6.720310456523731,0.6869620732412042,50.84603790715673,-6571.609347940741
10.718776369574506,6.877676740335845,0.6966236020257837,50.78206638241606,-6571.392801343316
10.91663082843416,7.224690194340355,0.6933928850229096,50.44992882338192,-6570.733745698288
10.77615978697525,7.309726946129602,0.6912266973389439,50.41510130870769,-6570.732770859606
10.80510380304832,7.484582102113951,0.7064499199432966,50.366439876149904,-6570.52250744417
10.80510380304832,7.484582102113951,0.7064499199432966,50.366439876149904,-6570.52250744417
10.80510380304832,7.484582102113951,0.7064499199432966,50.366439876149904,-6570.52250744417
10.637789915575382,7.488326895450967,0.7027006611132476,50.758440228543805,-6570.74599235284
10.54154109108566,7.61174071618042,0.697973210656381,50.776102638027,-6570.79069882358
10.54154109108566,7.61174071618042,0.697973210656381,50.776102638027,-6570.79069882358
10.609737128029767,7.550276829836695,0.6894028880743497,51.02786460289164,-6571.232342637353
10.609737128029767,7.550276829836695,0.6894028880743497,51.02786460289164,-6571.232342637353
10.609737128029767,7.550276829836695,0.6894028880743497,51.02786460289164,-6571.232342637353
10.609737128029767,7.550276829836695,0.6894028880743497,51.02786460289164,-6571.232342637353
10.472105982763283,7.516945625611101,0.7057141136611256,51.04221693123978,-6571.302713967542
10.429397806254517,7.733361161105593,0.7066036040776748,50.972430348305366,-6571.019879801774
10.429397806254517,7.733361161105593,0.7066036040776748,50.972430348305366,-6571.019879801774
10.428229270038248,7.993243360374246,0.7097063342831903,50.917914712761174,-6570.736982894689
10.270194644564,8.274035515550832,0.7222093602986712,50.81809279198552,-6570.504442658392
10.282706591815298,7.995069692728153,0.7230283579942955,50.84887761678736,-6570.6728435960995
10.334845331789504,8.13855028787326,0.7195315826820148,50.58690339286873,-6570.3129860346835
10.334845331789504,8.13855028787326,0.7195315826820148,50.58690339286873,-6570.3129860346835
10.38299499697418,8.121338975564306,0.7341874644461533,50.971337054815216,-6570.699184668919
10.722017453397925,8.344130748221971,0.7171304713434404,51.09702044318557,-6571.167373975509
10.819831929673718,8.438822053710084,0.7212097016370581,51.158069307597906,-6571.527913307089
10.551094572993009,8.518569344952263,0.719024134031501,51.12395057960476,-6571.103027669309
10.551094572993009,8.518569344952263,0.719024134031501,51.12395057960476,-6571.103027669309
10.608784741684454,8.365471222104675,0.7115308396182813,50.881709403217066,-6570.675641327045
10.993726413391592,8.281988354509272,0.7044304984798527,51.00292211983549,-6571.4082666417235
11.39978992595775,8.18944016366881,0.7098145272830017,50.71253518971216,-6572.217053811751
11.121936541333874,8.318938174920284,0.7081691318948456,50.27149050955851,-6571.405445122495
11.121936541333874,8.318938174920284,0.7081691318948456,50.27149050955851,-6571.405445122495
11.121936541333874,8.318938174920284,0.7081691318948456,50.27149050955851,-6571.405445122495
11.14362038826643,8.050788449216535,0.7087621243755503,50.54412104735868,-6571.1673577531565
11.307789569117334,8.331507334824432,0.7152593394817436,50.55581548383793,-6572.052537836391
11.209761778681214,8.259845706089138,0.7349044586738291,50.27251067304712,-6571.80475040656
11.201993064672921,8.026651159900911,0.7429059468227261,50.409951315635226,-6571.508055746166
10.90410133210278,8.127880478226324,0.7340267280755114,50.313228926199315,-6570.770061124331
10.965395575551629,8.134650578894862,0.7136001330826904,50.156403560895114,-6570.93556613275
11.057837834371613,7.57631672450925,0.7128215998206231,50.01036808414592,-6570.999624256527
11.056866571276288,7.550695827338808,0.7092698470026617,50.073878356667606,-6570.919583121406
10.817209177543965,7.5760177751847255,0.7100320885908509,49.99531787719482,-6570.770816615248
10.64820565482282,7.857426401050072,0.7126557554257653,49.80338222886175,-6570.934712017757
10.64820565482282,7.857426401050072,0.7126557554257653,49.80338222886175,-6570.934712017757
10.540945762554866,8.009333708392557,0.7290640485874763,50.02415662757834,-6570.471442600361
10.540945762554866,8.009333708392557,0.7290640485874763,50.02415662757834,-6570.471442600361
10.767433690558173,8.166572125600812,0.7191185959115267,50.08553630017502,-6570.660944680929
10.992843250059556,8.314309363983483,0.7250912373949311,50.108220786543896,-6571.242228282496
10.802936188426886,8.231907628804326,0.7275845936750704,50.381271024441844,-6570.598917270286
10.755217673725772,7.991331977240779,0.7232587924816205,50.46828294332371,-6570.414116103651
10.611300421653434,8.230505698450335,0.7307492844409428,50.22219019023599,-6570.3750553908585
10.770678064332726,8.313892457003819,0.7311002825621277,50.09644997519654,-6570.758662508564
10.595998401752365,8.405957874482537,0.7324733229035636,50.131172966949485,-6570.491408461937
10.595998401752365,8.405957874482537,0.7324733229035636,50.131172966949485,-6570.491408461937
10.41967165592664,8.291952888172728,0.7116035862919489,50.19080186886795,-6570.31175357834
10.577710519074712,8.468128445035351,0.7126870911479002,50.44547209172359,-6570.357189308351
10.577710519074712,8.468128445035351,0.7126870911479002,50.44547209172359,-6570.357189308351
10.68137911528711,8.283431853464217,0.709080070148922,50.445653985220495,-6570.4129422881215
10.472729610005473,8.461863164140796,0.7111136047292594,50.40088873688607,-6570.262991479485
10.816298979955564,8.376156828009602,0.7024801419765514,49.99161734586647,-6570.950249848706
10.816298979955564,8.376156828009602,0.7024801419765514,49.99161734586647,-6570.950249848706
10.816298979955564,8.376156828009602,0.7024801419765514,49.99161734586647,-6570.950249848706
10.785303694074361,8.332885865554685,0.7131289913883092,50.27354699206425,-6570.628199591857
10.661265506438491,7.9314676043534496,0.6986547680460846,50.30585898419919,-6570.420008031169
10.796798235382475,8.091264440522043,0.6840247519855154,50.44302747945908,-6570.539050735
10.769695591747286,7.524193250609817,0.6726034939437656,50.55729782750017,-6570.781236447749
11.108063713425686,7.585422803361301,0.6662657856400458,50.35934803171545,-6570.92882625877
10.937625187538085,7.536224926620272,0.6722617299932848,50.52402380645096,-6570.762928979837
10.888977649716026,7.648266334385849,0.6746415593567412,50.2683721282518,-6570.736470255576
10.906577684266704,7.5796610369675905,0.6726573917621553,49.99788920941215,-6571.046632058604
11.097720709315714,7.393323524831216,0.6516970065453941,49.84722749341506,-6571.651090991269
11.097720709315714,7.393323524831216,0.6516970065453941,49.84722749341506,-6571.651090991269
11.108990458705739,7.525709033388679,0.6470370170740208,49.84357022507957,-6571.6654782564
11.108990458705739,7.525709033388679,0.6470370170740208,49.84357022507957,-6571.6654782564
11.077608435112943,7.319259130041194,0.6413697591114031,50.03507551414503,-6571.493936098859
11.258957008217525,7.2897624901653675,0.6594670940260776,50.22583314278626,-6571.237287540787
11.286346840431872,7.504578221125646,0.6370889984738729,49.93238314275196,-6571.780850655047
11.129654545218585,7.503319325052143,0.6404086371251989,50.03509903267568,-6571.438075749697
11.23301315815545,7.488366137843965,0.6250117905203346,50.33504945571535,-6571.4032240512915
10.884633915684164,7.456304404508878,0.626947996708327,50.412496922790865,-6571.356743477088
10.981255407453215,7.462811330999315,0.621592193165117,50.36812594474845,-6571.392276033533
11.012133047854686,7.312328074002556,0.6252556600094303,50.429269712790465,-6571.438345148408
11.243451261865014,7.676596259266025,0.6281943357447866,50.57267569985582,-6571.3268101991835
11.450712619593212,7.801623830373126,0.6210776192903124,50.624797619831874,-6571.756950243474
11.356095142988773,7.981763908760115,0.6315073288485205,50.672886069391545,-6571.620456479761
11.363027713040312,7.887984004986012,0.6364870796648755,50.454743215237166,-6571.533568871756
11.082178818420044,7.712551368701506,0.6438050492546283,50.07053285329427,-6571.275033272198
10.924360774954,7.770375920099686,0.6564281288689189,49.93885212808385,-6571.222978796669
11.107561382809566,7.686739206334937,0.6594628829836026,49.91060104252546,-6571.422603675674
11.037082906475332,7.597038331788226,0.6393159107650039,49.901373017290275,-6571.571218043461
11.037082906475332,7.597038331788226,0.6393159107650039,49.901373017290275,-6571.571218043461
10.967680175819138,8.04898357370457,0.6292897400188411,49.622830332012455,-6572.123380001637
10.989654740371217,8.058664788650084,0.6371479606732522,49.66230231931967,-6571.970702204432
11.04563631135164,8.08955698179454,0.6351279369218519,49.72291738155704,-6571.9140603217475
10.589750763955687,7.66692815588438,0.6228659400691026,49.77993764722564,-6572.285475834618
11.094561465723116,7.68474983941823,0.6361151834576788,49.91172219182801,-6571.596732453953
10.825807498527748,7.6545903972472615,0.6447051344427838,49.7996081147023,-6571.646540213425
11.032346322195435,7.681410335801628,0.6546289084998858,49.63856098810981,-6571.953842672121
11.032346322195435,7.681410335801628,0.6546289084998858,49.63856098810981,-6571.953842672121
11.032346322195435,7.681410335801628,0.6546289084998858,49.63856098810981,-6571.953842672121
11.540053176546042,7.367534035836368,0.6552101290136829,49.5353473505944,-6572.9999336037545
11.412072245089806,7.227262570827848,0.6438150267219745,49.407200474983426,-6573.215093335844
11.631410543653079,7.487790931570021,0.6473988706111694,49.42978920234096,-6573.626169161503
11.674133948427036,7.138734889377403,0.6459132833063294,49.5613977092617,-6573.20650435637
12.053801083459796,6.706311139298156,0.6502710299120724,49.51106372970801,-6574.1681652583675
11.826476731218753,6.894718907111364,0.63957292934446,49.65104095669252,-6573.297689952482
11.826476731218753,6.894718907111364,0.63957292934446,49.65104095669252,-6573.297689952482
11.91346851910928,6.76894868248969,0.6543681496265916,49.72141722016225,-6573.235867748084
11.883317703839417,6.624732451818996,0.6502431212548229,49.80470872549019,-6572.965804799531
11.805185509334105,6.276097578099542,0.6509137171207128,49.922936830456045,-6572.65277621902
11.78678263779904,6.089089178084644,0.6505317900128307,50.12018166704349,-6572.451998790957
11.78678263779904,6.089089178084644,0.6505317900128307,50.12018166704349,-6572.451998790957
11.7407273630073,6.046578626212607,0.6625709204723879,49.83241109106803,-6572.772908582672
11.849545962208394,6.163502369896194,0.6778719658832051,49.38709084746222,-6573.888898157881
11.793186478588416,6.115829164242547,0.6684813988218048,49.54362926959661,-6573.427252550023
11.99485684095717,5.950309302978823,0.6770938670476846,49.31004717742897,-6574.470529428063
11.99485684095717,5.950309302978823,0.6770938670476846,49.31004717742897,-6574.470529428063
12.307030282876292,5.872297693566515,0.6839724643644006,49.508505845418156,-6574.527626935966
12.109841799900577,6.344601624747825,0.6988744696579988,49.38280220745914,-6574.481664248104
12.141635217520008,5.763540355510336,0.6981636353061688,49.417487555885366,-6574.32005875342
12.007216622033727,5.797412650013922,0.6993067581816422,49.73213048745221,-6573.1702667185655
12.123162659793207,5.71510273596104,0.6990212288367873,49.97709251980455,-6572.950661962244
12.054180477041044,5.949929639260681,0.6944280869501158,50.26562959069683,-6572.470907712309
12.054180477041044,5.949929639260681,0.6944280869501158,50.26562959069683,-6572.470907712309
11.863883509135405,5.843604736399103,0.7066023870408601,50.1472069122323,-6572.185755253453
11.799613805639376,5.870188047523859,0.6963474591190154,50.31070199645741,-6572.013920856112
11.799613805639376,5.870188047523859,0.6963474591190154,50.31070199645741,-6572.013920856112
12.03987736949654,5.856255398764562,0.7073924670643685,50.618089518398975,-6572.3349714489805
12.010400582296393,6.0429556256602845,0.7127262208604322,50.36196925572223,-6572.300008452056
12.010400582296393,6.0429556256602845,0.7127262208604322,50.36196925572223,-6572.300008452056
12.179642309516632,6.7665085712273365,0.7128644309578702,50.37548941886092,-6573.42021560321
12.179642309516632,6.7665085712273365,0.7128644309578702,50.37548941886092,-6573.42021560321
12.34991195685287,6.565464571417627,0.7217197513576915,50.7193534595325,-6574.002974437407
12.486366228198042,6.466314054634409,0.7166190714946372,50.68766684564289,-6574.433693704361
12.26435175269963,6.550770660289982,0.7112389627713789,50.585304933273974,-6573.4781988380055
12.26435175269963,6.550770660289982,0.7112389627713789,50.585304933273974,-6573.4781988380055
12.120141756807119,6.295328672517864,0.7135425182946405,50.621332282040434,-6572.722308865004
12.573420198407662,6.503239363067722,0.7099628699225257,50.63044209401593,-6574.828919123493
12.573420198407662,6.503239363067722,0.7099628699225257,50.63044209401593,-6574.828919123493
12.714839208838645,6.827522196437046,0.7100838650110997,50.479359348756525,-6576.1813249481875
12.714839208838645,6.827522196437046,0.7100838650110997,50.479359348756525,-6576.1813249481875
12.706597933768663,6.860675239151441,0.7262717104951072,50.80839603958183,-6576.517172510854
12.803435577648466,6.612875419789519,0.750480781914429,50.883946496517744,-6577.025039473198
12.92471858099793,6.706854844973452,0.7326764567155659,50.829284481308406,-6577.646813577848
12.979002799131235,6.684082032797931,0.7392342247626504,50.61507589576306,-6577.978695109712
12.979002799131235,6.684082032797931,0.7392342247626504,50.61507589576306,-6577.978695109712
12.749751063550907,6.555289143447932,0.7426544171334308,50.41326256888349,-6576.327717548607
12.272627490030638,6.562168780023412,0.7383621425738585,50.35331710746516,-6573.794932803711
12.272627490030638,6.562168780023412,0.7383621425738585,50.35331710746516,-6573.794932803711
12.36099979601579,6.466816043522024,0.7380808730345683,50.159196965366306,-6574.205197924643
12.36099979601579,6.466816043522024,0.7380808730345683,50.159196965366306,-6574.205197924643
12.435217956124237,6.510637181403993,0.7303972763472637,50.31150610706498,-6574.428277055846
12.435217956124237,6.510637181403993,0.7303972763472637,50.31150610706498,-6574.428277055846
12.435217956124237,6.510637181403993,0.7303972763472637,50.31150610706498,-6574.428277055846
12.353598023657513,6.296274635758617,0.7382355449365163,49.87641500790137,-6574.331566802027
12.40593568891751,6.240910506522678,0.7391684373040732,50.035849048828446,-6574.261822803487
12.40593568891751,6.240910506522678,0.7391684373040732,50.035849048828446,-6574.261822803487
12.30817365401135,6.371428170709297,0.7285122581158519,50.22498684568336,-6573.700909697613
12.420045911678422,6.4151588682687555,0.7036033146709924,50.51496416678481,-6573.921800690291
12.093085786501009,6.262208238714063,0.6851656788086214,50.31929952467378,-6572.614190798373
12.218824789428808,6.455050719478374,0.6878774910083206,50.42856885961854,-6573.091745792569
11.993373965214497,6.568956697317962,0.6839158458566296,50.811253324575034,-6572.529501036537
12.230946537495836,6.589208027287982,0.690083151545989,50.59118334020041,-6573.257282998181
12.245116817049855,6.659994190239449,0.6958635674171091,50.747717242481336,-6573.479607257481
12.418884831344393,6.367076173177981,0.6954474167435792,50.69808905026384,-6573.838076196478
12.511378356894674,6.4501705115467445,0.697366103888123,50.554203908095964,-6574.327741278987
12.362043356109405,6.418404252663404,0.6677507671444454,50.4899341649723,-6573.51382752942
12.287825944658161,6.243809963239229,0.6614979209701807,50.79360521089598,-6573.213940098567
12.287825944658161,6.243809963239229,0.6614979209701807,50.79360521089598,-6573.213940098567
12.385465116411048,6.486372439482501,0.6652308899781764,50.53552572078647,-6573.651599535748
12.467709110060948,6.295667939846112,0.6851586040609502,50.83080271475305,-6573.981242240443
12.509083904434586,6.360907165481634,0.6812627018724265,50.590162236922886,-6574.099000379534
12.584134863791345,6.400098580073874,0.6587893770283322,50.848665418274095,-6574.454768626268
12.584134863791345,6.400098580073874,0.6587893770283322,50.848665418274095,-6574.454768626268
12.527939210677717,6.623328939441203,0.650587268322533,50.91441553530887,-6574.484431419285
12.47977658935495,6.405155074638902,0.6579576809329764,50.848672075573475,-6574.032858604331
12.504350977769475,6.595704135267371,0.6581146242206384,50.75989170871985,-6574.276394479672
12.504350977769475,6.595704135267371,0.6581146242206384,50.75989170871985,-6574.276394479672
12.683080662569044,6.325795620284012,0.657676793841571,50.872460095618294,-6574.810639866413
12.623033203136046,6.001163123308688,0.6498958554294343,50.425322000689455,-6574.159679514883
12.801744657909737,5.788613640305247,0.6386645812623368,50.57298379244191,-6574.652662679822
12.439392679873809,5.975580693114589,0.6398248226193688,50.18003027910438,-6573.743231499207
12.220318866103153,6.261670072369471,0.6428582415298045,50.42509515521161,-6573.007119778971
12.227626888188121,6.083739733192486,0.6538627238958999,50.59388781370131,-6572.92925413543
12.27302830360048,6.208053561654474,0.6724161816061571,50.73059224690166,-6573.113010994821
12.390392502966574,6.4521385583244655,0.6717105650690116,51.10155100163973,-6574.073849512131
12.381353702031353,6.377370149667487,0.6670230963377358,50.94367810321913,-6573.75403648703
12.016141014697805,6.222711503360446,0.6764673220161984,50.91117121929446,-6572.572757929269
12.016141014697805,6.222711503360446,0.6764673220161984,50.91117121929446,-6572.572757929269
12.177467154012101,6.276480882987271,0.6838925561255071,51.132823875469,-6573.315192115406
11.779625470904811,6.092066193746418,0.6679691920070495,50.96596573300167,-6572.335730910173
11.923960592574582,5.935124907692214,0.6633754744974747,51.115696053585,-6572.834106286476
11.946182226547108,6.04460909234263,0.6629965005145908,51.23771857142526,-6573.0487931965545
11.772691629372643,6.222241195888648,0.6776595373122276,51.127947537615526,-6572.4620278535795
11.772691629372643,6.222241195888648,0.6776595373122276,51.127947537615526,-6572.4620278535795
11.772691629372643,6.222241195888648,0.6776595373122276,51.127947537615526,-6572.4620278535795
12.009659300553507,6.251941795601745,0.6705151402511703,51.153658757879555,-6572.929967361934
11.905929066391451,6.500980181775214,0.6754874805208739,51.20480569187575,-6572.831196351576
11.832375612596492,6.6348930957174055,0.6847697398464696,51.20346962058837,-6572.693303025171
11.937887365442103,6.697672002993191,0.6931618756715703,51.457736802579085,-6573.5936343522535
11.80921435130962,7.242119790784421,0.6813883844023958,51.642728318093745,-6574.1179406639985
11.616642767565601,7.083306364207566,0.6856796281114327,51.848464738303655,-6574.288937740377
11.616642767565601,7.083306364207566,0.6856796281114327,51.848464738303655,-6574.288937740377
11.70673986966995,7.022593181843914,0.6963919596201397,51.74003517299124,-6574.071088390259
11.845031198047076,7.020855698531296,0.7120427548993132,51.65929063808156,-6574.246335881753
11.953563625810089,6.880873243599262,0.7168308608785714,51.732614961338,-6574.737422769608
12.029479983668057,6.910737401631493,0.6904979471447469,51.66163294655273,-6574.617491797341
12.033295284907588,7.223402585693373,0.6757392093360025,51.52120131127473,-6574.453295089484
12.033295284907588,7.223402585693373,0.6757392093360025,51.52120131127473,-6574.453295089484
12.30349474505168,7.061799543448354,0.6863656515015172,51.72110341037594,-6575.9971187062
12.30349474505168,7.061799543448354,0.6863656515015172,51.72110341037594,-6575.9971187062
11.988496553681124,6.523760089978522,0.6703053147340812,51.58796486118119,-6573.985895999063
11.852536743171557,6.385684566543844,0.6656459042482609,51.436295957812405,-6573.291191122748
11.852536743171557,6.385684566543844,0.6656459042482609,51.436295957812405,-6573.291191122748
11.852536743171557,6.385684566543844,0.6656459042482609,51.436295957812405,-6573.291191122748
11.718161059146567,6.219484626344367,0.6619252735245872,51.358662034793184,-6573.023540300784
11.774092301018001,6.257149956072253,0.6664384973405307,51.741312204348844,-6574.1897218995455
11.75759241372707,6.040180652875502,0.6575811986716957,51.746225426378366,-6574.414469743967
11.552918520867838,6.195629143221633,0.66793851827173,51.84391139048818,-6574.547098217544
11.594942506506984,6.202925405427333,0.6729533117713805,51.89078492658271,-6574.679767744655
11.774943702305903,6.423750239379827,0.6601285681081679,51.846160829505784,-6574.560684413569
11.433809458854233,6.411632478183046,0.6346512131875455,51.60948249856575,-6573.92605350878
11.433809458854233,6.411632478183046,0.6346512131875455,51.60948249856575,-6573.92605350878
11.497377946503764,6.59674266781127,0.6508020858044071,51.53947407151306,-6573.297591678876
11.466593390762005,6.50322816087295,0.6460990072298048,51.56076750539177,-6573.492059534498
11.466593390762005,6.50322816087295,0.6460990072298048,51.56076750539177,-6573.492059534498
11.71518876167759,6.9566195536349635,0.6451179048598266,51.185263960179654,-6572.572795966205
11.683825634092136,6.813897718605222,0.6377657916547973,51.10997760225649,-6572.426217827309
11.683825634092136,6.813897718605222,0.6377657916547973,51.10997760225649,-6572.426217827309
11.683825634092136,6.813897718605222,0.6377657916547973,51.10997760225649,-6572.426217827309
11.65677978310312,6.862727018167691,0.6366145461789137,51.19464059906291,-6572.5485893538535
11.621839654946692,7.185576787700883,0.6357321592571071,51.10872761803598,-6572.339045314117
11.40882728400189,7.121334916729683,0.6305525943616824,51.25159604872023,-6572.405663549939
11.40882728400189,7.121334916729683,0.6305525943616824,51.25159604872023,-6572.405663549939
11.170320551644057,7.036783966423217,0.6361710170787606,51.55962296067209,-6573.239460096037
11.172728289420345,6.830912558559783,0.6494196317186232,51.45724754503203,-6572.939737790324
11.258390760812784,6.542331617999399,0.6540329105319393,51.43911783448213,-6573.077906146786
11.250065756766652,6.784344181547154,0.6559100977379985,51.166959111768065,-6572.124269988013
11.250065756766652,6.784344181547154,0.6559100977379985,51.166959111768065,-6572.124269988013
11.59413637634463,7.0977898588135675,0.6560851442817978,50.83561880811461,-6571.820668019619
11.570626523739405,7.0080601430203,0.6539755117720658,51.06036390617804,-6572.069372575867
11.570626523739405,7.0080601430203,0.6539755117720658,51.06036390617804,-6572.069372575867
11.666474310388082,7.221631979698326,0.6482377113849902,50.9735976116764,-6572.18739333566
11.710384476798126,6.951205350342492,0.6624863884343336,50.986185684329214,-6572.178128610229
11.710384476798126,6.951205350342492,0.6624863884343336,50.986185684329214,-6572.178128610229
11.293309923180352,7.464253560132747,0.6691032025124907,51.09595227372062,-6571.699366459606
11.271798808144872,7.401034372108954,0.6660845778171393,51.120859779633484,-6571.720314289027
11.405944682668771,7.590664621604368,0.6643519317777966,51.151003748712434,-6572.048789661528
11.802676935490076,7.556788572390759,0.6667665091731081,51.237901339584795,-6573.285427535397
11.29782744305326,7.737575230331092,0.6423475405076916,51.27443208457767,-6572.2174762247705
11.321961012468858,7.991552033222246,0.6323481635711609,51.2481917463114,-6572.32044155859
11.28339830803585,8.167966379108703,0.6244663985608112,51.30482462617531,-6572.481755033417
11.048228324235332,8.0442716331758,0.620523306766075,51.42750050815444,-6572.49457084582
10.586167041516532,8.238111974453039,0.6217433537783539,51.209511557040905,-6571.896624378442
10.586167041516532,8.238111974453039,0.6217433537783539,51.209511557040905,-6571.896624378442
10.707211640439736,8.271661248955448,0.6150365699522713,51.302824436413204,-6572.112989519744
10.5421390592312,8.13875131634339,0.6248973014446243,51.35467882073613,-6572.361248359752
10.481789501957198,8.041986570473512,0.6300268951024227,51.335894378161754,-6572.417529195851
10.485582313547283,7.802749987559689,0.6310202500289581,51.006140574251695,-6571.915699000336
10.485582313547283,7.802749987559689,0.6310202500289581,51.006140574251695,-6571.915699000336
10.4476470742617,7.961134667288674,0.6241004135512443,50.82030018267976,-6571.629418076734
10.394248469706795,7.745443644385938,0.6265125978886874,51.0300627802945,-6572.356109715706
10.52249444663973,7.849544520386962,0.625349730699068,51.02144111706572,-6571.913553821636
10.684911957459773,7.494442390590136,0.6243239348274903,50.84801721160912,-6571.840707730065
10.696485457285712,7.464844105404081,0.6283837849202333,50.968613218864625,-6571.957628562512
11.055293392437006,7.3579772351363015,0.6298663608146188,50.65336880940404,-6571.359450314405
10.938507224213796,7.021214668556823,0.647611698118561,50.86849042921766,-6571.704434520414
10.854112824808388,6.67417754857356,0.626853142971257,50.94413202443224,-6572.986559845053
10.98440204373115,6.878868523004002,0.6257952687806845,50.90576559963424,-6572.2828738946255
10.98440204373115,6.878868523004002,0.6257952687806845,50.90576559963424,-6572.2828738946255
10.87234797050446,7.091821309169746,0.6230086663614866,50.83328181333134,-6572.10857542267
10.705716104654424,7.221061919206048,0.6267320493472976,50.80118154177011,-6572.117657929544
10.56638609816824,7.414516027038716,0.617059214542878,50.7319021133872,-6572.266053686453
10.392142369971877,7.58938066262217,0.6124783508048439,50.75143595167422,-6572.575590068305
10.810090394435061,7.400135303658505,0.6264011784338805,50.77554590391105,-6571.649595090523
10.931771975417094,7.437730393431758,0.6405778441004645,50.88861474166805,-6571.414039679949
10.958364557826714,7.727144114681184,0.654737041612992,50.80347355122266,-6571.02043976272
10.958364557826714,7.727144114681184,0.654737041612992,50.80347355122266,-6571.02043976272
10.78725549775116,7.765198353094339,0.6601281057245265,50.687872690426104,-6570.828022553392
11.081850115762427,7.875500203317365,0.6576978106365781,50.71626816535484,-6571.031721703702
11.081850115762427,7.875500203317365,0.6576978106365781,50.71626816535484,-6571.031721703702
11.128738438223527,7.973951246694115,0.662967621226532,50.52467549456441,-6571.034048307566
11.128738438223527,7.973951246694115,0.662967621226532,50.52467549456441,-6571.034048307566
11.331028632082148,8.189434253923325,0.6507652152211733,50.113264861970436,-6571.852999478613
10.960426644285047,8.287666514551953,0.6465275827133273,49.901248515168426,-6571.408680277236
11.023025558703791,8.067586585841173,0.6412461786260999,49.91607965424006,-6571.454865508527
10.845661924477726,7.986109141615693,0.6386457121287508,49.96185903265599,-6571.261126303707
11.105036515792575,7.830673994083488,0.6342297918047702,50.04599211256966,-6571.4005759957145
11.105036515792575,7.830673994083488,0.6342297918047702,50.04599211256966,-6571.4005759957145
11.105036515792575,7.830673994083488,0.6342297918047702,50.04599211256966,-6571.4005759957145
10.8802551570007,7.962757948902776,0.6350404327461723,50.34095939795706,-6570.9510959977215
10.625734174971278,7.65652675331873,0.6424342053483971,50.574425503870565,-6571.185923437146
10.578014006997076,7.68051691974071,0.6443695100056103,50.64719702759669,-6571.233701760148
10.700747663308361,7.653095133322173,0.6377890973087685,50.766507397451605,-6571.303446325854
10.49226874137152,7.747617547530185,0.6519960072558236,50.66140650689864,-6571.179207552293
10.49226874137152,7.747617547530185,0.6519960072558236,50.66140650689864,-6571.179207552293
10.711206670391325,7.7869547567529445,0.6625542686507427,50.917164080822054,-6571.065470575753
10.740197386471054,7.742917101864182,0.6652770870196313,50.71692617892158,-6570.822955929352
10.740197386471054,7.742917101864182,0.6652770870196313,50.71692617892158,-6570.822955929352
10.759269482866504,7.481714776531949,0.6495375367693813,51.038206120765025,-6571.625411838118
10.683551293913798,7.492930628122423,0.6566671740778781,51.09444555407174,-6571.716354093608
10.783271065880909,7.601770828157124,0.6712917245511034,51.63537833110248,-6572.9098808506305
10.724426515507444,7.836418617089795,0.6825245991841994,51.203327526450316,-6571.426683872299
10.580478328437808,8.016939176120601,0.6767708841659111,51.44695822642026,-6572.109380028112
10.810078077508,8.183231006907373,0.6845336650736997,51.51327762825291,-6572.283811050042
10.810078077508,8.183231006907373,0.6845336650736997,51.51327762825291,-6572.283811050042
10.809277354898558,7.991870814109614,0.6657219170138139,51.362298994177344,-6571.901483135094
10.901952721340214,7.707673785484479,0.6728786143834535,51.28974270523001,-6571.751184077095
11.022009123234822,7.46720442826078,0.6801716422139021,51.45026417888702,-6572.254962069951
11.022009123234822,7.46720442826078,0.6801716422139021,51.45026417888702,-6572.254962069951
10.538899044143692,7.45903543284347,0.6730484920635327,51.52784451680862,-6572.975861511572
10.33921804269708,7.81408385754649,0.6760642487111638,51.4215680263679,-6572.542927797768
10.33921804269708,7.81408385754649,0.6760642487111638,51.4215680263679,-6572.542927797768
10.298289320321723,7.483058169848266,0.6704400259516244,51.241568301666355,-6572.711512310099
10.673182612179968,7.182605827472865,0.6712654607114555,51.07570526231039,-6571.865406622723
10.481689416018428,7.557334079031882,0.671290079991446,50.72513341874458,-6571.192346594804
10.290216391502613,7.442590245769621,0.6551569141911353,50.644471831478775,-6572.093326978098
10.527896757967738,7.218423492814706,0.6441159726619803,50.88503294645424,-6572.3058071876185
10.734408463923428,7.176208620905345,0.640304819121576,51.064037945308705,-6572.256623442606
10.734408463923428,7.176208620905345,0.640304819121576,51.064037945308705,-6572.256623442606
10.559684151253341,7.2315238702954145,0.6407735771303166,51.06998699804783,-6572.586075025163
10.559684151253341,7.2315238702954145,0.6407735771303166,51.06998699804783,-6572.586075025163
10.559684151253341,7.2315238702954145,0.6407735771303166,51.06998699804783,-6572.586075025163
10.559684151253341,7.2315238702954145,0.6407735771303166,51.06998699804783,-6572.586075025163
10.639062082286017,7.258769275692502,0.6430231109322717,51.11452567838818,-6572.383131478306
10.639062082286017,7.258769275692502,0.6430231109322717,51.11452567838818,-6572.383131478306
10.639062082286017,7.258769275692502,0.6430231109322717,51.11452567838818,-6572.383131478306
10.757883213726085,7.12507324368335,0.6498423971913673,51.06191074641549,-6572.110985506019
10.974927035700013,7.652894785894711,0.6378813153138045,50.93602076529623,-6571.366445250869
11.176421618173014,7.686318473410855,0.6428467430329764,50.653642660759935,-6571.171999803801
11.082665346240214,7.6678152078822635,0.6484141599091866,50.32649978762792,-6571.028178996316
11.109780078346407,8.064460019608028,0.6550829702926046,50.135474662149164,-6571.225946153851
11.162710713135912,8.176197998631674,0.6549018277263136,50.43097238713338,-6571.219947346097
10.79411525795477,8.272836538724707,0.6379996839294493,50.056565345856036,-6571.05443436442
11.20910009483362,8.434729747515531,0.6447510433131631,49.98821899957389,-6571.889987340562
10.957309299703843,8.413664889494825,0.6487724934530511,49.95318546395349,-6571.357777237068
10.825789832256996,8.351335111958806,0.6430990707337336,49.98732911041784,-6571.135804190594
10.824035895874676,8.155006123024283,0.6419470034897058,50.23882523060601,-6570.8754843598745
10.615132192501601,8.254941727627847,0.6567158455548203,50.13736528441195,-6570.733792438834
10.615132192501601,8.254941727627847,0.6567158455548203,50.13736528441195,-6570.733792438834
10.80332871910326,8.008649252089063,0.6502800869214939,50.1857592223045,-6570.859217998852
10.812378954630647,8.126850751099523,0.6291707778732418,50.05538371037174,-6571.178806009437
10.598905772853529,8.171573238720661,0.6174309307013777,50.25128982894285,-6571.169013832172
10.66968961668576,7.935590283073629,0.6130141148817017,50.129602165640144,-6571.489046035126
10.66968961668576,7.935590283073629,0.6130141148817017,50.129602165640144,-6571.489046035126
10.645429888412187,7.908307313430912,0.5965015051910569,50.070727175602585,-6571.944104403023
10.645429888412187,7.908307313430912,0.5965015051910569,50.070727175602585,-6571.944104403023
10.616740326101688,8.347188409229116,0.5827984791552421,49.73808747725234,-6572.408239606239
10.944306861078857,8.274005327084211,0.6014508117557168,49.555484419370245,-6572.581593354378
11.172195949557917,8.032849716987817,0.6109978066549345,49.35384859347277,-6573.3542749050885
11.159993786858204,7.885280026496976,0.6028375107483637,49.61492361328526,-6572.648867791197
11.159993786858204,7.885280026496976,0.6028375107483637,49.61492361328526,-6572.648867791197
11.085181769811967,7.916261653392014,0.6088958908649263,49.6598080519728,-6572.382747380401
11.085181769811967,7.916261653392014,0.6088958908649263,49.6598080519728,-6572.382747380401
11.219334422572013,7.528144393138818,0.6004727517373715,49.66516111998,-6572.7227970116055
11.215380123554041,7.8218863671445416,0.6053597613343435,50.011435407370946,-6571.856247891806
11.342582950610616,8.086466443486986,0.6081359570282009,50.28497372278915,-6571.781227996913
11.342582950610616,8.086466443486986,0.6081359570282009,50.28497372278915,-6571.781227996913
11.147813308209342,7.787520762908226,0.6004082437106689,50.14935250945887,-6571.689552993624
11.172802855664685,7.67987252377919,0.5862033061817187,50.136334065476014,-6571.97555122517
11.439729751499012,7.883691543903308,0.5999481663512869,50.493536003434265,-6571.87407111482
11.274012250066994,8.040157638446862,0.613102335986081,50.22382401291467,-6571.645681681499
11.470357679927437,7.923786129253361,0.605986591625232,49.95605680902816,-6572.384786310827
11.611250710850863,7.7916071396898685,0.6129349206402853,50.18738176129485,-6572.318793549241
11.447292788799684,7.822981523741843,0.6198581354966909,50.10148168269708,-6571.998066496886
11.641734359080239,7.895730614940886,0.6193537194813213,50.091298679998516,-6572.568369941846
11.52777477953578,7.680443822946586,0.6293171727114901,50.41806765150414,-6571.837421596099
11.900669707343633,7.67443471687105,0.6274169656885232,50.4184523272696,-6572.958902452181
12.131591765421632,7.612114227060443,0.6266706312483893,50.62469460021833,-6573.773158376996
12.038146502058613,7.9039738965724515,0.6531015837904779,50.4787345176838,-6573.955939751198
12.01295284982971,7.95883391171895,0.6523701218973995,50.64517300011931,-6573.931257523889
11.759679531510397,7.85924515231662,0.6519929470099777,50.45924769360629,-6572.70496034612
11.860236992285776,7.747184761363648,0.6366765227127574,50.37998394236887,-6572.923897268609
11.85378113319137,7.900411653848156,0.6413857706664994,50.460615610475934,-6573.078431509491
11.836418071556245,7.81255991739785,0.6221754813305801,50.44734090122448,-6572.860192162147
11.798964476891067,8.264277954246094,0.615023017757252,50.43263220156996,-6573.259922893769
11.798964476891067,8.264277954246094,0.615023017757252,50.43263220156996,-6573.259922893769
11.798964476891067,8.264277954246094,0.615023017757252,50.43263220156996,-6573.259922893769
11.830698102702662,8.091033469254839,0.6312342330720543,50.52597980352694,-6573.19170605906
11.822765545600584,7.756435826941587,0.6402842244574063,50.818594237449126,-6572.884519557514
12.04546471554586,7.727579916295555,0.6414553000082714,51.03862161155994,-6573.955775439432
11.942700977281174,8.051605682934001,0.6615983236222671,50.71255543121891,-6573.86418261769
11.956778404520467,8.101009099715323,0.6645450351842191,50.46443989747098,-6574.009876741219
11.642969726012504,8.056862117009368,0.6864834742458495,50.17681893284438,-6572.861040953366
11.642969726012504,8.056862117009368,0.6864834742458495,50.17681893284438,-6572.861040953366
11.556721904908017,7.979587258118768,0.6748893951316002,50.50261421212806,-6572.2080107838465
11.464780917299239,8.194280677690863,0.6624872235111392,50.824996323332975,-6572.236522347358
11.392986496516368,8.081932369395854,0.6638768692129965,50.72181627455434,-6571.817043032266
11.397500832857146,7.775366438520657,0.6514490622139733,51.227114034010356,-6572.285894670575
11.383165437685491,7.605259047226725,0.6569631227035656,51.42784144123456,-6572.663225299058
11.26647115805774,7.537923703250543,0.6570711905768604,51.48205301234456,-6572.6342091786355
11.127022684190777,7.561424176934308,0.6477015394252322,51.47684784771002,-6572.556139462495
11.249594511664977,7.698061607927767,0.6423914700249796,51.46703280352262,-6572.647436577174
11.141833499557524,7.794933738178807,0.6497166022978221,51.44995541111828,-6572.454043663159
11.141833499557524,7.794933738178807,0.6497166022978221,51.44995541111828,-6572.454043663159
11.141833499557524,7.794933738178807,0.6497166022978221,51.44995541111828,-6572.454043663159
10.846399312451656,7.829891560997823,0.6514665215580667,51.252811281879055,-6571.769377172037
10.846399312451656,7.829891560997823,0.6514665215580667,51.252811281879055,-6571.769377172037
10.976599253948375,7.735643781431719,0.659078560970056,51.46227499812613,-6572.332222401192
10.976599253948375,7.735643781431719,0.659078560970056,51.46227499812613,-6572.332222401192
10.976599253948375,7.735643781431719,0.659078560970056,51.46227499812613,-6572.332222401192
10.976599253948375,7.735643781431719,0.659078560970056,51.46227499812613,-6572.332222401192
10.69349702366595,7.983295165583884,0.6434715472552346,51.39051465062352,-6572.192793765241
10.69349702366595,7.983295165583884,0.6434715472552346,51.39051465062352,-6572.192793765241
10.731926427416283,7.878232835219818,0.6418578999421523,51.04127911243302,-6571.42485490723
10.889052292345928,7.89856308666948,0.6415809133781136,50.708528300508945,-6570.973996189799
10.865422677681533,8.109655341575802,0.6263334640823102,50.947673274719165,-6571.316818689114
11.002927394963852,7.967748514554893,0.6204165372446365,50.492641367326094,-6571.1338100649755
11.195442372374165,8.150887401986404,0.6102453931765567,50.432497744506776,-6571.4534865853475
11.375741136705056,7.918776556723871,0.6225943052434602,50.67733512590253,-6571.6656760328515
11.375741136705056,7.918776556723871,0.6225943052434602,50.67733512590253,-6571.6656760328515
11.375741136705056,7.918776556723871,0.6225943052434602,50.67733512590253,-6571.6656760328515
11.375741136705056,7.918776556723871,0.6225943052434602,50.67733512590253,-6571.6656760328515
11.186004424413278,7.7032355760056825,0.6487591665580078,50.33494442999708,-6571.139375685394
11.186004424413278,7.7032355760056825,0.6487591665580078,50.33494442999708,-6571.139375685394
11.186004424413278,7.7032355760056825,0.6487591665580078,50.33494442999708,-6571.139375685394
11.430483930404847,7.4207895088025495,0.6424033691260896,50.34351749137091,-6571.518606582148
11.430483930404847,7.4207895088025495,0.6424033691260896,50.34351749137091,-6571.518606582148
11.694594410452405,7.53248729315614,0.6479424925253365,50.291917433340394,-6572.217343267431
11.731260015730937,7.422541574628916,0.640993916988344,50.596261917391764,-6572.18136321593
11.98093565210791,7.45229509078607,0.6278548398036045,50.47701735400053,-6573.003992106358
11.682039782632875,7.419966242206508,0.6361043601096434,50.33862817980997,-6572.097310316719
11.39919132560549,7.138448962825707,0.6392503293085665,50.42554618261456,-6571.480127077274
11.712572683556001,7.311126319440135,0.6564285932574543,50.448210242713216,-6572.044415174844
11.698793455307813,7.678674468213589,0.6631904781430848,50.128236350363665,-6572.525654222394
11.721891590147916,7.638121693302695,0.6548818979743115,50.208391792172606,-6572.466661780454
11.572616879570845,7.486850884576466,0.6572414305956763,50.53720034497314,-6571.771670957818
11.448333048165702,7.476678055875739,0.6492894004933634,50.40698696664238,-6571.510273480501
11.522118829951179,7.483525031147748,0.640439127465624,50.438079019436515,-6571.692689102357
11.517070561644474,7.27234564574595,0.6378664644059922,50.2806594179896,-6571.713985395953
11.40435243324816,7.180605019422034,0.6372427664815414,50.316563985681825,-6571.536698744344
11.669397891454174,7.2020611078107875,0.6356772552661726,50.16320325296228,-6572.117537560713
11.719662002900822,7.187852823464654,0.6616359884064577,50.24947767488275,-6572.080164496983
11.694248150240826,6.866990041067947,0.6492378348704464,50.024891616734955,-6572.208888115294
11.369403129172554,6.951347782152034,0.6498352106103992,49.85499597405228,-6572.028842829571
11.568337649642272,6.906003452178428,0.6669973469448679,49.96587211592499,-6571.965825463668
11.395982058468155,6.75866729134727,0.6806563327508074,50.185593304356686,-6571.395821858024
11.243991102017183,6.557767334003552,0.6913547198080773,49.97264521871724,-6571.591871734494
11.012995978006117,6.965491814913537,0.6772630285990504,50.058093688011326,-6571.303152512222
11.323893074148614,6.991300584883476,0.6915749667951347,50.00041233266056,-6571.412455336103
11.323893074148614,6.991300584883476,0.6915749667951347,50.00041233266056,-6571.412455336103
11.35496390033241,7.221860393493709,0.700210045842033,49.83080083683341,-6571.736651911773
11.35496390033241,7.221860393493709,0.700210045842033,49.83080083683341,-6571.736651911773
11.44864694648963,7.088995403934057,0.7086736982814366,49.8802803151428,-6571.793539463461
11.140605263932574,7.226166450962585,0.7143693742357604,50.003749936532635,-6571.077699281238
10.85663628933801,7.197273443221507,0.7116975284359383,50.087347027839506,-6570.809864681747
11.118090606670004,7.411420193862335,0.7226557425704634,50.212332360139925,-6570.848344352056
11.140137789545301,7.571339548498202,0.7235709808422119,50.36461823181309,-6570.8772134447845
11.496615067180315,7.573616275728991,0.7260957901795525,50.35361778692825,-6571.856455615169
11.62048769267817,8.038228845864772,0.7124570243912732,50.06224897515577,-6573.073259836572
11.648485339485111,7.983442030509523,0.7319429029510854,50.63064182420686,-6573.096846014923
11.764484546427102,8.237847104241142,0.7312215115600585,50.55003061098745,-6574.108490338848
11.764484546427102,8.237847104241142,0.7312215115600585,50.55003061098745,-6574.108490338848
11.764484546427102,8.237847104241142,0.7312215115600585,50.55003061098745,-6574.108490338848
11.764484546427102,8.237847104241142,0.7312215115600585,50.55003061098745,-6574.108490338848
11.66520239425261,7.959146060521633,0.7272573008947968,50.59280290840727,-6573.062769310139
11.775372282189995,7.807588554082843,0.7160985551891257,50.7058446388407,-6573.226781865985
11.62589870594726,7.827554974431922,0.7191055297134116,50.65559879936381,-6572.626537638646
11.62589870594726,7.827554974431922,0.7191055297134116,50.65559879936381,-6572.626537638646
11.673650679228112,7.781055705888773,0.7213998768219054,50.74123175776823,-6572.825247090785
11.673650679228112,7.781055705888773,0.7213998768219054,50.74123175776823,-6572.825247090785
11.328763233817137,7.829009166889637,0.7310297648876654,50.879793362448055,-6571.84826894905
11.328763233817137,7.829009166889637,0.7310297648876654,50.879793362448055,-6571.84826894905
11.328763233817137,7.829009166889637,0.7310297648876654,50.879793362448055,-6571.84826894905
11.328763233817137,7.829009166889637,0.7310297648876654,50.879793362448055,-6571.84826894905
11.328763233817137,7.829009166889637,0.7310297648876654,50.879793362448055,-6571.84826894905
11.014866549320297,7.626714307278042,0.7291612294935208,50.86543403304251,-6570.937550086297
10.883850620305694,7.4430906340605665,0.709720210528988,50.631663781377114,-6570.596444377959
11.069360976548143,7.251973740082315,0.7138876116395045,50.758270190676626,-6570.839146152189
11.069360976548143,7.251973740082315,0.7138876116395045,50.758270190676626,-6570.839146152189
10.971802183242032,7.608860140370075,0.7189034829061743,50.72443681423891,-6570.7160683047005
10.937674585222991,7.524896081526512,0.7276543462388674,50.74752591110211,-6570.682246743849
11.022655244207819,7.5033202053373556,0.7275448910603829,51.021379644350795,-6571.143727164135
11.153316578842668,7.566234933876683,0.7086642434841844,51.00142088734671,-6571.30791054623
11.042130788881014,7.5448818319790885,0.7154436530169628,50.931792871557484,-6571.031596599006
10.846078280232438,7.516581783592039,0.705517484684819,50.940157147696006,-6570.907501662194
10.846078280232438,7.516581783592039,0.705517484684819,50.940157147696006,-6570.907501662194
10.846078280232438,7.516581783592039,0.705517484684819,50.940157147696006,-6570.907501662194
11.016527885195595,7.732769063833668,0.7057695599191309,51.045045271157186,-6571.224791820838
11.010825343914972,7.52517788392215,0.7112175132155397,50.950280395699274,-6571.02074699362
11.010825343914972,7.52517788392215,0.7112175132155397,50.950280395699274,-6571.02074699362
10.620973276252736,7.082924899201436,0.7092272864250323,50.788133324271925,-6571.131102731006
10.579324516742249,7.032356405108533,0.7129044736457477,51.27148338029712,-6572.163171651048
10.696331924771382,7.283369390267138,0.713801907948848,51.15735665157041,-6571.434530597224
10.696331924771382,7.283369390267138,0.713801907948848,51.15735665157041,-6571.434530597224
10.975762746388172,7.672379099290301,0.7142651900422233,51.311799703250934,-6571.741286475645
10.975762746388172,7.672379099290301,0.7142651900422233,51.311799703250934,-6571.741286475645
10.722388223647481,7.6440833961856836,0.7270795664547807,51.209111103552026,-6571.306765123882
10.722388223647481,7.6440833961856836,0.7270795664547807,51.209111103552026,-6571.306765123882
10.722388223647481,7.6440833961856836,0.7270795664547807,51.209111103552026,-6571.306765123882
10.550768936868938,7.51568848651689,0.7327924444042629,51.13883792054812,-6571.220811341349
10.536019326032365,7.365750457336604,0.7275459404878003,51.15821852246409,-6571.42703962813
10.536019326032365,7.365750457336604,0.7275459404878003,51.15821852246409,-6571.42703962813
10.536019326032365,7.365750457336604,0.7275459404878003,51.15821852246409,-6571.42703962813
10.536019326032365,7.365750457336604,0.7275459404878003,51.15821852246409,-6571.42703962813
10.363678168373761,7.242998568431644,0.7486087620810675,51.114096253936076,-6571.562449557432
10.433125376493445,7.227607797212576,0.7495185534597038,51.22823736518185,-6571.727511654186
10.433125376493445,7.227607797212576,0.7495185534597038,51.22823736518185,-6571.727511654186
10.539011756132883,7.3387573531398145,0.7760461171533646,51.462601071881984,-6572.089200410226
10.715511439895645,7.651957111909661,0.7819705603058249,51.28189904200818,-6571.529970067338
10.715511439895645,7.651957111909661,0.7819705603058249,51.28189904200818,-6571.529970067338
10.85818355733731,7.895494513327236,0.7743966117198043,51.512585733326304,-6572.451551353253
10.806827582223697,8.092449236114094,0.7801939725634618,51.18424610353058,-6571.642589049082
10.631126642362096,8.380198004258808,0.7643552382931148,51.10122487942157,-6571.250607371796
10.616179276909365,8.360425949077158,0.7605460208865509,50.73573494030708,-6570.636524294564
10.431437380413646,8.636399029617081,0.758877375304561,50.990349080540035,-6570.886377107821
10.431437380413646,8.636399029617081,0.758877375304561,50.990349080540035,-6570.886377107821
10.676007150394586,8.77654732367244,0.7611192395114272,50.58919700959367,-6571.037778569212
10.786261626488741,8.366574297467727,0.7790412711926438,50.49412544107732,-6570.983935024782
10.999378795408905,8.313603104123434,0.7864894391112353,50.31618253966607,-6571.640064620866
10.931105562413206,8.600159876563996,0.788550618332834,50.44410930461311,-6571.834415856807
10.66126077132772,8.722166736667027,0.7854012171697758,50.6021644446515,-6571.165840659731
10.66126077132772,8.722166736667027,0.7854012171697758,50.6021644446515,-6571.165840659731
10.47624819485506,8.524131439500808,0.7717381837571508,50.650068454851585,-6570.509282627114
10.352965802896525,8.44127325437243,0.7798827148166925,50.57379214736213,-6570.300621242964
10.364097888795731,8.739568538883148,0.7848567427484047,50.71342820862024,-6570.629246060398
10.365748845536084,9.026996185919366,0.7836143139530526,50.597577614301166,-6570.788457768715
10.270734283263348,9.16743779174949,0.78613466178023,50.58328838438098,-6570.758527482987
10.159006339078674,9.185118103375675,0.7975628268658685,50.29715012592564,-6570.610685441826
10.331850185817565,9.464321190210526,0.7887151291730115,50.25136361623619,-6571.246981845474
10.309184451215417,9.164565102532116,0.7911658785763623,50.41147167950992,-6570.816264818395
10.575364233254945,9.321932893611741,0.7824750900881438,50.45224218708708,-6571.672689186185
10.575364233254945,9.321932893611741,0.7824750900881438,50.45224218708708,-6571.672689186185
10.575364233254945,9.321932893611741,0.7824750900881438,50.45224218708708,-6571.672689186185
10.760058836913897,9.079002143960741,0.7733152523676536,50.33331522695907,-6571.806217405676
10.760058836913897,9.079002143960741,0.7733152523676536,50.33331522695907,-6571.806217405676
10.760058836913897,9.079002143960741,0.7733152523676536,50.33331522695907,-6571.806217405676
10.797467890667827,9.189461070887168,0.7786475619822711,49.89778850781036,-6572.562455757203
10.607445262530119,9.285661114723371,0.7562064171253016,50.16081019605186,-6571.5084784594255
10.517003829673904,9.340614210269269,0.7584994411084174,50.42109743296544,-6571.253661780961
10.517003829673904,9.340614210269269,0.7584994411084174,50.42109743296544,-6571.253661780961
10.628483441197721,8.973788733345925,0.7592676020624733,50.793632790395584,-6571.301051516535
10.58414099839779,8.902641498432189,0.7623861844650347,50.60261509304156,-6570.968640837186
10.4178120343625,9.165686723347102,0.7599818216529333,50.44594026145302,-6570.7974686742255
10.492395582590897,9.424189164945188,0.7499500026616724,50.338010934621785,-6571.225103683411
10.57948343617543,9.267238990025694,0.740433840153529,50.068392136050335,-6571.336835571439
10.435775252767531,9.225976034145495,0.7239874768812201,50.17591537987641,-6570.748304579176
10.258846694880786,9.33944242279784,0.7409508180010971,50.335725161897,-6570.541347923225
10.26147838855895,9.214184269292943,0.7440076611994367,50.27212788436288,-6570.47099869332
10.036713773648462,9.345284533684453,0.733067187838161,50.17465130086747,-6570.327559526573
10.20599777828185,9.144150290980361,0.7559902564816274,50.07334141201512,-6570.517730862784
10.360693172660687,9.118548470673309,0.7502570019610965,50.0185849409659,-6570.772807409898
10.299550171282233,9.054158573239347,0.7535521854766162,49.95050345284644,-6570.712999865747
10.448936267311026,9.083386745682871,0.7584692118394211,49.754673493197046,-6571.363830670749
10.675692478431614,9.171525626810894,0.7643419797374411,49.626198237545324,-6572.424283997512
10.305315937388738,9.180502866778289,0.7576878032246241,49.38192257713502,-6572.063852469712
10.195813001105126,9.402453749923652,0.7681198550245654,49.40594491005076,-6572.051015226943
10.479138812605356,9.546840348283581,0.7564160644850983,49.3916615027427,-6572.879280545468
10.692021666119786,9.720783909154006,0.7641814510016346,49.83545412325059,-6573.039874378298
10.541888243146479,9.87223635602213,0.7699558858991958,49.63188721166554,-6573.186884506886
10.47096500206777,10.061739295706523,0.7758805912955035,49.79404786081852,-6573.044886373579
10.307401079650132,9.98417037681747,0.795698220435422,49.7375572936725,-6572.654317725621
10.307401079650132,9.98417037681747,0.795698220435422,49.7375572936725,-6572.654317725621
10.013954840473298,9.879843577404111,0.7913128654189068,49.83905194251678,-6571.445943466595
9.739854048160366,9.856809199939851,0.7838998413053443,49.985663701756216,-6570.760260675828
9.739854048160366,9.856809199939851,0.7838998413053443,49.985663701756216,-6570.760260675828
9.42409360057821,10.047172475281247,0.7735567238227934,49.81913296088988,-6570.975634687672
9.396064158577872,10.060402840153685,0.7605389958931473,49.94090915297021,-6570.808371754787
9.699747092146453,10.169503640737377,0.752862752351218,50.37835119904368,-6570.614772142413
9.699747092146453,10.169503640737377,0.752862752351218,50.37835119904368,-6570.614772142413
9.286045150221296,10.369116702950112,0.7514750715773647,50.4781865473033,-6570.754347779743
8.912738633995039,10.285145767630441,0.7614656239444352,50.61696925589679,-6571.533165216017
9.116408065475005,10.17147864653002,0.7766180035632216,50.44742994907251,-6570.943425593152
9.116408065475005,10.17147864653002,0.7766180035632216,50.44742994907251,-6570.943425593152
8.986593260049974,9.708410381442976,0.7710690989440816,50.44972221078672,-6571.527694005064
8.986593260049974,9.708410381442976,0.7710690989440816,50.44972221078672,-6571.527694005064
8.870913733478458,9.943776331218995,0.7861752055451667,50.53532500238064,-6571.699415676048
8.870913733478458,9.943776331218995,0.7861752055451667,50.53532500238064,-6571.699415676048
8.648391867112514,9.826818179737485,0.7973689353817435,50.40448337057009,-6572.589402756843
8.683089136689196,10.009772395523733,0.8151915541267074,50.52574670209917,-6572.209684696808
8.89939297170409,10.199836144141972,0.8126348367665027,50.74816078869875,-6571.67486040718
8.74197265642365,9.961576647310453,0.8042144346273322,50.70250449164146,-6572.257195785846
9.24274711605462,9.903350454841929,0.8115235364874981,50.47023435120755,-6570.811442175271
9.24274711605462,9.903350454841929,0.8115235364874981,50.47023435120755,-6570.811442175271
9.022693977302348,9.935492009766666,0.8097540193527983,50.15727832459714,-6571.165546257746
8.950106933093439,10.020501651340933,0.815746213368751,50.344657467716395,-6571.276095392393
8.833959427479394,10.040799841625473,0.8200010887364234,50.6174098895816,-6571.74305062248
8.833959427479394,10.040799841625473,0.8200010887364234,50.6174098895816,-6571.74305062248
8.833959427479394,10.040799841625473,0.8200010887364234,50.6174098895816,-6571.74305062248
8.894260229291575,9.884135188805551,0.8185851139181248,50.658142325451394,-6571.694390362648
9.088809914812675,9.998443042269543,0.8073942240586524,50.98230344689643,-6571.722753957669
9.026068038515326,9.919847336394305,0.8136335149422967,51.00598397018698,-6571.933863684813
9.026068038515326,9.919847336394305,0.8136335149422967,51.00598397018698,-6571.933863684813
9.083089633871591,10.009071067210813,0.8076867305551981,50.84122920824213,-6571.458047095873
9.255437052837232,9.806102173527215,0.8020533597566983,51.266296316050116,-6572.174098843328
9.572361591087622,9.6979100138214,0.7974053374352804,51.13639660950083,-6571.4766663909895
9.579565793461478,9.648027677870827,0.8050162251696605,51.07650725517276,-6571.34848599161
9.719028598044154,9.796617121101335,0.8212497671180308,51.19609885582854,-6571.887914750456
9.558894638128995,9.945706516839989,0.8226377817425249,51.525045540454,-6572.962743544906
9.866395110478054,10.063426927441613,0.8209785403796268,51.677704073025886,-6573.910940152126
9.768564019792807,10.242237267900396,0.82406999517599,51.30850992059818,-6572.773233179256
9.869758181542185,9.993386357077311,0.823808816001804,51.50516048724809,-6573.232551650804
9.739413770246102,9.99701137031468,0.8045818031965264,51.41233751417346,-6572.563909032517
9.627108631042166,9.730590975529262,0.8059002318312213,51.4860956532879,-6572.578393407514
9.627108631042166,9.730590975529262,0.8059002318312213,51.4860956532879,-6572.578393407514
9.454120974249475,9.783756489634412,0.8018671921787996,51.089374423553075,-6571.465763735649
9.611884852401143,9.66428103133075,0.8016163402512317,50.9941292460253,-6571.154144196102
9.611884852401143,9.66428103133075,0.8016163402512317,50.9941292460253,-6571.154144196102
9.728760109273018,9.91588218737076,0.795043423460895,50.92211311720561,-6571.1860757218
9.210248672250929,10.133687375395867,0.7985039351732672,50.76172898484416,-6571.125870090656
9.29723820522724,10.217069125601688,0.7940404045408365,50.92427770143457,-6571.3267624116625
9.188645581757388,10.38143261883329,0.7953014188845928,50.87991875209652,-6571.393038247495
9.502446909817932,10.614027359521774,0.8140061274120626,50.75167833623118,-6571.587589176343
9.613148197318342,10.844194540504189,0.8109397379364504,50.609011460087075,-6571.907042626153
9.581242718071254,10.589360106053899,0.8184321885275587,50.96217981536005,-6572.046133766102
9.49735964037505,10.528803513871393,0.8158117437217989,51.251654489584496,-6572.514338582217
9.356566810259094,10.519413938238818,0.824471972962657,51.049202859331196,-6571.984043464383
9.356566810259094,10.519413938238818,0.824471972962657,51.049202859331196,-6571.984043464383
9.356566810259094,10.519413938238818,0.824471972962657,51.049202859331196,-6571.984043464383
9.307958884489045,10.451773074225665,0.817088566748455,50.96756639538526,-6571.678644265141
9.415798195119322,10.552254275778711,0.815115915407085,50.83272796587032,-6571.556944952152
9.457068451953845,10.223426732278556,0.8098075395455128,50.938707688460504,-6571.421726722258
9.7687060202708,10.550326345622953,0.8198653753836386,51.08080598899912,-6572.596008165341
9.7687060202708,10.550326345622953,0.8198653753836386,51.08080598899912,-6572.596008165341
9.808407229112422,10.422304989810433,0.8062209639471769,51.18283561997795,-6572.544982204382
9.808407229112422,10.422304989810433,0.8062209639471769,51.18283561997795,-6572.544982204382
9.876849566334842,10.144120278554846,0.8049311582486217,51.21912752667557,-6572.366339959923
9.845052634260824,10.141589470632805,0.8124891616100837,51.39319164635146,-6572.883734294981
9.947439639380356,10.392869655771738,0.7988353945589111,51.27052750053379,-6572.93294571863
9.89770708054162,10.416328703912555,0.7922429976613542,51.47142918760916,-6573.365626656479
9.646321456598017,10.533862258397955,0.7824688368820363,51.41412002270414,-6572.832694511323
9.626411636993783,10.885644325862536,0.7677117277799297,51.19596323452857,-6572.478252834762
9.83267803859464,10.769333659247026,0.7704228925791715,51.0285117909026,-6572.355478662726
9.83267803859464,10.769333659247026,0.7704228925791715,51.0285117909026,-6572.355478662726
9.796814823698304,10.574561873521244,0.7591882764177497,50.85355607974862,-6571.585786320274
9.787971893780044,10.675072473425216,0.7543803501063113,50.82090238735043,-6571.614897726288
9.743412563286212,11.064040910989283,0.7704766150830259,51.03936490326806,-6572.650075013241
9.407852537905248,11.00013082204793,0.7738376392349617,50.94288264019368,-6571.859138775502
9.456378273488138,10.729954038108483,0.75585382867222,50.8171470470948,-6571.284002430335
9.456378273488138,10.729954038108483,0.75585382867222,50.8171470470948,-6571.284002430335
9.607549502466773,10.711564302701728,0.752553447682938,50.876292840350345,-6571.458746850423
9.607549502466773,10.711564302701728,0.752553447682938,50.876292840350345,-6571.458746850423
9.80433899905074,10.588759511220706,0.7568206348259059,51.02180214850011,-6571.882654884939
10.059440508552093,10.459191345025182,0.7444467916607376,50.99882602948119,-6572.068241418618
10.101446996734312,10.735442092077351,0.7516108769151166,51.116862170489895,-6572.956217143443
9.947010144868209,10.564629685461643,0.7626140858736908,50.972139575569756,-6572.107686004605
9.815136278885204,10.738692207137456,0.7635670228276668,51.08922889440931,-6572.31774392877
9.42476682527055,10.879151518307403,0.7607799510584354,51.299049437498084,-6572.490523071548
9.42476682527055,10.879151518307403,0.7607799510584354,51.299049437498084,-6572.490523071548
9.382576885147492,10.643476075884559,0.7586009099891347,51.37262072431842,-6572.504975617989
9.839147543988906,10.284514801533332,0.7632154442294732,51.22637967004955,-6572.0822431535635
9.566943808346496,10.313504003922686,0.7602162693688882,51.25239153284178,-6571.9364633816185
9.566943808346496,10.313504003922686,0.7602162693688882,51.25239153284178,-6571.9364633816185
9.566943808346496,10.313504003922686,0.7602162693688882,51.25239153284178,-6571.9364633816185
9.890456129246777,10.22058631005813,0.7590429725158917,50.744610875331226,-6571.161040081843
9.918104627519517,10.204316331195844,0.7458553861724678,50.93649481358015,-6571.354943425452
10.08822122575485,9.944643007938833,0.7411278040497761,50.76431370191125,-6571.069638544212
10.08822122575485,9.944643007938833,0.7411278040497761,50.76431370191125,-6571.069638544212
10.021282327846418,9.956561864565579,0.7393686910301089,50.99408278298268,-6571.301193205538
10.217017450739881,9.64211148470224,0.7425074117808529,50.98003935226286,-6571.287652318773
10.129836416341604,9.130961398384457,0.739623644385444,51.195614478159165,-6571.246032329054
9.850974857932679,9.223451988590803,0.7513705756644318,51.36411532212853,-6571.768714358875
9.78406737930202,9.023767336910318,0.7375796904305796,51.208991140156954,-6571.433868329959
9.70256721242421,8.807112558406182,0.7510660613194825,51.03953151614656,-6571.209262913245
9.99500862410306,8.620842740769737,0.7521942669841626,50.718335953085656,-6570.365548798946
9.960512472258825,8.783690257877359,0.7425098060073919,50.75392783428367,-6570.415917172748
9.60491449910515,8.748924728372415,0.7548375462543733,50.559556325661056,-6570.747270330243
9.36903896028318,8.601727700275587,0.7538438784883552,50.55814473922304,-6571.690922528259
9.441293450950848,8.690492549298629,0.7438536752627146,50.30764887658981,-6571.320059469426
9.270759518943278,8.687585038858954,0.7368102304129172,50.41765933565484,-6572.123058927929
9.27293095405955,8.464413666795107,0.7288723279764748,50.60367347098065,-6572.80898392296
9.27293095405955,8.464413666795107,0.7288723279764748,50.60367347098065,-6572.80898392296
9.27293095405955,8.464413666795107,0.7288723279764748,50.60367347098065,-6572.80898392296
9.47372077104538,8.476585907664514,0.7419590080002968,50.88523481853946,-6572.030986506648
9.714368068208453,8.495510453066442,0.7315730421578692,51.01583102137599,-6571.553184241998
9.7765280514394,8.457781032817097,0.7296715979645927,50.786107375588415,-6571.04191582883
9.873384265943807,8.468404058673931,0.7197822325919416,50.867286224517294,-6571.012692770333
9.883191768856395,8.779506656108845,0.7158351337736304,50.94625332767421,-6570.919576845652
10.126021921071812,8.42662604528821,0.7103850874317026,51.16458475696942,-6571.282878630744
10.126021921071812,8.42662604528821,0.7103850874317026,51.16458475696942,-6571.282878630744
10.197433287962538,8.220626589087255,0.724401458096464,50.99315123703353,-6570.859312373144
10.197433287962538,8.220626589087255,0.724401458096464,50.99315123703353,-6570.859312373144
10.197433287962538,8.220626589087255,0.724401458096464,50.99315123703353,-6570.859312373144
10.052670469717299,7.990679516578884,0.7330793387833674,50.87083720502664,-6570.996879973371
10.052670469717299,7.990679516578884,0.7330793387833674,50.87083720502664,-6570.996879973371
9.921561787220641,8.027893883455933,0.7430049587095628,50.40103286295069,-6570.763831181313
10.113781432050624,8.18413765307027,0.7386714601048661,50.38234953655777,-6570.311105571339
10.275323402046956,8.168735383310286,0.7456219956101572,50.47871385728509,-6570.182701227736
10.26458502569382,8.072199255895093,0.7389321697813723,50.23800439660497,-6570.270332376838
9.948260397068704,8.027194643255788,0.7425757982640288,50.43803427154838,-6570.711687403549
10.0844745733809,7.8952760181385955,0.7439236890986117,50.489840032677954,-6570.574859527326
10.220625428338185,8.157297419682608,0.7596879695294378,50.43251791074656,-6570.164535240002
10.002832817732699,8.072371478662017,0.7514425738334466,50.474839814012846,-6570.495690261394
9.941205479622674,7.937080434137648,0.7568377719938446,50.75922690172574,-6570.950165733755
9.97709345688093,7.992701722319996,0.7433417885684203,50.687415717379906,-6570.832244701804
10.149602457201437,8.15595675210534,0.7501484216614996,50.99738796736738,-6570.8349689076185
10.014169981011657,7.912302637302947,0.7694537837636732,50.654792331562874,-6570.623843300159
9.688083553393486,7.873101137008537,0.7617929598213542,50.72085374669944,-6571.729435406156
9.754137544026356,7.753009494959246,0.7746041957796316,50.88835524719953,-6571.802099898263
9.621220946500372,7.757899148329689,0.7805857464107857,50.97326822343366,-6572.412781741781
9.621220946500372,7.757899148329689,0.7805857464107857,50.97326822343366,-6572.412781741781
9.621220946500372,7.757899148329689,0.7805857464107857,50.97326822343366,-6572.412781741781
10.021142315430478,7.537289086236834,0.7873871616994704,50.95191402287984,-6571.327754664936
10.021142315430478,7.537289086236834,0.7873871616994704,50.95191402287984,-6571.327754664936
10.270704725667462,7.092108939257903,0.7822840868815081,50.81045174676709,-6571.13150527881
10.217001955078198,7.320779920881983,0.7717592576189343,50.91229955296449,-6571.183895495227
10.465077626113828,7.341390736415374,0.7732683274325964,50.86065563474526,-6570.715200865847
10.426182634184066,7.532591871950445,0.7894812612772563,50.860796150950094,-6570.609735311682
10.496697935938265,7.962346215983871,0.78198778830914,50.837583759898195,-6570.535020105176
10.30272014116525,7.887171790659366,0.7850464391043127,51.01151474421833,-6570.800071907901
10.12354428645634,8.054741547264335,0.7736268223020731,50.54703394172423,-6570.278633520951
10.046486855321149,8.164894543512137,0.7622859663716135,50.522052733429966,-6570.323536085981
10.315461131991697,8.307332306413777,0.7682128794125681,50.65400694003236,-6570.2612900203185
10.332451567869201,8.185354397357061,0.7823626731660193,50.61399111295415,-6570.249581833691
10.332451567869201,8.185354397357061,0.7823626731660193,50.61399111295415,-6570.249581833691
10.492654135922082,7.954390109619505,0.7666608948109072,50.870119433026446,-6570.544443956798
10.684298342641151,7.8295318273050745,0.7739956846641453,51.019171504593814,-6570.929690127572
10.607437874953778,8.033020899034724,0.7823195870103979,50.867503038755125,-6570.707421702839
10.607437874953778,8.033020899034724,0.7823195870103979,50.867503038755125,-6570.707421702839
10.743693460262424,8.042093807980347,0.7730557950486397,50.87006516216885,-6570.870785660216
11.097504792529318,7.963066837494676,0.7640852438573349,50.6409774146438,-6571.343889490888
11.097504792529318,7.963066837494676,0.7640852438573349,50.6409774146438,-6571.343889490888
11.097504792529318,7.963066837494676,0.7640852438573349,50.6409774146438,-6571.343889490888
11.097504792529318,7.963066837494676,0.7640852438573349,50.6409774146438,-6571.343889490888
10.711027841825675,8.122443756043385,0.7721636362420727,50.88740041374003,-6570.885096450424
10.528602611412035,7.932280191653429,0.7753037318332403,50.82682115154549,-6570.5187662958915
9.91180322124138,7.99671877526444,0.7618383488276875,50.69917948499135,-6570.843611835098
9.954578502989763,7.994671441091817,0.7679870268585339,50.43208161577324,-6570.540739894204
9.954578502989763,7.994671441091817,0.7679870268585339,50.43208161577324,-6570.540739894204
10.221910128919237,8.052865760859927,0.7691251355947132,50.17215262562469,-6570.240794248113
10.187890950581568,8.08154379946468,0.7858578607598747,50.44917041199842,-6570.174693652462
10.218322848795744,8.348378394836246,0.7797398999072023,49.99210444665167,-6570.362765001216
10.415495898847933,8.397145107538876,0.7815576623546259,49.93566464795706,-6570.603290391338
10.372051412096562,8.659814515169163,0.7946608634937038,49.7787027954528,-6571.015952980077
10.155352404061428,8.894121653316754,0.7863442994766351,49.77391495807787,-6570.835929873665
10.190992199009436,8.474401704378337,0.7782217520637431,49.6537185537615,-6570.936173066086
10.432673843534504,8.37345568976141,0.7751731051899733,49.45797907710294,-6571.581220282327
10.442222184901262,8.877845657729443,0.7818266312752354,49.54919769162114,-6571.741885229993
10.39292162726885,9.034789200689564,0.7947785488500481,49.443165537692366,-6572.167143939423
10.232124369010876,9.015403606986919,0.7934606372284569,49.42938336149124,-6571.8535609950995
10.663942317270212,8.779175768005121,0.7987708402165306,49.538034039237104,-6572.380613076264
10.663942317270212,8.779175768005121,0.7987708402165306,49.538034039237104,-6572.380613076264
10.509898491109979,9.136063971224939,0.8124392884195301,49.72241539220346,-6572.1601598506295
10.667949887801235,9.182354283697773,0.7950042159959037,50.10846753742972,-6572.035189955251
10.617575140310361,9.125746714744988,0.8099720803001115,50.039196817194565,-6572.0197551790625
10.612825888042147,8.987661000713885,0.7968447940787378,49.741690891038125,-6572.052638349329
10.666846271610586,9.080340515964807,0.7951639518806778,50.020069945077665,-6571.947973451945
10.757788681665689,9.60773914761214,0.7974726460511689,49.88130745432437,-6573.512618482415
10.757788681665689,9.60773914761214,0.7974726460511689,49.88130745432437,-6573.512618482415
10.301755981871898,9.499581981188387,0.7919166004726854,49.599017684371326,-6572.1009691958825
10.39623946069136,9.251032908936867,0.7900928849453108,49.95829826256425,-6571.377932819973
10.123960620120267,9.374774601368145,0.7912761012986388,50.11712979189031,-6570.769021944723
10.054924059073617,9.683591642435431,0.793872715516918,50.34361232514634,-6570.913920543495
10.039531014613676,9.433855682821537,0.7941308055218608,50.34697833371044,-6570.62134433365
9.996904813446823,9.198144701776416,0.7798498634014084,50.299515682148936,-6570.309932195487
10.167310368195006,9.016764307874833,0.79404430452306,50.46104579039444,-6570.460199928773
10.167310368195006,9.016764307874833,0.79404430452306,50.46104579039444,-6570.460199928773
10.698535602752003,9.015179402982938,0.7887800723010454,50.77431948579121,-6571.867358249294
10.289436742957706,8.850626623669385,0.8023745836784569,50.940917542848894,-6571.040026432696
10.14239539421627,8.898004713752485,0.8050562244792815,50.58774860441425,-6570.4801222435435
9.978580662230941,8.795055024891921,0.809473866875045,50.58825362454542,-6570.3374552205805
10.010380171246927,8.982507942709343,0.8034753762377596,50.98546069703618,-6570.920990112669
9.737305335964413,9.037066254406836,0.8143595451507449,51.17516909583418,-6571.4129370412975
9.90990380037343,9.214778479743682,0.810665954622626,51.2862991686543,-6571.753553970461
9.86955023751918,9.190990323550327,0.8135685331631672,50.822124355373965,-6570.742126486626
10.04618061394671,9.31528267701004,0.8072198233283346,50.502745828545685,-6570.658530424584
10.006079155310552,8.991685529784023,0.8194739197706893,50.66800180944601,-6570.572083603779
10.244927323787762,8.491627621852297,0.8071501846890509,50.99776720388268,-6570.8914821664985
10.161752484814704,8.660914898583908,0.8193699036931458,50.712753971469304,-6570.561209007712
10.31875677418607,8.637402078893649,0.814728437479926,50.49957019925955,-6570.554924662904
10.31875677418607,8.637402078893649,0.814728437479926,50.49957019925955,-6570.554924662904
10.242499870963929,8.824684089398888,0.8111509119334156,50.607158517000784,-6570.617481884048
10.378767191729384,8.756755118423392,0.7970754353593072,50.38086778672598,-6570.593282709604
10.217267858310484,8.768017583763685,0.789182269430279,50.573816636559386,-6570.372891212229
10.217267858310484,8.768017583763685,0.789182269430279,50.573816636559386,-6570.372891212229
9.77213647848289,8.92158487914304,0.7842446510964894,50.656132720682436,-6570.3935836658275
9.882260658442673,8.450747390799306,0.80545078073915,50.764157748017745,-6570.526359921661
9.907902443075947,8.486388462134773,0.832305750550244,50.77423556001277,-6570.581251171978
9.907902443075947,8.486388462134773,0.832305750550244,50.77423556001277,-6570.581251171978
9.989715684509953,8.308511886177907,0.8365310702283684,50.83601788088689,-6570.659016568117
9.989715684509953,8.308511886177907,0.8365310702283684,50.83601788088689,-6570.659016568117
10.291026847287776,8.413987509195941,0.8489210205637606,51.09385057897838,-6571.412553674723
10.268107859691119,8.281121218675203,0.8433742504181887,51.35399709270335,-6571.932912207554
10.234924469911723,8.195280744319904,0.8423315367089053,51.40163107328391,-6572.016766867206
10.029643421885638,8.38213002382068,0.8322592230556156,51.36601952729587,-6571.860572554166
10.22889289509799,8.491434349242681,0.8147602880882968,51.372257759179774,-6571.849865746332
10.22889289509799,8.491434349242681,0.8147602880882968,51.372257759179774,-6571.849865746332
10.589480245471009,8.47556304525172,0.8240845452542173,51.16605055128274,-6571.9109951893715
10.531521023930484,8.278337538404584,0.8135946015132662,51.2635041882402,-6571.749155114631
10.531521023930484,8.278337538404584,0.8135946015132662,51.2635041882402,-6571.749155114631
10.397349828123845,8.41368910769627,0.8176616824143447,51.18273989404791,-6571.481054878547
10.482189552423545,8.335442511993813,0.811344573460464,51.07546762814541,-6571.258617030076
10.627264785993514,8.46804552077828,0.8148045978578441,51.30726569799239,-6572.2341071245
10.629153666109197,8.47929986512281,0.8095037773091127,51.082798570222934,-6571.671582726389
10.629153666109197,8.47929986512281,0.8095037773091127,51.082798570222934,-6571.671582726389
10.702734627302517,8.496552717244702,0.7877469094789709,51.27951968751042,-6572.0888569994095
10.832498854280017,8.325973906410152,0.7840477517917962,51.01206952367317,-6571.6186072405435
10.51048924089436,8.47331597939247,0.7806091655837036,50.801091546624995,-6570.730273217692
10.347169335826743,8.689572680873486,0.7741810380245929,50.33215387638114,-6570.347179653559
9.9385281229437,8.45159240870009,0.7668051192029727,50.44807971392497,-6570.2560906755325
10.03415340771977,8.309370511276542,0.7869474104733497,50.37759239921275,-6570.182275767243
9.967149313791058,8.494000853176699,0.7812470092864894,50.4088888918872,-6570.185275976955
10.115808435372664,8.551943468792217,0.783118485466067,50.312342520178674,-6570.150088684863
9.785452785289154,8.483803846816512,0.7816032042964187,50.02009751138616,-6570.5601291979565
9.841154826521391,8.500258095489883,0.7730634998033571,50.0417247736944,-6570.477808456489
10.004201198787745,8.80362798402253,0.7592706112644116,50.14655990731081,-6570.217454987203
9.90196538708552,8.868134642051166,0.7666401888016755,50.205147520336425,-6570.208613985732
9.90196538708552,8.868134642051166,0.7666401888016755,50.205147520336425,-6570.208613985732
10.270162650834509,8.901146123993394,0.7649813276289238,49.99879137202133,-6570.553756807359
10.04949302422884,8.799262688344273,0.7679154464669835,50.1143033691283,-6570.2446613380025
10.018348812948977,8.666313685514899,0.7626756621921107,50.186628751311616,-6570.191248307096
10.018348812948977,8.666313685514899,0.7626756621921107,50.186628751311616,-6570.191248307096
10.018348812948977,8.666313685514899,0.7626756621921107,50.186628751311616,-6570.191248307096
10.057192669573688,8.594164893152481,0.7657189632981352,50.14203994070739,-6570.212770823266
9.967391193382133,8.388378183412161,0.7677043061584677,50.32455292644992,-6570.241970004465
10.247193567941398,8.211374622537774,0.7856704306138542,50.140447298944295,-6570.230699019929
10.285669423687406,8.093260880668481,0.7833329356617492,50.44869404152773,-6570.158368577204
10.191596603618043,8.294135671719504,0.7868379046637426,50.503483596896366,-6570.170159481811
10.17046258807238,8.146403773457187,0.7838458494983425,50.735514241854034,-6570.363739991812
9.907244451835803,8.582526414211738,0.7937771636662274,50.673476832896235,-6570.363902940451
9.798849008260303,9.029170529483611,0.7928314319995219,50.3718673037692,-6570.242307391452
9.73877710317956,8.932068804126018,0.7837102700075388,50.69948715705554,-6570.46637826824
9.85679943648978,8.736080562179733,0.7774968374338851,50.74931941425526,-6570.455886696664
10.056215362791123,8.788130564265035,0.7844058078674285,50.87209356420142,-6570.5787716839895
10.032246176215235,8.868495870356103,0.7776708185837014,50.841762911641474,-6570.5278437514135
10.087315658243172,8.715408111513213,0.7745055046284852,50.74407281913609,-6570.366559297563
9.996042762118458,8.760632968778452,0.7791076622761159,50.59397455135976,-6570.238263457035
9.81381367072735,8.553247486786379,0.7892457689779238,50.055683601455286,-6570.431616143673
9.963284732120353,8.689040392175684,0.7812844325644002,50.06929040522354,-6570.289469145342
9.786553943970745,8.919844723387316,0.7811914029912188,50.08348664372964,-6570.3430783458625
9.9025451064787,9.105717135429705,0.7641935641165616,50.00233004260889,-6570.385821897212
9.870882583607784,9.2409494779496,0.7840476941892184,49.94318594727454,-6570.52969689444
9.985556403090248,8.890440218261865,0.7835266691317303,50.49722929695953,-6570.215693675605
10.045224465779654,8.779656655746011,0.7815156350438377,50.61843791327869,-6570.268164217006
9.804580070802894,8.994477622745013,0.7665771255487426,50.932456136155714,-6570.742155852538
10.294546309032032,8.634296708276391,0.7505212569781357,50.57780339680992,-6570.239017295341
10.26646373315454,8.717914070751682,0.740217232441071,50.487124508853846,-6570.192820834411
9.770031210849796,8.626462853443961,0.7366160330119785,50.2017915719112,-6570.58852969485
9.560805515329351,8.497177916179714,0.7159220138418423,50.47844550413772,-6571.558978844096
9.257066546040972,8.550057690291682,0.7093589230696702,50.88315645023658,-6573.457608100093
9.38477588288114,8.533709470241172,0.7237222282991093,50.92872154629962,-6572.657269511346
9.377721286861108,8.461905571226227,0.741691958923335,50.84309017932244,-6572.399417384788
9.270515600614894,8.66956884805,0.7352035268631837,50.738361758357016,-6572.445221603051
9.1786963590845,8.594543976676512,0.7259772072959754,50.938449101420716,-6573.589645548373
9.423426365733642,8.595327416927875,0.7224045623965953,50.40645214134978,-6571.824666349774
9.43895730485833,8.426100096493768,0.7291578803003115,50.34404537398598,-6571.9571890931775
9.462351879286947,8.356489411028972,0.7372481360007304,50.415140667286465,-6571.871301670159
9.462351879286947,8.356489411028972,0.7372481360007304,50.415140667286465,-6571.871301670159
9.400268423480725,8.368282440709862,0.7447816561161816,50.27243988491049,-6572.013245236745
9.41786256980212,8.206875288915121,0.7647132377498078,50.371004906553196,-6571.962881767571
9.41786256980212,8.206875288915121,0.7647132377498078,50.371004906553196,-6571.962881767571
9.376822388831695,7.877395118475134,0.7545286544539477,50.64567639279012,-6573.229358811295
9.47590761648505,8.121811933185555,0.7573345629407303,50.70043392439358,-6572.181294691629
9.47590761648505,8.121811933185555,0.7573345629407303,50.70043392439358,-6572.181294691629
9.54884112963305,8.315141336546946,0.7506003143609244,50.42690781943938,-6571.423645781978
9.596140145506581,8.192481967589373,0.749568875677458,50.26128665478427,-6571.463453106265
9.596140145506581,8.192481967589373,0.749568875677458,50.26128665478427,-6571.463453106265
9.662478485794953,8.23444235805642,0.7663477358678483,50.60015269707698,-6571.093808748505
9.662478485794953,8.23444235805642,0.7663477358678483,50.60015269707698,-6571.093808748505
9.662478485794953,8.23444235805642,0.7663477358678483,50.60015269707698,-6571.093808748505
9.74019048838229,8.199468391143235,0.7708952580105712,50.66988309315519,-6570.945882209195
9.74019048838229,8.199468391143235,0.7708952580105712,50.66988309315519,-6570.945882209195
9.789831930282482,8.360599232644345,0.7699167509459982,50.71162129286282,-6570.722216919189
9.889121993684606,8.176095307733743,0.7743298830179278,50.87632665475429,-6570.889376617084
9.987118744527987,7.7859574593980545,0.7609273824886739,50.750293405927174,-6570.976052804415
10.35138311739132,7.798882826193055,0.7523499055072734,50.63027429940588,-6570.345197605775
10.39089031727488,8.161722748706055,0.7510900324979581,50.80503153893255,-6570.419738914921
10.39089031727488,8.161722748706055,0.7510900324979581,50.80503153893255,-6570.419738914921
10.217131462461577,8.406810946295714,0.7470303677393921,50.90855066010275,-6570.561219693686
10.010158453377045,8.485048055162396,0.7437817327949348,51.13151101575724,-6571.144660156683
9.89901194994791,8.677767229097963,0.7372744441421186,51.2064224784812,-6571.416140027422
9.900024859453119,8.67394372518733,0.7402366598052393,51.133553025905016,-6571.217903423091
9.858016693122158,8.600442705747414,0.7406224636297848,51.23651185771293,-6571.596847184263
9.858016693122158,8.600442705747414,0.7406224636297848,51.23651185771293,-6571.596847184263
9.756641789914964,8.862030636890792,0.7250240660160047,50.75550246984216,-6570.729025773351
9.647167698953423,8.94432287834607,0.7437435813304445,50.54064793314629,-6570.564002209535
9.80302414928949,8.687199364087942,0.7481684082146284,49.82930936837898,-6570.8245372146375
9.858462016401877,8.796559743929537,0.7624147266795346,49.59435062518104,-6571.134585219819
9.814274990213317,8.96306225492571,0.7507436926248892,49.52608773579267,-6571.335495133769
9.974241199440874,8.865127401804626,0.7441436448134122,49.543382133628405,-6571.232296058865
9.974241199440874,8.865127401804626,0.7441436448134122,49.543382133628405,-6571.232296058865
9.538989264712907,8.911619763355572,0.7437421354172637,49.64720753321551,-6571.569622292396
9.538989264712907,8.911619763355572,0.7437421354172637,49.64720753321551,-6571.569622292396
9.538989264712907,8.911619763355572,0.7437421354172637,49.64720753321551,-6571.569622292396
9.416655520297015,8.970925032079759,0.7556753649271697,49.73927233278211,-6571.538793723778
9.416655520297015,8.970925032079759,0.7556753649271697,49.73927233278211,-6571.538793723778
9.239615941472247,9.143315317359466,0.7434596626257642,49.92934631547386,-6571.714460833472
9.260672281488219,9.032477963914872,0.7369354067935708,49.880677332611846,-6571.93343109996
9.260672281488219,9.032477963914872,0.7369354067935708,49.880677332611846,-6571.93343109996
9.48110048418345,9.04906517810622,0.7405552397175409,49.87621013295679,-6571.177365304204
9.48110048418345,9.04906517810622,0.7405552397175409,49.87621013295679,-6571.177365304204
9.343080330746465,9.11762418372532,0.7365185436945221,49.75454100699362,-6571.753657310055
9.249139741274206,9.123299128855319,0.7329765569580787,49.63820738876619,-6572.366920433471
9.681243617572772,9.055287911776555,0.7397036096485295,50.02486399771972,-6570.583254893541
9.841194738334647,9.054749939650504,0.7495603924484384,50.25577581217502,-6570.223501235232
9.915349852724416,9.153116802465698,0.7576571573586924,50.49924591248809,-6570.218911444659
9.802864111295852,9.24102874720416,0.7689505668202088,50.39505566199597,-6570.2322800540815
9.799140852524525,9.358752893340613,0.771331740692288,50.61162854391903,-6570.36778867387
9.94045282731996,9.213967707530895,0.7633542741676298,50.73581327350128,-6570.4364059254785
9.94045282731996,9.213967707530895,0.7633542741676298,50.73581327350128,-6570.4364059254785
9.94045282731996,9.213967707530895,0.7633542741676298,50.73581327350128,-6570.4364059254785
9.94045282731996,9.213967707530895,0.7633542741676298,50.73581327350128,-6570.4364059254785
9.94045282731996,9.213967707530895,0.7633542741676298,50.73581327350128,-6570.4364059254785
9.97621941363262,9.393354055090112,0.7695460837273781,50.900554661484755,-6570.795279361359
9.97621941363262,9.393354055090112,0.7695460837273781,50.900554661484755,-6570.795279361359
9.97621941363262,9.393354055090112,0.7695460837273781,50.900554661484755,-6570.795279361359
9.939276601963206,9.269715912781916,0.7807706528126144,50.73563744047764,-6570.525107919156
9.812775656904254,9.343190273350347,0.7805687950687662,50.525764440953225,-6570.3337160529245
9.961236572196466,9.59944183098804,0.7823646861069299,50.51156471218783,-6570.610520691559
9.867521528849451,9.629481744254628,0.7709220794199054,51.0389141142491,-6571.136283863987
10.002875720885992,9.534576557800138,0.7884361073986241,50.828409514107264,-6570.946418739419
10.092504831430759,9.647759307977147,0.7842995174648965,50.784006617708854,-6571.1144167671755
10.092504831430759,9.647759307977147,0.7842995174648965,50.784006617708854,-6571.1144167671755
10.092504831430759,9.647759307977147,0.7842995174648965,50.784006617708854,-6571.1144167671755
10.171899284553874,9.734407702801937,0.7855383877647406,50.500786164991844,-6571.178728765324
10.043609417687133,9.712289745450501,0.7916653117138411,50.67413789004832,-6571.049065841671
10.130839069781091,9.34312045505176,0.7866528756932138,50.414311835683314,-6570.624756009032
9.834166724779195,9.246862491516895,0.7787960196820993,50.2711904034529,-6570.26019755983
9.596421490909728,9.190167082013106,0.767909491767567,50.58680279260066,-6570.478319616855
9.52218035530277,8.989550362031743,0.7763230630947149,50.61266696065673,-6570.690259103367
9.482958858397577,8.870493427388864,0.7606641971430861,50.63243162690736,-6570.969872119793
9.482958858397577,8.870493427388864,0.7606641971430861,50.63243162690736,-6570.969872119793
9.520660807154806,9.1646349489264,0.7696621591258299,50.480403464183375,-6570.534044159551
9.519431532342173,9.2554341917389,0.7842190832777282,50.85904302279745,-6570.8857517475835
9.479559726447347,9.241799615708796,0.7877258534627178,50.93127898058988,-6571.079724076988
9.700374918547404,9.221721107415188,0.7920012582816908,51.19566096682035,-6571.436297145367
9.922167877376987,9.040115705563268,0.8080698947039006,51.1612964064493,-6571.323347332687
9.922167877376987,9.040115705563268,0.8080698947039006,51.1612964064493,-6571.323347332687
9.960717684437547,9.252981114952537,0.8035050624115369,51.27398693436682,-6571.722486353482
9.964742173786458,9.428732276648322,0.7912215973612265,51.24846306802315,-6571.691890923232
9.964742173786458,9.428732276648322,0.7912215973612265,51.24846306802315,-6571.691890923232
9.951274915570306,9.509732928367184,0.7763188501544989,51.065258962941535,-6571.2011474514675
10.170961359712415,9.50058028165186,0.7818363763424705,51.004263037282776,-6571.41088288076
10.170961359712415,9.50058028165186,0.7818363763424705,51.004263037282776,-6571.41088288076
10.170961359712415,9.50058028165186,0.7818363763424705,51.004263037282776,-6571.41088288076
10.435590893431058,9.404389975007557,0.7813761832827109,50.720808218076606,-6571.505512096353
10.435590893431058,9.404389975007557,0.7813761832827109,50.720808218076606,-6571.505512096353
10.713794854108809,9.32271627069825,0.7817916358860895,50.64988474788721,-6572.236423618244
10.992656564173211,9.26517598832256,0.778255645634405,50.87942803004014,-6573.443179889911
10.992656564173211,9.26517598832256,0.778255645634405,50.87942803004014,-6573.443179889911
11.152286605471216,8.936586464620673,0.7795484498320564,50.40015633206128,-6573.244304164047
11.152286605471216,8.936586464620673,0.7795484498320564,50.40015633206128,-6573.244304164047
11.275844285690406,8.772904597489825,0.7860798104492503,50.76494645234665,-6573.7408492806335
11.275844285690406,8.772904597489825,0.7860798104492503,50.76494645234665,-6573.7408492806335
11.407263924792604,9.0453371355342,0.7920409807844497,50.88418683361403,-6575.294148757536
11.370869656708349,9.031803168352955,0.7818254051061226,50.800944227540285,-6574.777154665997
11.370869656708349,9.031803168352955,0.7818254051061226,50.800944227540285,-6574.777154665997
11.264087297082341,9.054556593162976,0.7711743521121566,50.91675618363639,-6574.20679953089
11.264087297082341,9.054556593162976,0.7711743521121566,50.91675618363639,-6574.20679953089
11.399099043485496,9.016306751387562,0.7712390114640302,50.64008334694879,-6574.585573527791
11.062024793608643,9.166061600792885,0.7961388136047282,50.23990578901853,-6573.621397688511
10.856238378304173,9.326616061788915,0.7984793139989366,50.581849569790926,-6573.038647741461
10.696297814522515,9.637132931511143,0.7839534021755962,50.6525903161,-6572.800101226566
10.454378407796224,9.369542197114638,0.8034359485710845,50.54293293423289,-6571.651209396872
10.414162707661632,9.668215229212954,0.7976498364106108,50.39763499006382,-6571.903100671081
10.135765815064895,9.809656298999803,0.8010864853871257,50.44805776046306,-6571.352203799483
10.135765815064895,9.809656298999803,0.8010864853871257,50.44805776046306,-6571.352203799483
10.218156227983187,9.8621583727152,0.8016111873946336,50.30856983892353,-6571.663616738811
10.143952532728816,10.080850515618565,0.8056070495022476,50.35149247160845,-6571.85359007931
10.143952532728816,10.080850515618565,0.8056070495022476,50.35149247160845,-6571.85359007931
9.975903262707352,10.123651458623957,0.8056478327820328,50.35135026737806,-6571.459229175707
9.975903262707352,10.123651458623957,0.8056478327820328,50.35135026737806,-6571.459229175707
10.208086936750707,9.816396553689462,0.8131844468326185,50.552159951868745,-6571.755269643523
9.925128348638072,9.390683367151754,0.8126220744742386,50.5271125056507,-6570.622799410403
9.945334395572194,8.980073662048799,0.8059601788156217,50.56171910929867,-6570.358178703725
10.041460122316145,8.907663535152922,0.80646093478295,50.41756259355646,-6570.324296793172
9.997779601645579,8.780745681760761,0.8014501905641727,50.30532891747896,-6570.223189881156
10.252296739918275,8.498797011916006,0.7981904950959632,50.312303301128715,-6570.260793499572
10.428794249223277,8.613777988000166,0.7988752932034603,50.14138436727398,-6570.659075448901
10.265841108121334,8.900338826139864,0.8006925266833586,50.15323791528911,-6570.619184812549
10.378197618013177,8.974990264680887,0.8051693872346242,50.5679243457142,-6570.940382941031
10.624610242054676,8.927735445645192,0.7856044142306922,50.524845814993036,-6571.295164493267
10.618713488872194,8.754475095422864,0.7986785074152476,50.582172589900416,-6571.217446322245
10.19708486165354,9.002950299331376,0.7934747724516,50.4873348782265,-6570.495251599032
10.328421048444808,8.90549097169721,0.8022197570798869,50.37619134397072,-6570.67981353518
9.782559829934934,9.117164079579808,0.7984637594010259,50.2999366441442,-6570.277294738398
9.693199163376352,8.973203114047363,0.812286892895472,50.66872753408419,-6570.505859981605
9.787969801398651,9.065785315678221,0.809239255680298,50.60629877248268,-6570.409175983401
9.79278863376181,9.24803782316949,0.8245651578827251,50.52736099218831,-6570.507749045718
10.023588787879596,9.014501665393066,0.8138350241228868,50.3531947109611,-6570.41131878886
9.8598833042869,9.016663408365194,0.8087124264542195,50.1542979276995,-6570.343735841854
9.891123291367622,9.396726705686424,0.8104204941312864,50.22490428004665,-6570.546763175828
9.776670935622114,9.540452817704603,0.8172617379963623,49.92231225294459,-6570.838652712325
9.704150354056784,9.428315986396356,0.8371033977792399,49.858768632475346,-6570.934376520333
9.732074006365885,9.386682032836001,0.8409854410874729,49.75950440263891,-6571.110117773836
9.731610539943475,9.281116026353907,0.8330944944696026,49.84170170878819,-6570.864363795851
9.550155693025172,9.211174259319186,0.82449931977173,49.71751498082124,-6571.04564764883
9.550155693025172,9.211174259319186,0.82449931977173,49.71751498082124,-6571.04564764883
9.550155693025172,9.211174259319186,0.82449931977173,49.71751498082124,-6571.04564764883
9.786988628432256,8.911864690556547,0.8074349796068832,49.65654752147522,-6570.999356130115
9.786988628432256,8.911864690556547,0.8074349796068832,49.65654752147522,-6570.999356130115
9.469933848057398,8.714028661683606,0.8103097012152027,49.94852371226779,-6570.991395140516
9.286534669492747,8.786030492888155,0.8170006632782161,49.67708360125845,-6571.842234494378
9.486430144684864,8.719171086891427,0.8284172890449872,49.57408579648761,-6571.591723100686
9.536179827238838,8.561116102235122,0.832362515786959,49.95688271129366,-6570.905278856997
9.619757438237462,8.76245709246903,0.8504605998818255,50.14013696020986,-6570.566778094042
9.94720264561595,8.776038137364035,0.8362705879067664,50.45246596628004,-6570.395420191995
9.601621876880984,8.817043872388448,0.8296238460301774,50.228270585818706,-6570.4846095032035
9.601621876880984,8.817043872388448,0.8296238460301774,50.228270585818706,-6570.4846095032035
9.58944858250537,8.647994681247418,0.8236948017828045,50.09131803072048,-6570.634233920095
9.609250523080815,8.891196433475576,0.8127124009420885,50.161314447874084,-6570.466408692824
9.950876048674823,8.918034335794168,0.8124819882158006,50.197809430336946,-6570.334178738398
9.767627919824202,8.939236433851935,0.811454877430624,50.17273768443266,-6570.333300816286
9.59258926049533,8.866745629277078,0.8144489087076615,50.01073053146508,-6570.611614559519
9.915678989209205,8.581037194223192,0.8205835840784874,49.82803889964867,-6570.665876640898
10.121141333654899,8.664217901842987,0.83336050416846,49.57793844637914,-6571.3328596260535
10.121141333654899,8.664217901842987,0.83336050416846,49.57793844637914,-6571.3328596260535
10.222284050399065,8.795422458057361,0.8440268817100764,49.88257602724215,-6571.09808284827
9.894012147325734,8.476652652338787,0.8266102623355864,49.885190998117594,-6570.604347124119
9.699193784175138,8.06129856403278,0.8256058475255924,50.40487119459727,-6570.7606830307905
9.998692304658476,8.018561971143903,0.8339424702413429,50.15933613500439,-6570.380092669697
9.99514558920489,8.041889790302676,0.8470115290904486,50.238745685547194,-6570.368501245128
10.240317261153997,7.723543652828368,0.8527451085737993,50.34693987233942,-6570.359139521755
10.337773732727506,7.799506700885487,0.8709185666030268,50.5368390603399,-6570.572560398517
10.337773732727506,7.799506700885487,0.8709185666030268,50.5368390603399,-6570.572560398517
10.777747746224831,7.549313869090666,0.8865310246622907,50.294448000071725,-6571.260991245226
10.777747746224831,7.549313869090666,0.8865310246622907,50.294448000071725,-6571.260991245226
10.715070552430575,7.397995581466483,0.886084960044399,50.572889215703796,-6571.048551913111
10.715070552430575,7.397995581466483,0.886084960044399,50.572889215703796,-6571.048551913111
10.55968315175373,7.2785384937047315,0.8769034509921498,50.73404606041417,-6570.833505124816
10.182249961598803,6.857789918140187,0.8624638315606503,50.72419155071041,-6571.165056584929
10.187702794916609,6.785885735709002,0.8478916557117294,50.76753683011537,-6571.334272189028
10.29788719199596,6.631756993833432,0.8629301096382823,50.934332055340754,-6571.523937732884
10.592236666581227,6.386928060805238,0.868266865153389,51.01170775782762,-6571.507157814274
10.592236666581227,6.386928060805238,0.868266865153389,51.01170775782762,-6571.507157814274
10.750680739773996,6.362710467593313,0.8575542958390603,50.802350434858944,-6571.075426828096
10.639680048101209,6.432904944810203,0.8600624653695328,50.654056446424306,-6570.924607964329
10.608215916994157,6.5413716160897835,0.8598284805911709,50.363211411723896,-6570.748496935485
10.404442755501519,6.58344600290725,0.8470331827070723,50.28726158608211,-6570.93638888868
10.259595402101446,6.736367988594826,0.8394697808570287,50.550628216179206,-6571.070563087123
10.477054780132315,6.339218809160342,0.8458344695757191,50.49778666758041,-6571.138894786255
10.350011119938987,6.750810549357329,0.8374286907105829,50.54456952236368,-6570.886422724086
10.24458018049002,6.8892367262865575,0.8373648022055491,50.623538271940205,-6570.963729224104
10.441413159201504,7.060170416967328,0.8433836760710564,50.485563988394574,-6570.506194447531
10.441413159201504,7.060170416967328,0.8433836760710564,50.485563988394574,-6570.506194447531
10.792146542786398,6.815578146733222,0.8392155147275304,50.608340354366746,-6570.666216766123
10.764946129681675,7.071504044527099,0.8587351969926498,50.62916968954935,-6570.773716332507
10.708643615209551,7.0945252709937625,0.8539592509783719,50.795382531067496,-6570.849969681072
10.789831973155492,7.0072693912369495,0.8680047868659785,50.799921065236916,-6571.023562471198
10.868372279975079,6.704040699967438,0.8664384113206941,50.55278962313223,-6570.84199363896
11.030574975988866,6.36915349839559,0.8528771391053511,50.49382338230674,-6570.919110849925
11.030574975988866,6.36915349839559,0.8528771391053511,50.49382338230674,-6570.919110849925
11.259508499228872,6.251885917042405,0.8477662494298165,50.32689008337669,-6571.194856225166
11.55887302163741,5.814970248049621,0.8641836402014833,50.57507611298003,-6571.820094689407
11.55887302163741,5.814970248049621,0.8641836402014833,50.57507611298003,-6571.820094689407
11.490150020921213,6.025827422569009,0.8578561259171752,50.59579705072222,-6571.693454890086
11.435404310511172,5.910698316536747,0.8606789692135872,50.575593297458866,-6571.56240069788
11.5202062857267,5.9878226592121075,0.851930041214332,50.5263368737641,-6571.674458736254
11.546352499709641,6.138219813583447,0.8543870826362225,50.74464469780101,-6571.953901754585
11.707739109273836,6.173648374583873,0.8593105871344779,50.64409249255539,-6572.43783259413
11.635033826396135,6.221916544668914,0.8390631463360048,50.65069021854895,-6572.036841790897
11.606785833600764,6.330214458655994,0.8510823026037364,50.85846325467054,-6572.345551359142
11.515041712305543,6.188943197605205,0.8546737990352156,50.80649263724324,-6571.965200218063
11.695118684326458,5.8798891617109925,0.8453662955937841,50.77742261629053,-6572.154863655409
11.499868980646113,5.751854127940459,0.8402063050710904,50.68192277981314,-6571.60341394678
11.463504078624497,5.924850776418191,0.8379373006919695,50.53454312526471,-6571.457767461937
11.24721203562347,5.818465266899705,0.8393346519959107,50.510268309143676,-6571.215187138532
11.24721203562347,5.818465266899705,0.8393346519959107,50.510268309143676,-6571.215187138532
11.237373455613954,5.939640746906193,0.8435686122431479,50.620457508712825,-6571.219155552704
11.237373455613954,5.939640746906193,0.8435686122431479,50.620457508712825,-6571.219155552704
11.23550313440827,6.1872576198733364,0.8649188051039354,50.585264325190366,-6571.288874974391
11.111299403345413,6.40135424069315,0.8668887870733839,50.11497640923865,-6571.215800665208
10.953576303740181,6.619130681923136,0.8687508082672164,50.28920341523111,-6570.928510439804
11.088513083170406,6.513362292327371,0.8671254960283477,50.02977810638035,-6571.284807145517
11.299094294677262,6.89738154190208,0.8700769671800662,49.984773748410035,-6572.130801188499
10.997170845603959,6.734394760185996,0.8722996128290588,49.976198531740785,-6571.291680347137
11.103332386342469,6.826991864169616,0.8690611557390033,49.88271255557569,-6571.6548209172315
11.103332386342469,6.826991864169616,0.8690611557390033,49.88271255557569,-6571.6548209172315
10.851549739696573,6.493086361416778,0.8743094438790471,49.928279349031136,-6571.162388436556
10.6363392193764,6.514372122021597,0.8688750077108767,49.81322141022067,-6571.264503950235
11.005948470233047,6.559037606710617,0.8554146868899112,50.15955143764207,-6570.975212666042
11.005948470233047,6.559037606710617,0.8554146868899112,50.15955143764207,-6570.975212666042
10.76487567211523,6.21355636764749,0.855483326149318,50.10363707362508,-6571.046979724064
11.071299051604578,6.108505489852732,0.8536620193254647,50.26481555277402,-6571.036287123587
10.986642341450713,6.113820857043749,0.8475359169180744,50.08984114015867,-6571.101366255839
10.744643831368155,5.807203943446105,0.8410373030349229,50.1668281360634,-6571.536796469322
10.584232270586181,5.76431939308094,0.8322478241187456,50.384846763246955,-6571.938610236359
10.097796748107456,5.797274646839015,0.8245961841971443,50.288162959921834,-6573.960639531531
10.19714669003673,5.559495657828738,0.8276365360967513,50.36312094252675,-6574.148807604377
10.727707892277957,5.645849292670999,0.838751431159517,50.4770154405314,-6571.77829015507
10.774476901816662,5.578185028127678,0.8360055629539724,50.59517857967361,-6571.869139869477
10.774476901816662,5.578185028127678,0.8360055629539724,50.59517857967361,-6571.869139869477
10.851963632341038,5.675040316798999,0.8323051404447624,50.4579213995726,-6571.529130849532
10.851963632341038,5.675040316798999,0.8323051404447624,50.4579213995726,-6571.529130849532
10.855241353565715,5.552043085210725,0.8231114303153055,50.3204931047401,-6571.798867484854
10.904743396990321,5.592764221586408,0.8178313491315351,50.17535651784844,-6571.751858276813
10.833876542353607,5.534128671613763,0.8144490725143042,50.23995296641519,-6571.982797925839
11.056081333323512,5.667575756130808,0.813583606874349,50.29684036616467,-6571.404770561649
11.245072267778871,5.494133760820173,0.8086760649005469,50.495680232872566,-6571.496771675501
11.284344940355377,5.476649644377292,0.8093753123379273,50.53097348494982,-6571.508257393256
11.40996648285641,5.572099376677244,0.8052199991932846,50.57702647192078,-6571.455491474806
11.601831641321965,5.493046442752312,0.807128433317312,50.49973919452331,-6571.6282803129225
11.492164159248563,5.404139776987963,0.7946098540084978,50.75672905429612,-6571.754462230874
11.591919776603973,5.175433242806213,0.8063945804936321,50.70050437134006,-6571.914613045796
11.591919776603973,5.175433242806213,0.8063945804936321,50.70050437134006,-6571.914613045796
11.962507681874872,5.263005752336153,0.8076465069659434,50.63445844794242,-6572.305882615248
11.962507681874872,5.263005752336153,0.8076465069659434,50.63445844794242,-6572.305882615248
12.029332108587857,5.305100135467593,0.7888027893547442,50.83852438693489,-6572.531721807089
11.630661634662598,5.211637731439474,0.772007194118123,51.174552668208094,-6572.672846697612
11.58958115430619,5.202097814096406,0.7701875121006416,51.402445924160915,-6573.263519988228
11.58958115430619,5.202097814096406,0.7701875121006416,51.402445924160915,-6573.263519988228
11.694315893308566,5.134170559397165,0.7718712025178787,51.411918159623106,-6573.342711531505
11.493152206462351,4.900754634376098,0.775540663702652,51.30472060471204,-6573.483670329731
11.440520245582547,5.092763622873895,0.7824850046363705,51.07928921426317,-6572.6585426875145
11.408219012641215,5.30205207484857,0.7845914857859378,50.883200351320504,-6572.057064274681
11.64342039839644,5.329669709269069,0.7887801669963803,50.885645592391114,-6572.032351874786
11.482164011373522,5.174815221053612,0.7907203196618718,50.512853106136454,-6571.879665485728
11.482164011373522,5.174815221053612,0.7907203196618718,50.512853106136454,-6571.879665485728
11.482164011373522,5.174815221053612,0.7907203196618718,50.512853106136454,-6571.879665485728
11.120836669191146,5.338368630472388,0.7776119793198755,50.597321305619,-6572.133827641506
11.344461312794671,5.286231982724437,0.776835256885829,50.58281513699481,-6571.918570998776
11.28135447840141,5.484765308707789,0.7776204415416296,50.71651924683892,-6571.762268178955
11.544433302457481,5.508431365035427,0.7674331574127717,50.55355775387355,-6571.650201766301
11.598613959188981,5.606585332122236,0.7564921868044524,50.20206762084227,-6571.741482338711
11.462849747330278,5.888652060373454,0.760861729337975,50.141776610902,-6571.495405226451
11.386676772346755,5.9708923424384315,0.7867882062463812,49.88892160887251,-6571.664371258621
11.17717069999404,6.189746480541985,0.7774932336974935,49.99506646378511,-6571.270276182689
11.289043671394726,6.133339333902742,0.7798281155184229,50.20762399899767,-6571.139218598668
11.307799464636224,5.772956853669632,0.7682978629783527,50.26765474668089,-6571.409206183616
11.307799464636224,5.772956853669632,0.7682978629783527,50.26765474668089,-6571.409206183616
11.19438856272077,5.64890112734371,0.7731169088976386,50.209307061495785,-6571.612233315992
11.148918668732346,5.619020109531661,0.7682771041808361,50.166364820509386,-6571.776007522252
11.256451780524701,5.416947285816616,0.7768474721718698,50.184109408272754,-6571.8840081587305
11.256451780524701,5.416947285816616,0.7768474721718698,50.184109408272754,-6571.8840081587305
11.256451780524701,5.416947285816616,0.7768474721718698,50.184109408272754,-6571.8840081587305
11.40656017758614,5.347954978595114,0.7862999174834415,50.249712630025996,-6571.771369501212
11.830716213635961,5.237510411299189,0.7726522584522566,50.279950259860286,-6572.090509278124
11.888128537744441,5.264972784633023,0.7697748520378271,50.3104426406243,-6572.136169650999
12.032661833706504,5.459907410187961,0.7775119533338258,50.167149947025,-6572.481443940376
12.032661833706504,5.459907410187961,0.7775119533338258,50.167149947025,-6572.481443940376
11.924144647648044,5.600982867313682,0.7674368502681382,50.144878255272516,-6572.241027397781
11.924144647648044,5.600982867313682,0.7674368502681382,50.144878255272516,-6572.241027397781
11.853682055126567,5.4905674470826265,0.7593106273782273,50.15439524449804,-6572.122926145288
11.911428458574392,5.331430409170552,0.76170140793896,50.35029757808747,-6572.133860845031
12.130043934880646,5.632070858607857,0.7580690036055515,49.98769967233753,-6572.930978180548
11.981136018730203,5.5023603750693395,0.7534281159320855,50.22270239646693,-6572.290493010909
11.981136018730203,5.5023603750693395,0.7534281159320855,50.22270239646693,-6572.290493010909
11.94089280128898,5.39230370628515,0.7432249829050349,50.28567754912182,-6572.224503141029
12.060834225711249,5.499802045945216,0.7651881466528704,50.47661259565469,-6572.373045494594
12.060834225711249,5.499802045945216,0.7651881466528704,50.47661259565469,-6572.373045494594
12.120957805791706,5.3773280635547405,0.7549304774694614,50.59774177334421,-6572.50320761886
12.2272608698347,5.2185143316324085,0.7593873310028915,50.588504888551675,-6572.755543880512
12.260883722094189,5.066465605889772,0.7608661019305903,50.44339517329039,-6572.8389752959765
12.26338871555114,5.139159496712331,0.7486497493514167,50.428793147624994,-6572.8340691731355
12.26338871555114,5.139159496712331,0.7486497493514167,50.428793147624994,-6572.8340691731355
12.157604466456682,5.635573226107151,0.7554589580646659,50.63900630933343,-6572.65630028687
12.157604466456682,5.635573226107151,0.7554589580646659,50.63900630933343,-6572.65630028687
12.053321674266268,5.748657317581489,0.7628411740869461,50.7868633771729,-6572.525668414231
11.814154941102172,5.806617606961053,0.7561383281980995,50.81642507235451,-6571.997405570336
11.8643131118196,6.20614441007014,0.7506290463228559,50.49163868818577,-6572.021270271686
11.535037488808369,6.4205630817706,0.7289648378129449,50.37374371505373,-6571.337361791049
11.518641857919958,6.265094253180888,0.7398947695151876,50.24632093841305,-6571.376200883266
11.518641857919958,6.265094253180888,0.7398947695151876,50.24632093841305,-6571.376200883266
11.096447677255123,6.440764740905211,0.7323033794521325,50.40785042662188,-6570.994049851517
11.111310811746083,6.4894654417680595,0.7326384544987887,50.218649005329766,-6571.028144694394
10.57588538615742,6.520102760153513,0.7452404518048951,50.16232250354672,-6571.517160675099
10.57588538615742,6.520102760153513,0.7452404518048951,50.16232250354672,-6571.517160675099
10.57588538615742,6.520102760153513,0.7452404518048951,50.16232250354672,-6571.517160675099
10.698005036656546,6.868793809985648,0.7550777908127847,50.359215118779474,-6570.666720746478
10.545453507643796,7.142377269538604,0.7506202732187691,50.48495848501363,-6570.586929517323
10.76827385388636,7.514927291696461,0.7436239283032292,50.0183465093531,-6570.616251276034
10.977581031832504,7.650252163414194,0.7575029322115765,50.010608365824275,-6570.946625854509
11.035223773316428,7.648232475819987,0.7534534558089229,50.12651891426224,-6570.925895473009
11.035223773316428,7.648232475819987,0.7534534558089229,50.12651891426224,-6570.925895473009
11.187278375072278,7.815395165715229,0.7587625513243461,49.923684706487535,-6571.730637975326
10.966862461195381,7.7637851138745075,0.7575369658314404,49.86988712033748,-6571.190691287112
11.09650805835518,7.647895593215777,0.7513132603062038,49.8585602618274,-6571.400555159349
10.785494432978778,7.748532085299333,0.7596015639391501,50.00969207353883,-6570.6717063032
10.32647295715516,7.572711248237967,0.757337121479195,50.220038366769906,-6570.446036731055
10.06027014190277,7.537626584375905,0.7546337091907088,49.911339255662114,-6571.301912024361
10.205731626022027,7.669556016633596,0.7453366471965771,49.87037101787753,-6570.9867871638135
10.379328750788414,7.440454356474316,0.7446029071081076,49.83362564231055,-6571.037031444646
10.379328750788414,7.440454356474316,0.7446029071081076,49.83362564231055,-6571.037031444646
10.416736395279402,7.351742823046876,0.7312609203558019,49.68497119732177,-6571.506132171229
10.416736395279402,7.351742823046876,0.7312609203558019,49.68497119732177,-6571.506132171229
10.416736395279402,7.351742823046876,0.7312609203558019,49.68497119732177,-6571.506132171229
10.231730467120778,7.147884158175436,0.71755193803301,49.7850495491005,-6572.218439553554
10.237109990805495,7.258513626084673,0.7081776018542609,50.08525868027628,-6571.68601213472
10.237109990805495,7.258513626084673,0.7081776018542609,50.08525868027628,-6571.68601213472
10.237109990805495,7.258513626084673,0.7081776018542609,50.08525868027628,-6571.68601213472
10.120161847746097,7.143376130516984,0.7335844102043332,50.352964265258805,-6571.724318437788
10.222749064077906,7.2147818540186455,0.7311277008816846,50.03057459351708,-6571.514736299342
10.101111160566461,7.243538950530874,0.7322434192962779,50.17058340413779,-6571.68592309013
10.443231668981351,7.065715801973545,0.7349684644573277,50.15131960238164,-6571.060836895329
10.416360448723772,7.161657518273394,0.7316489403406417,49.659426950104795,-6571.806212624315
10.784376460169312,7.349029624537115,0.7336592466797177,49.60560030489078,-6571.464866530652
10.784376460169312,7.349029624537115,0.7336592466797177,49.60560030489078,-6571.464866530652
11.067389498592094,7.473255933401175,0.7369566650786536,49.803097470598765,-6571.315524133679
11.114784244806296,7.294307295777334,0.7460942903378548,49.77042635785987,-6571.415958764436
11.008435009748393,7.478605431215922,0.740587096914173,49.899920677340475,-6571.053132910092
11.008435009748393,7.478605431215922,0.740587096914173,49.899920677340475,-6571.053132910092
11.07451504246236,7.574792112479034,0.737675503886334,50.00820776608897,-6571.047255484835
11.103237127781222,7.610461711518162,0.7314360628425274,49.731647867422346,-6571.575907989118
11.103237127781222,7.610461711518162,0.7314360628425274,49.731647867422346,-6571.575907989118
11.067620910381269,7.5405377200563555,0.7291305742862895,49.68527290093743,-6571.576661108989
10.704974294690029,7.765307182282107,0.7383180578102155,49.685101698590465,-6571.138379805539
10.679867778700684,7.766261083943993,0.7537259899965474,49.604402415777315,-6571.287672418698
10.679867778700684,7.766261083943993,0.7537259899965474,49.604402415777315,-6571.287672418698
10.679867778700684,7.766261083943993,0.7537259899965474,49.604402415777315,-6571.287672418698
10.222968261038643,8.034804157876525,0.7494843408569071,49.77752975832089,-6570.816705737454
10.148610079625305,8.007424809131578,0.7455456183873206,49.8323103024179,-6570.82835930138
10.40130607509215,8.006564259367781,0.745862334787624,50.080972573088154,-6570.339219755173
10.806957755795844,8.039468665840367,0.7425772679369588,49.932673832628,-6570.891080763735
10.806957755795844,8.039468665840367,0.7425772679369588,49.932673832628,-6570.891080763735
10.81171602651011,8.025735303936223,0.7412344189156758,49.90333254373021,-6570.932980834295
10.558414953300417,8.331474845856452,0.7350231102751752,49.836195935475445,-6570.794242468877
10.514199999431499,8.661354117422476,0.7356401044537797,49.93254770648291,-6570.740514403532
10.150501534609703,8.553972325815467,0.7418924350753828,50.04642013814712,-6570.314689796106
10.404957578725009,8.390797098933547,0.7347037867997358,50.14833279851969,-6570.284441515281
10.506771498990988,7.925655904677083,0.7393115205004364,50.311898844105684,-6570.234922409039
10.362036563744793,8.177481489268638,0.7191583023227415,50.1613112382524,-6570.327409777289
10.34798057733883,8.337973106500916,0.7198829827570756,50.109073330041404,-6570.332784913586
10.46044677146,8.642715528031912,0.7316401238285635,50.1867578710458,-6570.383854698619
10.174273394034184,8.68663802301267,0.7291332330622574,50.19664051519426,-6570.210525439205
10.192195703225021,8.39755147620193,0.7273950856189078,50.26042450265458,-6570.226694856974
10.192195703225021,8.39755147620193,0.7273950856189078,50.26042450265458,-6570.226694856974
10.351156833614684,8.542168315842854,0.7322764348275851,50.348570453881585,-6570.187739264849
10.457090608724062,8.59158532775999,0.719652757652908,50.33456712740668,-6570.284455335494
10.368949405262002,8.461255631083418,0.697946126105396,50.48666587418584,-6570.2805502058445
10.572501507420746,8.433753034492701,0.7179292475365169,50.08701984014624,-6570.502168898841
10.590092153990662,8.233641538726884,0.7097161750108227,50.42496401482396,-6570.313728984816
10.651775405085479,8.259589335808327,0.7275035432229036,50.28133572933553,-6570.402447966574
10.661653098466003,8.08141905500897,0.7299895916570303,50.49322700080838,-6570.340300415901
10.736636990512446,8.170481758521662,0.7280586871190682,50.71034705516524,-6570.577020918628
10.736636990512446,8.170481758521662,0.7280586871190682,50.71034705516524,-6570.577020918628
10.736636990512446,8.170481758521662,0.7280586871190682,50.71034705516524,-6570.577020918628
10.679325777220939,8.179978985773499,0.7282585851582895,50.95996626460865,-6570.817983295179
10.749883609111665,7.853748189993379,0.7140933762443589,50.7041563441629,-6570.5119837694165
10.731302949812344,7.779006346166811,0.7103650447356855,50.70262744385556,-6570.514206585138
10.551269184830364,7.552374324572102,0.7155236140945017,50.508148903613375,-6570.495299975737
10.66878033003059,7.190738720370845,0.7144217686267837,50.93532984251026,-6571.104247319279
10.66878033003059,7.190738720370845,0.7144217686267837,50.93532984251026,-6571.104247319279
10.50474865815915,6.981250415169955,0.7079301708570584,50.93578577402371,-6571.7311815088
10.776185386626148,6.935380172486873,0.6923156025726107,50.98750652318402,-6571.572658198083
10.818161554882218,6.6936799645483385,0.674143524732919,50.88414445229969,-6571.961698227018
10.80745289393559,6.479808347457737,0.6652133953985908,50.2972029860908,-6572.303107637096
10.766348355375234,6.570091288033572,0.6651568800748003,50.394640533894176,-6572.188096820275
10.831257272657938,6.750290259655655,0.6646869631879494,50.351878282495385,-6571.724912785825
10.831257272657938,6.750290259655655,0.6646869631879494,50.351878282495385,-6571.724912785825
10.82185384486369,7.1248360852829205,0.6752142154456159,50.289748773685915,-6571.086640006658
11.072014436519842,7.263228894427365,0.683488503039655,50.274130932006976,-6570.885099564039
11.096635247875755,7.134879048294893,0.6868594180764935,49.89535651189469,-6571.355972170597
11.096635247875755,7.134879048294893,0.6868594180764935,49.89535651189469,-6571.355972170597
10.754083639149343,7.195764646752809,0.6949026961672311,50.07074448620413,-6571.01718693003
10.98320721407553,7.004696815032555,0.6948466066865192,49.91645608030594,-6571.299634486735
10.965636513915802,6.925232864173373,0.6797621749551789,49.67785185541944,-6572.029782708072
11.162210291870158,6.799728545034594,0.6787739488090049,49.369107049642395,-6573.003565116346
11.006235963228727,7.071908450313924,0.6790666392062515,49.645079593692934,-6571.9739845273125
10.691686488742485,7.397882195817672,0.6855180169304066,49.57540014947161,-6571.937206828705
10.512233685010925,7.184822072787005,0.690300638184646,50.02525116966763,-6571.480515338249
10.832091302310253,7.031282741639772,0.7074026774485926,49.75272073790083,-6571.512328558734
10.837019999993494,7.386465079260257,0.6999115210209084,50.13161300927007,-6570.746162221685
10.96555754663213,7.072913464698404,0.7000885411544086,50.43458291765687,-6570.772700107742
10.870811714880613,7.087438360595224,0.693501342359437,50.45168641788646,-6570.841759660531
10.959199689971921,6.891134505461039,0.688109517546987,50.71859479405368,-6571.1371812491525
11.008150412510933,7.143886307302235,0.6886110003434878,50.86890668925466,-6571.08528213937
11.039175955817166,7.479650176119992,0.6825475102251849,50.77249451795888,-6570.91406326275
11.029324055755872,7.47825792227071,0.6805042332432016,50.95412386482696,-6571.1392842553905
11.044542749218968,7.826903731450558,0.6768108805488227,50.68586326243621,-6570.886157291945
10.915802669664968,7.57102140970138,0.6716512873095858,50.62361749245727,-6570.784226994541
10.599087754467817,7.600896940674255,0.6877692335405774,50.62160329475244,-6570.711120513321
10.563849177584336,7.420932202677789,0.695125817628108,50.406480202154654,-6570.775467682659
10.512926449871504,7.262546299619725,0.6867570912608532,50.66735119780068,-6571.2551861271195
10.512926449871504,7.262546299619725,0.6867570912608532,50.66735119780068,-6571.2551861271195
10.224905147210217,7.1062079817047845,0.6949702652650814,50.777942547345106,-6572.343858473878
10.171847527874757,7.034235902120103,0.7092751172803727,50.630251435005825,-6572.285616229732
10.171847527874757,7.034235902120103,0.7092751172803727,50.630251435005825,-6572.285616229732
10.13558529521969,6.827610907265228,0.6914448152157108,50.82521574529936,-6573.602844076226
10.13558529521969,6.827610907265228,0.6914448152157108,50.82521574529936,-6573.602844076226
10.084088954551243,6.881198834675484,0.6906207227344014,51.02008397563792,-6574.076482607892
10.050204241190487,6.603732628597952,0.6900683666615449,50.79766567007452,-6574.809262559446
10.050204241190487,6.603732628597952,0.6900683666615449,50.79766567007452,-6574.809262559446
10.06615762140042,6.787126854017095,0.6835285594343444,50.80261133582283,-6574.284252454644
10.06615762140042,6.787126854017095,0.6835285594343444,50.80261133582283,-6574.284252454644
10.06615762140042,6.787126854017095,0.6835285594343444,50.80261133582283,-6574.284252454644
10.074325088923445,6.599525707566246,0.6900855825197643,51.07803373983316,-6575.191713839773
10.253737180464988,6.788687048506794,0.6972884116570842,51.42456237822502,-6574.45213430351
10.427844608516285,6.995566064868364,0.6898392533424677,51.45190428501855,-6573.51675057837
10.427844608516285,6.995566064868364,0.6898392533424677,51.45190428501855,-6573.51675057837
9.993701418641168,7.040871978357299,0.6798011220579725,51.25441952242944,-6574.965258987362
9.993701418641168,7.040871978357299,0.6798011220579725,51.25441952242944,-6574.965258987362
10.204915593947426,7.109580311771134,0.6871929707144127,51.18269596548873,-6573.349069551423
10.49144947441783,7.011893767171352,0.6855138053500808,51.15766384646331,-6572.516564157825
10.548078004564834,7.328526395223234,0.6886095703067029,51.143016537985,-6571.803798783863
10.734401257806315,7.871628697476153,0.6926964378624849,50.93509416218759,-6570.844173860953
10.82265946832529,8.20916211795145,0.7024220950360314,50.542963717616615,-6570.593665541479
10.611435301677345,7.996336853468255,0.6991750916246239,50.55626483227166,-6570.395399403689
10.649538147089332,8.077039483373987,0.7178475807521854,50.679923360212086,-6570.428625984747
10.835200385232554,7.803379993189965,0.7187181676119264,50.89702583445696,-6570.789200085002
10.837521788823068,8.126247261583995,0.7370583401895613,50.83355893155776,-6570.868652489847
10.753097911968768,8.13988965873182,0.7274075534846255,50.44804591559585,-6570.4645330886115
10.50934192508133,7.926838679750741,0.7040835797173732,50.55986860420254,-6570.399792373836
10.50934192508133,7.926838679750741,0.7040835797173732,50.55986860420254,-6570.399792373836
10.581620674633934,7.822064646158034,0.7116065436676352,50.47311216264247,-6570.356796233099
10.545357283642328,7.874034562551231,0.7047636572759656,50.42128709839091,-6570.376621051848
10.70051023765078,7.854071547719297,0.7001234214057646,50.30502098443828,-6570.441227394902
10.948708088184384,7.74627908812018,0.7073969692655053,50.08925519813809,-6570.790998455911
11.02715686255007,8.054315856915046,0.7219974333070378,50.28239857205368,-6570.960337607022
11.02715686255007,8.054315856915046,0.7219974333070378,50.28239857205368,-6570.960337607022
11.093691671407587,8.077769039408231,0.716510797593148,50.46994634127733,-6571.08312455667
10.835332655016918,8.234381472103125,0.7173589680149082,50.59507832631991,-6570.668961697961
11.205686127473138,8.181174757746426,0.720634123895764,50.295837369300486,-6571.571752539106
11.243540991895193,7.890427928974271,0.725891305905579,50.4737410806731,-6571.369012329431
11.321983482255732,7.853709673277067,0.7367312311163955,50.745083726384536,-6571.763192256285
11.321983482255732,7.853709673277067,0.7367312311163955,50.745083726384536,-6571.763192256285
11.089563785155516,7.812226766208929,0.7337028810871165,50.468198266562176,-6570.9348132381665
11.089563785155516,7.812226766208929,0.7337028810871165,50.468198266562176,-6570.9348132381665
10.890393928494404,7.7480032226485545,0.7315089205311887,50.196637470369346,-6570.604012538883
11.01322966102712,7.480736979495497,0.730572726567312,50.004090726133875,-6570.908124735308
10.575893169109147,7.6130969380185585,0.7338666563673651,49.97508007415684,-6570.624496308754
10.475946677527128,7.728522745075478,0.7468347930042323,49.86439485920899,-6570.701551793257
10.475946677527128,7.728522745075478,0.7468347930042323,49.86439485920899,-6570.701551793257
10.49785044216073,7.479468655887755,0.741677943648274,50.139508589136184,-6570.510214922866
10.536721108932225,7.546563030506881,0.7467551590092624,50.02265350266251,-6570.544429438968
10.758108759879617,7.574968455767328,0.7499749494711513,49.79301982697385,-6570.946270072064
10.9310259490489,7.6729055046674866,0.7452276844839796,49.759233656733215,-6571.244469186705
10.862011282026273,7.5379529898512,0.7387609342072283,49.80399233344115,-6571.035418385273
10.862011282026273,7.5379529898512,0.7387609342072283,49.80399233344115,-6571.035418385273
10.859321583901844,7.766285890993813,0.7409966726878278,49.81843177047975,-6571.045486111865
10.540623301950875,7.696399780640458,0.743990966923398,50.03618742075794,-6570.477110812179
10.540623301950875,7.696399780640458,0.743990966923398,50.03618742075794,-6570.477110812179
10.260353008195558,7.687225604888688,0.7549578801594274,50.104375516152984,-6570.525575199212
10.30070967881369,7.795400127277589,0.7393920006548442,50.47360677823073,-6570.373633651257
10.291323929883568,7.901341876954257,0.7343595321536072,50.27635094155111,-6570.352472815726
10.589957338684055,7.510819101094424,0.7449150556724042,49.984664503403756,-6570.606272294734
10.682515512390191,7.475553540283423,0.746012497321997,49.681209535409806,-6571.162620150091
10.682515512390191,7.475553540283423,0.746012497321997,49.681209535409806,-6571.162620150091
11.007017547234014,7.330036885068279,0.7443422622910519,49.70420655516949,-6571.392344033502
11.007017547234014,7.330036885068279,0.7443422622910519,49.70420655516949,-6571.392344033502
11.007017547234014,7.330036885068279,0.7443422622910519,49.70420655516949,-6571.392344033502
11.007017547234014,7.330036885068279,0.7443422622910519,49.70420655516949,-6571.392344033502
11.007017547234014,7.330036885068279,0.7443422622910519,49.70420655516949,-6571.392344033502
10.984337895636221,7.269169470581964,0.7524011489232789,49.52624647676948,-6571.788535037389
10.984337895636221,7.269169470581964,0.7524011489232789,49.52624647676948,-6571.788535037389
10.892422638005405,7.344898749338955,0.7356075922612417,49.578515928816906,-6571.583913884373
10.759405295460942,7.293692256378803,0.7579606493345027,49.60566305843007,-6571.386392148252
10.646605221892653,7.578663619251656,0.7487070208024078,49.45269740540807,-6571.704818911804
10.63461261253982,7.86693774479466,0.7400021284240877,49.39870308192182,-6571.840229132497
10.63461261253982,7.86693774479466,0.7400021284240877,49.39870308192182,-6571.840229132497
10.63461261253982,7.86693774479466,0.7400021284240877,49.39870308192182,-6571.840229132497
10.526767904310702,8.151225021407619,0.7386142109186672,49.36207076689019,-6571.886575728551
10.564174878416248,8.265434761196136,0.7497522699189876,49.558635661934446,-6571.38225742012
10.788576888832043,8.417761123247075,0.7440730362384153,49.843674869201486,-6571.265433622208
10.42193684905331,8.367191620127151,0.7562582890525759,49.655826614624694,-6571.035842200608
10.427406531564305,8.34262413575312,0.7549909860786073,49.47624268201272,-6571.484430940536
10.721550424452005,8.462064239459881,0.7589753700757339,49.4931537313191,-6571.98839506536
10.721550424452005,8.462064239459881,0.7589753700757339,49.4931537313191,-6571.98839506536
10.721550424452005,8.462064239459881,0.7589753700757339,49.4931537313191,-6571.98839506536
10.589611428127705,8.485865227060264,0.7670268645062396,49.36280855139803,-6572.13958707582
10.589611428127705,8.485865227060264,0.7670268645062396,49.36280855139803,-6572.13958707582
10.549758480450787,8.41753383403923,0.7739954687567282,49.33032810012777,-6572.150586183075
10.479447123659487,8.145871000913763,0.764261364320113,49.62051407081639,-6571.1236227793925
10.346619179431809,8.596629811149041,0.7579620404613848,49.75045072381195,-6570.845401638098
10.346619179431809,8.596629811149041,0.7579620404613848,49.75045072381195,-6570.845401638098
10.244463372787086,8.820863383258349,0.7608158521233119,49.530911332072016,-6571.337325921224
10.002706740264598,8.800343993582139,0.7629377935148675,49.39351824966936,-6571.611515868808
10.163896827166536,8.763058899155315,0.7553467307138676,49.46386820054937,-6571.434771433305
10.163491455551886,8.449525894501942,0.7565224115613481,49.42977544019958,-6571.522876852136
10.190449075515469,8.207111376622333,0.7750150854441652,49.3511872931737,-6571.7671428018575
9.993052858040334,8.042272680895957,0.7956793815621073,49.67690837506542,-6571.060153994411
10.31188855715142,7.998422639615221,0.7890540739874822,49.473546351592915,-6571.421595703053
10.31188855715142,7.998422639615221,0.7890540739874822,49.473546351592915,-6571.421595703053
10.216240867433362,8.1171543590455,0.7751654897029396,49.55091197453758,-6571.210021004126
10.065478917094522,7.966785175530713,0.7791759525137231,49.608841733550264,-6571.239151742573
10.504774770222117,7.977412366719263,0.780882751517189,49.49735193502721,-6571.4461328535235
10.549539403431593,7.66225248164086,0.772546647248611,49.802383374684254,-6570.777374989675
10.685695501351763,7.643988561835053,0.7739080481326719,50.22109618016067,-6570.37357014639
10.54640575617321,7.774251230122261,0.7581091567125442,50.24715088517499,-6570.262816093918
10.54640575617321,7.774251230122261,0.7581091567125442,50.24715088517499,-6570.262816093918
10.474571389986485,7.66248377334783,0.7480580794285897,50.352284797814754,-6570.282647360396
10.753781124538003,7.939816219065207,0.7597102919105844,50.52280439840515,-6570.474377658853
10.743638156532873,7.929171879259912,0.7559341497635268,50.26075315152433,-6570.459228522937
10.596430921446748,7.830220966924243,0.7511780922634088,50.25936181902311,-6570.281973925452
10.488013146917128,7.644954989432534,0.7489312314166324,50.46321486977838,-6570.285333163569
10.70955602561884,7.50274913833859,0.7424302961238401,50.3702890694394,-6570.3510662710505
10.368271106610258,7.213950623622576,0.7398015576325402,50.62062585105854,-6570.928529522799
10.368271106610258,7.213950623622576,0.7398015576325402,50.62062585105854,-6570.928529522799
10.250452434047087,7.217552855463752,0.7330611524877283,50.64195124913116,-6571.290698437797
10.427510469234246,7.552045864120374,0.7345104581264434,50.30832538556369,-6570.464707949366
10.190805151684517,7.512077488497431,0.7273309764936028,50.252474290397146,-6570.9921232277375
10.283620595641548,7.438532209967757,0.7360069079950647,50.63652935171729,-6570.8577723151975
10.23328826566848,7.313114194071053,0.725601828508211,50.37671436648852,-6571.179176231166
10.658445706617181,7.129238112575576,0.7293200780634485,50.62643044382071,-6570.702639285593
11.004184582275338,7.026422899052117,0.7299855236440451,50.314784064744444,-6570.665598177822
11.08924334721657,7.105965247866498,0.7254922605034546,50.26318185465515,-6570.751391244202
10.968087310341733,7.080414862943053,0.7405260955586489,50.49997877417618,-6570.582075806917
11.009632025312492,7.276555766299981,0.7329154114191482,50.89589374911917,-6570.912268372536
11.102647199828668,7.2081672750521575,0.7575383562006908,51.01951142529193,-6571.2363572865515
11.102647199828668,7.2081672750521575,0.7575383562006908,51.01951142529193,-6571.2363572865515
11.351953871118003,7.097824101634508,0.7488093563846205,51.159073812328074,-6571.876295878615
11.192516389746569,6.991226426773525,0.7591429519968205,51.07802474682201,-6571.429530318354
11.411050234330837,7.0843028377211255,0.7365579814712344,51.0764055979934,-6571.790209770512
11.345273488623043,7.17963803295626,0.7386600196246638,51.09043310212064,-6571.729204527109
11.621896194817689,7.229860484359207,0.7253549346043463,50.854934343889525,-6572.093013921212
11.372672534568652,6.959101759991097,0.7361537968430796,50.681405664296925,-6571.1784185927245
11.372672534568652,6.959101759991097,0.7361537968430796,50.681405664296925,-6571.1784185927245
11.372672534568652,6.959101759991097,0.7361537968430796,50.681405664296925,-6571.1784185927245
11.184387288923794,6.971560368748038,0.7279861363201148,50.49901515066781,-6570.813163359888
11.184387288923794,6.971560368748038,0.7279861363201148,50.49901515066781,-6570.813163359888
11.1449077340944,6.951788066257611,0.7095651164164309,50.45876148858426,-6570.834348116116
11.09813773334302,7.168611235862787,0.696959246996516,50.47557569576998,-6570.799731553266
10.690674241951905,7.350567933775255,0.6872220418381423,50.308556845865795,-6570.823396501799
10.575201103145218,7.337284691991987,0.7056838925100548,50.039715583062225,-6570.964525894817
10.575201103145218,7.337284691991987,0.7056838925100548,50.039715583062225,-6570.964525894817
10.300565442838831,7.364984210382282,0.7243936634887229,49.70568765395559,-6571.732525005977
10.098575917520321,7.4699144650525575,0.7049114326955535,49.729707884743235,-6572.352232566147
10.040027474852266,7.304690664263936,0.7135873892802319,49.68444810129719,-6572.851680883168
10.040027474852266,7.304690664263936,0.7135873892802319,49.68444810129719,-6572.851680883168
9.922428710993982,7.13277220565806,0.7185773286389086,50.03610073864866,-6573.067358942728
10.07126809011833,7.364702058829879,0.7259860671988669,50.06298961118191,-6571.744066471434
9.918472975366674,7.249847585234245,0.7422911072163785,49.7164963842041,-6572.863976346289
9.75526832100111,7.273638113363775,0.7594802296563437,49.69092422936577,-6573.297417515713
9.861849000860108,7.338628462543721,0.7723564966723421,49.49421601956821,-6572.989871253527
9.861849000860108,7.338628462543721,0.7723564966723421,49.49421601956821,-6572.989871253527
9.891779788203845,7.362602034756503,0.7775445206725368,49.50458456481278,-6572.731799788495
9.935019864178779,7.470572883566311,0.7730661921485826,49.46281428427111,-6572.564824729568
9.935019864178779,7.470572883566311,0.7730661921485826,49.46281428427111,-6572.564824729568
9.847595388870834,7.434353010813285,0.7780003489030557,49.52859638697413,-6572.677868201902
9.987237429535188,7.356434087235677,0.7862353361402289,49.434445569178045,-6572.542837495192
10.067385404811136,7.172274997931694,0.7753885571271997,50.096265731103784,-6571.421320836421
10.110177439226078,7.4523703539758515,0.7640897209542148,50.06673861530565,-6571.011234293201
9.946788268006108,7.591102303725696,0.765718991744595,49.93297089841899,-6571.379244441645
10.265807550570273,7.4608101122866,0.7764853581871408,49.766500404778,-6571.071014644136
10.3763753983187,7.624141176602585,0.762342203685662,49.63760275446159,-6571.18586512906
10.3763753983187,7.624141176602585,0.762342203685662,49.63760275446159,-6571.18586512906
9.899671820306969,7.9770121034684465,0.751863235236446,49.655833801677645,-6571.620372027715
9.763175415011352,8.005324187809164,0.7426538294942647,49.83158512888743,-6571.718058350841
9.763175415011352,8.005324187809164,0.7426538294942647,49.83158512888743,-6571.718058350841
9.765575344340515,8.069961082159372,0.7451871489312326,49.49315542498702,-6572.360285379431
9.709904844588202,7.685290020617863,0.7383340650207914,49.33979604670991,-6573.90047170582
9.682062764971514,7.924228127477918,0.7498062466030503,49.609603782348856,-6572.524272562794
9.689466570779162,8.058587134786551,0.7554630867691724,49.61346771963828,-6572.177597643033
9.689466570779162,8.058587134786551,0.7554630867691724,49.61346771963828,-6572.177597643033
9.644380509532827,8.021310617565044,0.7538217015060418,49.74681029673534,-6572.123020021809
9.644380509532827,8.021310617565044,0.7538217015060418,49.74681029673534,-6572.123020021809
9.644380509532827,8.021310617565044,0.7538217015060418,49.74681029673534,-6572.123020021809
9.310522325160267,7.893108643262133,0.7509962552540781,49.95902970032141,-6573.744593178012
9.338351183311662,7.829867539515461,0.7415854978711851,49.99558176770088,-6573.903640677079
9.249542955300424,8.080275529237117,0.7536392760472106,49.99219906319598,-6573.509270345619
9.339580417013542,7.991606428177539,0.7735114175065203,50.04167626780131,-6572.827238919129
9.613887594718548,8.046938360480617,0.7779038679131328,50.15440342109593,-6571.371047813239
9.760361173831699,7.718672635614031,0.7644935305332206,50.00787730097952,-6571.685759019936
10.193096664509861,8.077987944247761,0.7672463529763364,49.599531120785464,-6571.130845376337
10.229524147361998,8.126166756403743,0.7626127538196792,49.497119578013574,-6571.376422029135
9.913447884845557,7.959467990434258,0.767101052042354,49.4325856776949,-6572.064328658129
9.969729162489982,8.01571426327843,0.7453219490285811,49.815200452232226,-6571.148281989218
9.905392319486015,8.012669976608896,0.7484369289964293,49.8417952718258,-6571.22047241074
10.079599810758674,7.875515742171952,0.7451484179317535,49.78680815004264,-6571.13874063423
10.107058838844685,7.905732955043915,0.7409244443444639,49.57648203789855,-6571.56858604092
10.084580112538745,7.955090492715202,0.750940281750968,49.434615001993606,-6571.869239532184
10.06422740948069,7.79280613624706,0.7451700102289603,49.39137695722905,-6572.273157102469
10.138390324718962,7.706639139323118,0.734474374960286,49.569570668813256,-6571.821434356825
10.34973916473521,7.961344843127087,0.7113173384827788,49.56670134086673,-6571.502382036488
10.42284458922394,8.365410227232159,0.7256395383950396,49.57493563278485,-6571.254962266366
10.6742990053778,8.292831632649314,0.7226554296777699,49.781897075138325,-6571.023751483606
10.6742990053778,8.292831632649314,0.7226554296777699,49.781897075138325,-6571.023751483606
10.6742990053778,8.292831632649314,0.7226554296777699,49.781897075138325,-6571.023751483606
10.627272279481222,8.329333680634898,0.7426050581486369,49.49795000807764,-6571.646740242815
10.745148071894757,8.356147837060034,0.7355718497315128,49.76742990697834,-6571.227134483035
10.916004176217852,8.361912357931596,0.7354672659429357,49.94759341944813,-6571.3276006769065
10.916004176217852,8.361912357931596,0.7354672659429357,49.94759341944813,-6571.3276006769065
10.715555221110504,8.000309797978918,0.755444934604316,49.91973369312692,-6570.7736359605215
10.754987946431273,8.053291604228441,0.7515398909347429,49.67864278335758,-6571.291908401358
10.6766807075507,8.06905508752027,0.7622879382548988,49.609004985675526,-6571.358834256196
11.015751250318779,8.347174829800462,0.7556517523884534,49.79981658577624,-6571.978545974127
11.015751250318779,8.347174829800462,0.7556517523884534,49.79981658577624,-6571.978545974127
11.015751250318779,8.347174829800462,0.7556517523884534,49.79981658577624,-6571.978545974127
11.01364391363755,8.060137466139205,0.7565180575064758,49.59920845999229,-6572.0807056372
10.961372137449922,7.948653348590466,0.7495512984911807,49.543244047037554,-6571.959145139474
10.961372137449922,7.948653348590466,0.7495512984911807,49.543244047037554,-6571.959145139474
10.596786810385192,8.06084582546257,0.7364510520029545,49.75948115074809,-6570.912667397532
10.596786810385192,8.06084582546257,0.7364510520029545,49.75948115074809,-6570.912667397532
11.058181460564697,7.855018709250181,0.7283058007322065,50.13286999307255,-6571.012386055891
11.114668414387486,8.272453143074282,0.737249716002614,50.14997241981721,-6571.600229207271
11.003497754130745,8.559078901293859,0.7364489615678639,50.09712443412387,-6571.642892626668
11.055060355017112,8.9077100727095,0.7515384923794346,50.299945035172975,-6572.390049681158
10.996094609063116,8.750505047963939,0.7536133921375604,50.46681152610395,-6571.89733872421
10.862063119201276,8.726370430961314,0.7475444705281824,50.57596081890733,-6571.377746975072
10.816147977538,8.36636458980329,0.7624202278391251,50.52057923800969,-6570.932766623391
10.816147977538,8.36636458980329,0.7624202278391251,50.52057923800969,-6570.932766623391
10.49555760220263,8.357209808167454,0.7664231300881832,50.61877201409192,-6570.391332079203
10.477597952904116,8.289812154575367,0.7678742807267358,50.61559780989751,-6570.343937268979
10.490023334503103,8.066385469414735,0.7690000325719034,50.67336926720948,-6570.335362807047
10.289437262666183,8.113576156204656,0.767209746031065,50.49251301862569,-6570.1633069471845
10.400595845231189,8.066098100511375,0.7678944723834503,50.64902536161139,-6570.267963380054
10.481480167100903,8.14166391569932,0.7591269875576984,50.8400042145953,-6570.506571692711
10.481480167100903,8.14166391569932,0.7591269875576984,50.8400042145953,-6570.506571692711
10.507187338605036,8.263269636331612,0.7674971642558297,50.97679967365874,-6570.798448915575
10.564146672694068,8.168461251147582,0.7430527103275663,50.6905821987554,-6570.386289996537
10.696114096192758,8.08360417287864,0.7417349706178558,50.6155319848839,-6570.445379223286
10.792520560865196,8.042961288739663,0.7494514883223611,50.34051642416216,-6570.545855012987
10.554318520288042,8.27970103390422,0.7282610572863164,50.35652786644416,-6570.280093723326
10.554318520288042,8.27970103390422,0.7282610572863164,50.35652786644416,-6570.280093723326
10.282143288664512,8.458205859332907,0.7330928336786484,50.6868782803805,-6570.287870790256
10.283932707625413,8.376619492708315,0.7448731195294503,50.890448588989,-6570.527631764309
10.148688030953195,8.342975624940129,0.7714045292608741,50.744909897554855,-6570.347641689291
10.148688030953195,8.342975624940129,0.7714045292608741,50.744909897554855,-6570.347641689291
10.148688030953195,8.342975624940129,0.7714045292608741,50.744909897554855,-6570.347641689291
10.131398188851641,8.510575482214097,0.7571965289642281,50.66165631072984,-6570.253830968548
10.105938136478073,8.194212308474532,0.769371448724382,50.53308035880908,-6570.234391922519
10.374126944616059,8.220904054720762,0.7693323532893807,50.65023897348216,-6570.27362083716
10.307090494378725,8.304201922684197,0.7601926089283545,50.24871327452441,-6570.167576799794
9.822598889018344,8.23383540055021,0.7698130794903246,50.389857447779335,-6570.5635533761
9.834407896366784,8.07043128408481,0.7683148102881638,50.59335218513176,-6570.801690551257
9.80907349314702,8.256502687424419,0.7706124271831873,50.497407383521136,-6570.596980098119
9.956624422446842,8.59561012145871,0.7736124883762813,50.98902553767334,-6570.7893786976165
10.172429955814895,8.527903012531823,0.762617262824925,51.02855253180689,-6570.780087353311
10.236381182679223,8.61882636937568,0.7796935493660296,51.15947635805851,-6571.144772686192
10.236381182679223,8.61882636937568,0.7796935493660296,51.15947635805851,-6571.144772686192
10.663348446679887,8.654131063121946,0.7572843497796587,50.7621849309185,-6570.978553120839
10.562877812209209,8.880918212055622,0.7438582523862216,50.92620663813219,-6571.100463775311
10.791412885638561,9.103187573510969,0.7370534164843624,50.68673132215247,-6571.64639030165
10.664908793270753,9.223740201825898,0.7425414315781665,50.70720992707478,-6571.495982436395
10.919231846748001,9.309572646537182,0.734947703005559,50.70739242779651,-6572.433719387844
10.919231846748001,9.309572646537182,0.734947703005559,50.70739242779651,-6572.433719387844
10.649851151582052,9.093103596591376,0.7333391188645647,51.16787987385391,-6571.892181935964
10.528176186383282,9.094028981546472,0.7300778284863033,51.15035446279373,-6571.562714726011
10.528176186383282,9.094028981546472,0.7300778284863033,51.15035446279373,-6571.562714726011
10.327488435209943,9.258095301709327,0.7401609990698355,51.14917051099723,-6571.419894397822
10.372740529899751,9.512886829293704,0.7322782972243588,51.29310318963126,-6572.048956039167
10.519474359529912,9.615807774789031,0.7194052470037106,51.1013629191122,-6571.974813338851
10.764346192407663,9.228748006260277,0.7088825646444721,51.5133913624114,-6573.063941606575
10.764346192407663,9.228748006260277,0.7088825646444721,51.5133913624114,-6573.063941606575
10.764346192407663,9.228748006260277,0.7088825646444721,51.5133913624114,-6573.063941606575
10.989461253216293,9.172743770477691,0.714059161764455,51.2480922220033,-6573.026784022918
11.087283862590507,8.822470693113726,0.7019187845835313,51.3181371019259,-6572.8779969379875
11.087283862590507,8.822470693113726,0.7019187845835313,51.3181371019259,-6572.8779969379875
11.101545270232322,8.817708303337858,0.6904322484384642,51.71132373713195,-6573.989429042804
10.874589531183046,8.835841134074899,0.6929161879279676,51.53505765877738,-6572.852054241752
11.089056519994394,8.516168979548626,0.7168149696312387,51.52548870638781,-6573.175573717866
11.089056519994394,8.516168979548626,0.7168149696312387,51.52548870638781,-6573.175573717866
10.82449594731168,8.772390282999432,0.7304432518870005,51.478534232169295,-6572.733631220559
10.878153772129961,8.35780334167043,0.7289261457374194,51.3073325722226,-6571.966508105682
10.878153772129961,8.35780334167043,0.7289261457374194,51.3073325722226,-6571.966508105682
11.072178504877048,8.60328397003518,0.7129952195920302,51.11186923896025,-6572.187719936829
11.028786912511286,8.750426411174212,0.7009633739718182,51.203888372248855,-6572.3358475256155
11.053173116971365,8.837018090442804,0.6814379447772485,51.05866313126951,-6572.111169110585
10.756343103586664,8.986219834952498,0.6875662983428601,51.27596984040756,-6571.995180335734
10.920016741752857,9.020941267653596,0.6822365709590599,51.20111079823597,-6572.230712693801
10.95816531410051,8.627744711528722,0.7011652658042655,51.097155438233806,-6571.789982855678
10.95816531410051,8.627744711528722,0.7011652658042655,51.097155438233806,-6571.789982855678
10.95816531410051,8.627744711528722,0.7011652658042655,51.097155438233806,-6571.789982855678
10.85512828613239,8.683478959346782,0.7021595999438234,50.63499810891214,-6571.033637466136
10.568755487521809,8.486707831255499,0.7025125024594215,50.527535407550864,-6570.375257953241
10.568755487521809,8.486707831255499,0.7025125024594215,50.527535407550864,-6570.375257953241
10.420847343438627,8.461693920556282,0.6993530704590779,50.30306464433182,-6570.290415240545
10.421943265415594,8.321086951655928,0.7120686053807028,49.99308802856556,-6570.500481662416
10.39323408658516,8.576410992724753,0.7149390350958197,49.66854957031902,-6571.0598658639665
10.366994310410995,8.850449392357053,0.7081289486032544,50.00679572122827,-6570.532344783076
10.366994310410995,8.850449392357053,0.7081289486032544,50.00679572122827,-6570.532344783076
10.366994310410995,8.850449392357053,0.7081289486032544,50.00679572122827,-6570.532344783076
10.209850148072478,9.104483839375291,0.7035493155402662,50.23758373168543,-6570.308223610087
10.293859677098581,8.980125203210926,0.7099691134842487,50.32625335173231,-6570.284899802921
10.293859677098581,8.980125203210926,0.7099691134842487,50.32625335173231,-6570.284899802921
10.188751655400829,9.229391265239325,0.7156029052407322,50.407810673979235,-6570.30023309405
10.362639590113513,9.330971057762554,0.6948307745045296,50.24307992763737,-6570.583773928331
10.299100782178328,9.194317486132562,0.6864866889896277,50.207812307598545,-6570.449724402052
10.241014674369124,9.172339884675143,0.7096143190657827,50.24595721320626,-6570.349983352233
10.241014674369124,9.172339884675143,0.7096143190657827,50.24595721320626,-6570.349983352233
10.118661381495828,9.225314576289136,0.7125719929097057,50.24851892883716,-6570.282811633535
10.118661381495828,9.225314576289136,0.7125719929097057,50.24851892883716,-6570.282811633535
10.432795332470242,9.077939564589773,0.7261953721311016,50.17975698519114,-6570.617334621274
10.16536623478554,8.91951826206993,0.7213212007607235,50.221414367130315,-6570.227785443682
10.16536623478554,8.91951826206993,0.7213212007607235,50.221414367130315,-6570.227785443682
10.16536623478554,8.91951826206993,0.7213212007607235,50.221414367130315,-6570.227785443682
9.928922534525427,8.620053706231886,0.7035580325922963,50.315903642542374,-6570.540216375214
9.799857387803156,8.447240284140296,0.7113931030787742,50.09189948236008,-6571.030273890568
9.769861222151121,8.663150364018314,0.7175932516235625,50.139862475106945,-6570.761484030388
9.769861222151121,8.663150364018314,0.7175932516235625,50.139862475106945,-6570.761484030388
10.168845462628864,8.400947266986465,0.703665928793497,50.241543227426625,-6570.392811372154
9.927110400202515,8.094709105824412,0.7072285052765315,50.37826003745517,-6571.0708425735165
9.785194324872512,8.049992020423149,0.72554459697685,50.45910545578381,-6571.340376912736
10.055178058817715,7.997959042377405,0.7089581553334997,50.730984156503844,-6571.040953051633
10.055178058817715,7.997959042377405,0.7089581553334997,50.730984156503844,-6571.040953051633
9.963213723899846,8.06102297864808,0.7162551124237649,51.03303088309424,-6571.599423426243
9.638120030034983,8.211416366411726,0.7070143387497175,50.8539437288196,-6572.2829088246235
9.754611228681581,8.043007406207474,0.7093676408375788,50.81247809547108,-6572.020885552039
9.754611228681581,8.043007406207474,0.7093676408375788,50.81247809547108,-6572.020885552039
9.837697472308525,8.09875369897205,0.6845288173369797,50.71114238209934,-6571.89705642813
9.855081858984809,8.06807878285354,0.6883972534633541,51.0413707078265,-6572.362010372775
9.855081858984809,8.06807878285354,0.6883972534633541,51.0413707078265,-6572.362010372775
10.072053416155024,8.242377216138452,0.6856780523442819,50.95937637830599,-6571.330832168633
10.382203458604968,8.713908503237262,0.6749673375739202,51.170311031126886,-6571.237342687573
10.486003345410504,8.53234107161504,0.6746129216270779,50.9988075747014,-6570.904634222508
10.65398027853455,8.3824806580869,0.6817525567749222,51.14664278350949,-6571.22538375681
10.692082112940916,8.596950623259696,0.687274510652209,51.24451132097104,-6571.540065996246
10.752067601640391,8.556140580848133,0.6905681396108814,51.194782981305025,-6571.485569976922
10.48332969168028,8.352241194701705,0.6851389263051781,51.03420217484307,-6570.937187419635
10.496336921769382,8.439394714882102,0.6764311247427534,50.73862683887,-6570.550358568514
10.493206357926404,8.17709398232375,0.6831721541045658,50.89234729648627,-6570.757185773395
10.601137209447542,8.113002198022581,0.6992096184912729,50.99541335725529,-6570.848095473
10.836415498251803,8.1490820138707,0.6779685013946759,50.96613443359981,-6571.012931156003
10.585989414874346,8.282098331702286,0.6743724312941508,50.84628541941503,-6570.714600991189
10.565964363932999,8.257978749139417,0.6754341658884087,50.87377093753632,-6570.746726087007
10.565964363932999,8.257978749139417,0.6754341658884087,50.87377093753632,-6570.746726087007
10.565964363932999,8.257978749139417,0.6754341658884087,50.87377093753632,-6570.746726087007
10.885280874760454,8.24842167196985,0.6901453478673597,50.89957090185327,-6570.999759931282
11.080610806588712,8.107236221411464,0.696163260896712,51.192693748970676,-6571.7934903560335
11.116523626935678,8.413599107612217,0.6891022860122955,51.08966078231011,-6571.909516633121
11.116523626935678,8.413599107612217,0.6891022860122955,51.08966078231011,-6571.909516633121
11.313752546385855,8.506855151685388,0.675325677356209,51.36732727418396,-6573.111841506115
11.313752546385855,8.506855151685388,0.675325677356209,51.36732727418396,-6573.111841506115
11.313752546385855,8.506855151685388,0.675325677356209,51.36732727418396,-6573.111841506115
11.284755018024477,8.502420721900089,0.672532783109014,51.31832143382586,-6572.879958296722
11.311589132626848,8.367463334056215,0.66098812618023,51.05310712724444,-6572.230036005919
11.28685275508708,8.737652871835898,0.6722111985459277,50.717074498570774,-6572.298157592255
11.147941684292022,8.670618682827133,0.6674745332988963,50.98409608878702,-6572.004337703573
11.02851616484549,8.705307089064128,0.6844541332794466,50.718486642937094,-6571.48705531115
11.02851616484549,8.705307089064128,0.6844541332794466,50.718486642937094,-6571.48705531115
10.921169606732738,8.820071950483754,0.69092708594753,50.961256036910605,-6571.61936876686
10.79436230306371,8.654895647609555,0.6790724869246976,50.963100255308575,-6571.164461224426
10.74599114253559,8.665401818328673,0.682641465438398,51.14033308454608,-6571.4138418503135
10.918422282956426,8.622343524260325,0.6881354435336564,51.257898786670324,-6571.9712289908675
11.096794323882643,8.677910633718595,0.6751918329030708,51.211436278517326,-6572.307177292084
11.264187144563836,8.642744133884472,0.6797837941083349,51.31177694956023,-6573.023468935209
11.241766932165675,8.733955205389291,0.6777673442840079,51.18476148961189,-6572.784865860529
11.58457288941104,8.724700590294592,0.6951212627240343,50.94598360194943,-6573.9739147597575
11.450811579095017,8.7633573517794,0.7081261116558133,50.89841325976095,-6573.531035575804
11.330568634682063,8.757692126931623,0.7185062365641769,50.67632904183256,-6572.92171021525
11.083429827304291,8.77504793152796,0.7160653157233965,50.6952565813491,-6571.958059439901
11.430615629326605,8.77928009353515,0.7345254644813191,50.638776618416024,-6573.619809045585
11.430615629326605,8.77928009353515,0.7345254644813191,50.638776618416024,-6573.619809045585
11.556096596933175,8.361315007309678,0.736161967191285,50.86342940484754,-6573.579535359032
11.556096596933175,8.361315007309678,0.736161967191285,50.86342940484754,-6573.579535359032
11.79102073282938,8.13566841429431,0.7536819392856339,50.95255532977634,-6574.656297680134
11.676653586781233,8.001872865527142,0.7427866929291849,51.05377600692216,-6573.807417127322
11.625252485277272,7.695246741400621,0.742154133444019,50.88676705942616,-6572.848532830123
11.424318163427456,7.66166979988285,0.7423922043038553,50.84704460672782,-6572.019951344366
11.317895824701944,7.69670786616959,0.7467000797812151,50.870067230893255,-6571.780035461373
11.192695569124847,7.446211948509654,0.7298934365584482,50.69414917406385,-6571.0123900473345
11.094023898074738,7.195602206540384,0.7284112067270588,50.67577836544053,-6570.777067047653
10.919654169582742,7.24813429599868,0.7427951560599506,50.665388438251014,-6570.590706696842
11.133156263652873,7.547070623748276,0.741342156641308,50.44825907329656,-6570.888964151432
11.099300533163529,7.299054941062638,0.7455261752732804,50.56766783107159,-6570.752711136339
11.362703598487784,7.527133556495155,0.7274956696906004,50.75858240960226,-6571.511520642107
11.211061294926537,7.7125022905746174,0.7197383146683989,50.73330411731332,-6571.209900661583
11.057935241043074,7.89384008847252,0.7301472754540111,50.7173888888176,-6571.014766241968
10.920837975221836,8.045478618634894,0.7292550325964637,50.521665116863026,-6570.721016169462
10.712921630067658,8.34789567722283,0.7402097351969198,50.750509698291474,-6570.712403728694
10.729162850910573,8.189390735080462,0.7214224001656273,50.579568724986906,-6570.478536537123
10.362368499433792,8.318022726764633,0.7509941105776747,50.77271887379747,-6570.378811719124
10.32043005280602,8.094416021820042,0.7431969018702562,50.8640272533002,-6570.530043539697
10.244641407802344,8.250670343946469,0.7467376415997445,50.89475238334935,-6570.558178593281
10.334125544943985,8.265733559954262,0.7441997131292878,50.74574890099244,-6570.343648458286
10.094369299885965,8.457483765978745,0.7516388720032535,51.025263708789865,-6570.816613106232
9.991679651832506,8.666329956431069,0.7553555248415137,51.36111130015735,-6571.702307402081
9.722446514306688,9.032588124773982,0.762494351092968,51.23020137384169,-6571.510557499774
9.80691227586066,8.93842585574777,0.750115750966211,51.283086860539065,-6571.603187844908
9.990397086712486,8.920803643740841,0.7360913389953647,51.21114478385897,-6571.260153915698
9.990397086712486,8.920803643740841,0.7360913389953647,51.21114478385897,-6571.260153915698
10.191082596866364,9.246572187157327,0.7288483595813469,51.13727248165392,-6571.1755336566075
10.353375955474103,9.102417462315396,0.71826507511273,50.9939475879887,-6570.933684716194
10.353375955474103,9.102417462315396,0.71826507511273,50.9939475879887,-6570.933684716194
10.353375955474103,9.102417462315396,0.71826507511273,50.9939475879887,-6570.933684716194
10.353375955474103,9.102417462315396,0.71826507511273,50.9939475879887,-6570.933684716194
10.120931139427718,8.783596983147357,0.7150089757216435,50.73408732388379,-6570.381946102194
10.256366217786093,8.795658165474377,0.7383577412224369,50.52255043543836,-6570.220711941612
10.256366217786093,8.795658165474377,0.7383577412224369,50.52255043543836,-6570.220711941612
10.054793500795526,9.192713211289751,0.7441191924119092,50.44771238861662,-6570.233322199994
10.151312513773377,9.337219738295218,0.7386794996071472,50.46687096136445,-6570.384889348415
10.337363622470438,9.463680985328953,0.7413725664238833,50.72161861809709,-6570.969885546732
10.315931264278015,9.618306332943733,0.7338437197084213,50.515064174633494,-6570.9144206051205
10.315931264278015,9.618306332943733,0.7338437197084213,50.515064174633494,-6570.9144206051205
10.39147064085338,9.814970156433748,0.7183469457614194,50.41927156315688,-6571.218788305599
10.433527376610582,9.635175424490784,0.7103097103857693,50.21752579128573,-6571.094031480533
10.433527376610582,9.635175424490784,0.7103097103857693,50.21752579128573,-6571.094031480533
10.431727485607608,9.643695035137313,0.734892722956649,49.711550712669904,-6571.919058343565
10.431727485607608,9.643695035137313,0.734892722956649,49.711550712669904,-6571.919058343565
10.431727485607608,9.643695035137313,0.734892722956649,49.711550712669904,-6571.919058343565
10.431727485607608,9.643695035137313,0.734892722956649,49.711550712669904,-6571.919058343565
10.3792955134567,9.74042428057158,0.7226307507470225,49.87152188254946,-6571.5360048479315
10.298007770270209,9.725180807760715,0.7184705616183208,49.81022898372581,-6571.399092528507
10.298007770270209,9.725180807760715,0.7184705616183208,49.81022898372581,-6571.399092528507
10.483610450755455,9.779634213339891,0.7105444130431434,49.61083595944014,-6572.306140847669
10.414012184318464,9.583145948689623,0.73702335137632,49.510997301223235,-6572.266274337734
10.414012184318464,9.583145948689623,0.73702335137632,49.510997301223235,-6572.266274337734
10.414012184318464,9.583145948689623,0.73702335137632,49.510997301223235,-6572.266274337734
10.414012184318464,9.583145948689623,0.73702335137632,49.510997301223235,-6572.266274337734
10.242763347670598,9.772298309024283,0.7301183819148095,49.63273158970725,-6571.745807866611
10.48904948865499,9.660111438083844,0.7210380777591147,49.674014265661214,-6572.083095400387
10.48904948865499,9.660111438083844,0.7210380777591147,49.674014265661214,-6572.083095400387
10.48904948865499,9.660111438083844,0.7210380777591147,49.674014265661214,-6572.083095400387
10.296965865013584,9.442886336134347,0.7371282199739099,49.517848676361766,-6571.818758820618
10.256684540637814,9.695097703327631,0.7357337711553543,49.758013630342056,-6571.46156041129
10.446200681903155,9.829433392445178,0.7345210751317189,49.94224599119474,-6571.845528518114
10.29621588888496,9.662033176840186,0.7378219407735257,49.71091679293328,-6571.616285598709
10.29621588888496,9.662033176840186,0.7378219407735257,49.71091679293328,-6571.616285598709
10.29621588888496,9.662033176840186,0.7378219407735257,49.71091679293328,-6571.616285598709
10.189029679116544,9.686833282638714,0.7169192685473884,49.68756752862042,-6571.377354459621
10.46667905131024,9.716600728574823,0.7127218157395956,49.57354956662963,-6572.273887038879
10.307602521790427,9.772232561382411,0.6939663046734822,49.44201752598735,-6572.2325238192625
10.241463452611892,9.322701230855708,0.685530244260055,49.3962432565123,-6571.9588245342775
10.261905988864294,9.417379988833263,0.6841023020083586,49.19587523147672,-6572.703557753561
10.261905988864294,9.417379988833263,0.6841023020083586,49.19587523147672,-6572.703557753561
10.106938827282185,9.532840645001084,0.6707675767546168,49.485698241216426,-6571.736354071323
10.022812273842193,9.360974764588956,0.6578510003606449,49.717511637794814,-6571.233924078822
10.331951931004301,9.324809082512031,0.6508848143233481,49.83877174977262,-6571.096471275265
10.431190909106814,9.194862509304757,0.659128567574008,50.10166816323557,-6570.734721366138
10.203218277175154,8.904967177599296,0.6457380391027796,50.38397590757885,-6570.61329745016
10.087105675013596,9.048662306330383,0.6402673762699391,50.52260235786484,-6570.731798003402
10.380522506648914,9.000337684095669,0.6508027610089533,50.61075582937652,-6570.570477853276
10.450136377755145,9.02673855037336,0.6611099767824821,50.80234406526485,-6570.72454362552
10.311537944362609,9.003584192061972,0.674292048603223,50.73884190628627,-6570.531471884746
10.465593539965306,8.694740855568433,0.677055706124064,50.62399204549031,-6570.449761408559
10.296375166608229,8.527315542995,0.665607907154754,50.39524322383094,-6570.509296520804
10.448596298719863,8.531195532959504,0.6667225427656247,50.48580181416339,-6570.45075003997
10.356757916739307,8.58712489586054,0.6736914851116553,50.30327482466902,-6570.413810351154
10.031193525901081,8.29353750356091,0.6805647277178608,50.13347826818711,-6571.027931784574
10.031193525901081,8.29353750356091,0.6805647277178608,50.13347826818711,-6571.027931784574
10.335383689235769,8.146432417887754,0.6920308458789299,50.024495977099626,-6570.680210555784
10.265345372007673,8.212405980023838,0.6878631039920029,50.100134956360584,-6570.659737809878
10.118597695807601,8.174368854960429,0.6857555687147538,50.13035289581459,-6570.913783909566
10.382629242978298,8.075683943639044,0.6891652520060559,50.16422238048274,-6570.573497131016
10.382629242978298,8.075683943639044,0.6891652520060559,50.16422238048274,-6570.573497131016
10.869219888424503,7.615891937583997,0.6853272760799588,50.283560338262774,-6570.656320587976
10.718334247843835,7.668682724288797,0.686352605734306,50.14639287464043,-6570.697422764972
10.376596479428068,7.516712658956838,0.6795232794280249,50.31902631386839,-6571.202545465007
10.589960208736281,7.44440323263516,0.6756959706992519,50.3440398683541,-6570.968437381355
10.771387337344278,7.03864719390199,0.6815821743289593,50.565244088054655,-6571.141241077166
10.990883916142215,6.967081484713141,0.6755475041722391,50.5163454026531,-6571.084881849733
11.059337178921163,6.920393938280341,0.6659291738988972,50.19876164031131,-6571.319089016732
11.30921482555556,7.241857488495904,0.649749803468693,50.298356266895965,-6571.3240065186
10.754146707998089,7.209062823936667,0.6474478083962949,50.458135807210496,-6571.44930245078
10.717757034851118,7.390480972541184,0.6456210433494033,50.47898824630775,-6571.297777939943
10.602954686556336,7.3680747166698275,0.6380654196402504,50.52052735265062,-6571.676203193496
10.602954686556336,7.3680747166698275,0.6380654196402504,50.52052735265062,-6571.676203193496
10.602954686556336,7.3680747166698275,0.6380654196402504,50.52052735265062,-6571.676203193496
10.818517160654048,7.395598706848569,0.6228283251851938,50.78013123170201,-6571.713008506976
10.779178668519341,7.369630723791148,0.6396854509871813,50.91304625364302,-6571.667985216167
10.853668993458095,7.577352848205219,0.6476617565094698,50.81143086097526,-6571.165144414523
11.18844413389513,7.4923324023905415,0.6352519340419911,50.79815057912045,-6571.371462963637
11.184488714389605,7.560619143713013,0.6505734224202878,50.52148315837202,-6571.091979867602
10.777028000946999,7.535954328478481,0.640132816840785,50.34477017734601,-6571.176920706807
10.897298624116697,7.545657876517429,0.6463820780214328,50.45139422843675,-6570.999588934822
10.773085771345531,7.868684365952651,0.6386174458312013,50.40439533971705,-6570.926639344598
10.655341699458933,8.006476934848969,0.629304143255922,50.48365998630304,-6571.009146973896
10.583145214889703,7.997648847334573,0.640506252134912,50.29662954810182,-6570.947817898821
10.583145214889703,7.997648847334573,0.640506252134912,50.29662954810182,-6570.947817898821
10.588504678634102,8.228322671165825,0.6637459972410733,50.41553792167691,-6570.539184846884
10.533218120826701,8.384126323792689,0.6501877577915123,50.36484135624927,-6570.621523974427
10.477521528170433,8.264864768069948,0.6350247898100108,50.54680966791111,-6570.89581902966
10.830694990983032,8.610022791490149,0.6422955863147912,50.75342271332502,-6570.99535838489
10.820369789895855,8.907485677308344,0.654220653981596,50.36325702800388,-6571.017270806106
10.810730773116848,8.626157167699466,0.6589927431256583,50.28040745274737,-6570.844112608288
10.706125401992104,8.87765783948518,0.6455780565714075,50.14233670739972,-6570.947798918591
10.666095448966775,9.0361591653562,0.6554655497518586,50.26647405089664,-6570.857210814373
10.363134949123767,9.39728336347797,0.6603780423844751,50.18246182686278,-6570.684525365123
10.363134949123767,9.39728336347797,0.6603780423844751,50.18246182686278,-6570.684525365123
10.395485168949854,9.288753926734508,0.6517016190563432,50.3357857948379,-6570.613521851146
10.392204119058993,9.235739618287035,0.665575542261672,50.676081083718294,-6570.625034473114
10.456975706757062,8.924232083381272,0.6609167705612101,50.6725940783523,-6570.582115722749
10.456975706757062,8.924232083381272,0.6609167705612101,50.6725940783523,-6570.582115722749
10.456975706757062,8.924232083381272,0.6609167705612101,50.6725940783523,-6570.582115722749
10.527860999701078,8.861049588898094,0.6553798657731841,50.350216522715996,-6570.568889863342
10.457730963687695,9.18696256252673,0.660877185582671,50.02292475272843,-6570.844252731471
10.32913415068225,9.18122191509785,0.6588455484011015,49.940819309716666,-6570.843400176464
10.320524930275349,9.29099902753476,0.6573084174009819,49.93835959284617,-6570.880181303017
10.215306482583772,9.24528739451294,0.6502072756070154,49.82505556873897,-6571.058806467183
10.215306482583772,9.24528739451294,0.6502072756070154,49.82505556873897,-6571.058806467183
10.215306482583772,9.24528739451294,0.6502072756070154,49.82505556873897,-6571.058806467183
10.23812027250207,9.381536278958988,0.6582363768054887,49.885047870896045,-6570.931188391206
10.483603532992408,9.389686639703623,0.643952765608074,49.62753375281759,-6571.777840289329
10.493911779618672,9.156741503593619,0.6583548403219882,49.29524502789967,-6572.5893308119885
10.404444381374475,9.024130915803976,0.6563658262395167,49.51431740028034,-6571.789866621151
10.564967317324182,8.738659067545175,0.6544193835510697,49.45326498361584,-6572.054402187997
10.585526812923346,9.1012067567289,0.6542511022496756,49.70618684345173,-6571.54202092957
10.721568673657064,9.083345762261176,0.6519881167126426,49.833367424789486,-6571.5168910716975
10.721568673657064,9.083345762261176,0.6519881167126426,49.833367424789486,-6571.5168910716975
10.85092017252714,9.189483136261472,0.6565425612494299,49.59552844348726,-6572.438262567135
10.85092017252714,9.189483136261472,0.6565425612494299,49.59552844348726,-6572.438262567135
10.761413115357545,9.061393277760157,0.6528331239146583,49.76183846662544,-6571.720133999177
10.761413115357545,9.061393277760157,0.6528331239146583,49.76183846662544,-6571.720133999177
10.748192038040433,8.596007483086769,0.6479624329119835,49.59782468050195,-6571.847767550938
10.573725817266878,8.723371356274752,0.6210687492469001,49.56707911556058,-6572.043215635496
10.38663510769947,8.9067691732638,0.6182112875803202,49.73961855723034,-6571.60300892526
10.379127390637038,8.733084501294421,0.6213920307088611,49.37819933313848,-6572.64029196366
10.207806261385409,9.142753743384056,0.6168477930949549,49.35880902263228,-6572.6815099075375
10.207806261385409,9.142753743384056,0.6168477930949549,49.35880902263228,-6572.6815099075375
9.97386173274696,9.371724937327205,0.6097859832795727,49.49640461878004,-6572.475028165938
10.37940320118772,9.301507969101499,0.6210290310348783,49.513269635834334,-6572.106673679395
10.37940320118772,9.301507969101499,0.6210290310348783,49.513269635834334,-6572.106673679395
10.37940320118772,9.301507969101499,0.6210290310348783,49.513269635834334,-6572.106673679395
10.195312332555591,9.36509735447818,0.6131883289648956,49.59381280291772,-6571.955934972749
9.97648997100752,9.270624732481245,0.6163759788820659,49.90893558509404,-6571.4753634946355
10.080817167462184,9.40618436363019,0.6153710647698466,50.14180506745553,-6571.00485518548
10.173120934719622,9.14902719431105,0.6230565245686736,50.06736023622957,-6571.005542115452
10.543643031720967,8.956935530513029,0.6109989905327048,50.05615107393361,-6571.149703147741
10.543643031720967,8.956935530513029,0.6109989905327048,50.05615107393361,-6571.149703147741
10.449485864123952,9.202644325818431,0.6063120077062926,49.966610706828085,-6571.28805885337
10.867156808272805,9.158534956942754,0.6124094243228616,50.13870292811013,-6571.538293060705
11.10899703365613,9.501892725971938,0.610054393087121,49.94389742500998,-6572.855769188863
10.876217361404356,9.834474011137962,0.6103767382258293,50.06421271093946,-6572.377978592336
10.876217361404356,9.834474011137962,0.6103767382258293,50.06421271093946,-6572.377978592336
10.621461147275353,9.589731142097124,0.5895072582768205,50.271548460553326,-6571.399416484513
10.622362806922546,9.660840977479367,0.5843822192732707,50.426975064861736,-6571.416633377601
10.78196608728276,9.610270350765193,0.584446047627365,50.15544011905133,-6571.8268777659
10.78196608728276,9.610270350765193,0.584446047627365,50.15544011905133,-6571.8268777659
10.78196608728276,9.610270350765193,0.584446047627365,50.15544011905133,-6571.8268777659
10.545812310768236,9.561356791682556,0.592402887736982,50.06335778616981,-6571.455103727922
10.361151998120446,9.617687829249064,0.5881787700173017,49.97706361521153,-6571.47737380474
10.361151998120446,9.617687829249064,0.5881787700173017,49.97706361521153,-6571.47737380474
10.391184272761794,9.268568177426834,0.5890239942641057,50.150078773580475,-6571.25797709347
10.119246554615485,9.474493381153925,0.5969327027967044,50.113766474853875,-6571.2384087798155
10.359622321217229,9.620521931751902,0.6061671333000498,49.9001175211537,-6571.418756266385
10.282342013380779,9.133636418420396,0.5978794432335116,49.899456049369405,-6571.541367972596
10.291070552156743,9.18715000954199,0.5903776524295874,49.72928928582971,-6571.976196041897
10.348171502532466,9.301098854938852,0.5841462805723276,49.636155470010365,-6572.240559690198
10.348171502532466,9.301098854938852,0.5841462805723276,49.636155470010365,-6572.240559690198
10.512788320924503,9.479586396648557,0.5855239937802053,49.64797875617692,-6572.239770987668
10.420204786146058,9.191051289900619,0.5896908830102232,49.35971122092478,-6573.00271223919
10.611094552270531,9.357496145585895,0.6000487958210047,49.47976862163531,-6572.619781223932
10.611094552270531,9.357496145585895,0.6000487958210047,49.47976862163531,-6572.619781223932
10.589076318913307,9.614562527143399,0.5978051028807522,49.53875390397904,-6572.565010234008
10.60383819875132,9.453362352003339,0.603592230577224,49.71718689041363,-6572.000289072781
10.631578091312509,9.302420373980942,0.6015152415111913,50.22981296819577,-6571.209367486646
10.674459097985535,9.190591071736113,0.6041381262389505,50.14478963220509,-6571.270406587518
10.861013837478392,9.503117333202852,0.6052605370177456,49.95250141711323,-6572.09540479555
10.861013837478392,9.503117333202852,0.6052605370177456,49.95250141711323,-6572.09540479555
10.773793321816925,9.43323218032402,0.5868239201396968,50.19196478008692,-6571.629180380734
10.440763732664221,9.230215121920311,0.5889232381190356,50.463780909393876,-6571.112954256825
10.54971833547222,9.21834226916647,0.5917162172571063,49.87943941894256,-6571.648681237463
10.6808306242581,9.149859196279175,0.5878622548522194,50.1684560454179,-6571.384006519154
10.62774041419461,9.066755584193155,0.596175165055484,50.33003121778719,-6571.127658267989
10.433384052380466,8.826222568342363,0.5996694242720657,50.4199811860836,-6571.084623300263
10.780023806492872,8.471784715665594,0.6039970096264735,50.45017519693954,-6571.107912963466
10.780023806492872,8.471784715665594,0.6039970096264735,50.45017519693954,-6571.107912963466
10.396781658701457,8.57536409556597,0.5879367451988277,50.60937082654623,-6571.542938804732
10.316313249999384,8.60370056190112,0.5705358371245015,50.57342526249989,-6572.029097962693
10.316313249999384,8.60370056190112,0.5705358371245015,50.57342526249989,-6572.029097962693
10.316313249999384,8.60370056190112,0.5705358371245015,50.57342526249989,-6572.029097962693
10.027843927106892,8.652472093212058,0.5771328663997183,50.6735908964097,-6572.644998070113
10.179215498571887,8.67771244713406,0.5657274520873801,50.80623243273869,-6572.5716704547585
10.229804750857681,8.449050488948359,0.5612751567537787,50.81177169109402,-6572.9369448228745
9.923501000360956,8.42793186454299,0.5713467578596418,50.73687044684368,-6573.783466602034
10.31744845688544,8.205574418993757,0.5636359894502522,50.562608453256914,-6572.850189713792
10.31744845688544,8.205574418993757,0.5636359894502522,50.562608453256914,-6572.850189713792
10.31744845688544,8.205574418993757,0.5636359894502522,50.562608453256914,-6572.850189713792
10.676418459668314,8.360502509136492,0.5758334993627574,50.6537192897256,-6571.666948930819
10.693308995285674,7.936520929801141,0.5741255049988534,50.65617576140916,-6572.135301751867
10.693308995285674,7.936520929801141,0.5741255049988534,50.65617576140916,-6572.135301751867
10.780239974875533,8.133583435901,0.5628241672630727,50.87389123259443,-6572.233191314217
10.874130747792112,7.95060016245861,0.5526824742035327,50.897165953892255,-6572.587116321478
10.70344500973917,7.941274404694034,0.5531508824511673,50.940631785953315,-6572.937504392372
10.728428225405944,7.631475856197966,0.5605603358282231,51.00610951942522,-6573.299048276425
10.654046682709936,7.7179239476489485,0.5541711324612365,50.96081413962626,-6573.456316621862
10.654046682709936,7.7179239476489485,0.5541711324612365,50.96081413962626,-6573.456316621862
10.391304852620987,7.50123851106868,0.5447179375410977,50.76435946202545,-6575.116543315469
10.229744565674542,7.626125564428359,0.5378308663835402,50.96266449046743,-6576.156980518882
10.229744565674542,7.626125564428359,0.5378308663835402,50.96266449046743,-6576.156980518882
10.300379316369325,7.300856460606442,0.5629301020099695,50.82841331838787,-6575.533736270609
10.531156983577354,7.716457343552462,0.5731936574770214,50.67813848504503,-6572.919823474535
10.601554676185076,7.94234265528318,0.5696371819802025,50.58489283579634,-6572.385464327968
10.751941497975203,7.9073195838633685,0.5620416152256105,50.176134346604016,-6572.492910893033
10.751941497975203,7.9073195838633685,0.5620416152256105,50.176134346604016,-6572.492910893033
10.74273680819609,7.743824651548579,0.5744612861416813,49.85345692916556,-6572.906347205482
10.682159146867418,7.793739603116378,0.581832560530064,50.004956111887886,-6572.476965425036
10.592129785889503,8.14257048383951,0.5937965785795715,50.28999495887204,-6571.60478738849
11.132473668453823,8.133240207652968,0.5805070198459155,50.361468582276814,-6571.699059697315
10.95522452575579,8.10314182914655,0.5672060140622665,50.35181067371248,-6571.868500938375
10.884140734698576,8.132440593032245,0.5623997710977205,50.38050670887163,-6571.956270785005
10.707709008854955,7.970912521462725,0.5653194597904708,50.23174496050466,-6572.340008780209
10.50381847022088,8.027413164627866,0.5686772994842357,50.407443933864286,-6572.487834884828
10.50381847022088,8.027413164627866,0.5686772994842357,50.407443933864286,-6572.487834884828
10.465785235932097,7.936405958724471,0.5802915687286623,50.49843454751915,-6572.414983562847
10.465785235932097,7.936405958724471,0.5802915687286623,50.49843454751915,-6572.414983562847
10.406521853060472,8.16041785474282,0.5829728509319853,50.591298196861075,-6572.150133296767
10.406521853060472,8.16041785474282,0.5829728509319853,50.591298196861075,-6572.150133296767
10.63657313285639,8.012761847473206,0.5822603320662002,50.261039914901446,-6571.961064237073
10.707673452338828,8.191825645782135,0.5848321692348097,50.07790536579552,-6571.814279480988
10.707673452338828,8.191825645782135,0.5848321692348097,50.07790536579552,-6571.814279480988
10.716682808547787,7.920127894810157,0.5934531160705084,49.86339441519914,-6572.239315296214
10.716682808547787,7.920127894810157,0.5934531160705084,49.86339441519914,-6572.239315296214
10.856653295532348,7.7150033002413965,0.6057581072072605,49.5853624185569,-6572.7391788777495
10.856653295532348,7.7150033002413965,0.6057581072072605,49.5853624185569,-6572.7391788777495
10.856653295532348,7.7150033002413965,0.6057581072072605,49.5853624185569,-6572.7391788777495
10.84881547737239,7.544563596704242,0.5949856893171198,49.67129375708435,-6572.9401214318395
10.84881547737239,7.544563596704242,0.5949856893171198,49.67129375708435,-6572.9401214318395
10.84881547737239,7.544563596704242,0.5949856893171198,49.67129375708435,-6572.9401214318395
10.956932724354822,7.727603141744807,0.6027280940886282,49.49551420981041,-6573.003456643031
10.920222474342536,7.628464770713807,0.5877953121167643,49.67393089232257,-6572.916933122475
11.01535037000186,7.7254093060182,0.5884924265088797,49.567372187511815,-6573.045828553712
11.297740925423033,7.425742740345156,0.5960732488233448,49.51546070354188,-6573.309798357017
11.297740925423033,7.425742740345156,0.5960732488233448,49.51546070354188,-6573.309798357017
11.206747240921043,7.353110141546112,0.590600579657801,49.50630364946441,-6573.473991489938
11.206747240921043,7.353110141546112,0.590600579657801,49.50630364946441,-6573.473991489938
11.00980260566433,7.2137226753891905,0.5835634692426716,49.737327181459534,-6573.316842587974
11.304437082503327,7.3908273414814145,0.6021138673982995,49.629192019991734,-6572.909265736249
11.086788001274927,7.563529589245291,0.6056679794455454,49.43734015674602,-6573.246085256487
10.663827966025398,7.473580457310565,0.6143010683465975,49.545308623981455,-6573.236933956833
10.546100103886168,7.55759005542183,0.6087785501268811,49.4571968830583,-6573.767436603891
10.456440060720912,7.738375092040106,0.613983721433163,49.47796919228383,-6573.462745865946
10.90434489464244,7.783820128123047,0.6144281173996543,49.47844233661327,-6572.821324063618
11.127715967641835,7.83337462373436,0.6292038068494501,49.45858745809618,-6572.771653847618
10.827694433620028,8.11003858634908,0.6287929682739593,49.71142880388929,-6571.81177504729
10.979300029042594,7.9758311332992475,0.6313222454498716,49.73698294037823,-6571.845359354813
10.979300029042594,7.9758311332992475,0.6313222454498716,49.73698294037823,-6571.845359354813
11.038550543257346,8.266058094934,0.6317547597372685,49.654293766828225,-6572.127133301732
10.848286743318027,8.189489215693582,0.6220878434103388,49.79150292895572,-6571.701037714008
10.848286743318027,8.189489215693582,0.6220878434103388,49.79150292895572,-6571.701037714008
10.524045009861418,7.678329650536471,0.6170720413705815,49.35951897367326,-6573.730014870103
10.524045009861418,7.678329650536471,0.6170720413705815,49.35951897367326,-6573.730014870103
10.664269386747451,7.471781257482295,0.5859521091100957,49.50220760588374,-6574.133434108717
10.664269386747451,7.471781257482295,0.5859521091100957,49.50220760588374,-6574.133434108717
11.023972337410468,7.392417460298544,0.595852347280409,49.44355469840813,-6573.604653792685
11.208958778976072,7.724170309126629,0.5958662608083728,49.44094640246933,-6573.3510186905605
10.99655309769486,7.8028904859655785,0.5975678241315209,49.19720777662569,-6574.095328665679
11.029307709152398,7.745757639420725,0.5749207616502301,49.158665713215406,-6574.764929284757
11.029307709152398,7.745757639420725,0.5749207616502301,49.158665713215406,-6574.764929284757
11.218011064298588,8.145675479279822,0.5898719584432919,48.991218582512175,-6575.123213031999
11.163890824268693,8.333546715332542,0.5875467162194862,48.933914973247155,-6575.353837539988
11.44495023036154,8.270082943625793,0.5878939222414443,48.94005271559918,-6575.831407363499
11.576080313687166,8.320359512090713,0.5843017717482029,49.213279200296654,-6575.0845720833395
11.703148109225639,8.107638722490936,0.5904125939492277,49.13448681983522,-6575.570479421863
11.703148109225639,8.107638722490936,0.5904125939492277,49.13448681983522,-6575.570479421863
11.626579577551759,7.93095761208804,0.5978916368753228,49.11955663410939,-6575.24132152024
11.626579577551759,7.93095761208804,0.5978916368753228,49.11955663410939,-6575.24132152024
11.917427344164619,7.971961763072669,0.5991337725132737,49.25500736062399,-6575.678480191991
12.003125232358565,8.13489839926955,0.5859446649762243,49.2996080355522,-6576.070703380106
12.04863482377382,7.945695483124317,0.5823616903385112,49.346397367666526,-6575.872778140343
11.979104468003802,7.8586459706725424,0.5699055583340614,49.03363224700056,-6576.816409512891
12.18168798719318,7.7267856413319125,0.5866704454612018,49.02615791282063,-6577.3746062866985
12.505077574504918,7.594696102894979,0.5843434412719792,48.9750381841373,-6578.843206195965
12.176747423363,7.472250175392135,0.5906288768190413,48.558871095920516,-6579.405525266349
12.176747423363,7.472250175392135,0.5906288768190413,48.558871095920516,-6579.405525266349
12.16107435342618,7.29197581135899,0.6032235261741726,48.37560616135917,-6580.211472751269
12.241508047525748,7.477724698467543,0.6030541960584507,48.345031986664964,-6580.831897625513
12.241508047525748,7.477724698467543,0.6030541960584507,48.345031986664964,-6580.831897625513
12.436473180286155,7.372472127636924,0.6125377896491633,48.376624311538045,-6581.296645686483
12.436473180286155,7.372472127636924,0.6125377896491633,48.376624311538045,-6581.296645686483
12.529152525387575,7.071888517555964,0.6143674493078264,48.455895196690214,-6580.884602038461
12.529152525387575,7.071888517555964,0.6143674493078264,48.455895196690214,-6580.884602038461
12.475525284703526,6.798085747068445,0.6091920087109938,48.416619064610096,-6580.678128266867
12.475525284703526,6.798085747068445,0.6091920087109938,48.416619064610096,-6580.678128266867
12.475525284703526,6.798085747068445,0.6091920087109938,48.416619064610096,-6580.678128266867
12.450241598280066,7.279488626985649,0.618105850062666,48.513645082964054,-6580.451777930997
12.450241598280066,7.279488626985649,0.618105850062666,48.513645082964054,-6580.451777930997
12.798548487222947,7.314497390627842,0.6212277518343565,48.63232103278822,-6581.60897801467
12.798548487222947,7.314497390627842,0.6212277518343565,48.63232103278822,-6581.60897801467
12.798548487222947,7.314497390627842,0.6212277518343565,48.63232103278822,-6581.60897801467
12.609505478249472,7.497218291664179,0.6298076922195854,48.758525367306795,-6580.3240664145505
12.2426171840985,7.114215657266794,0.6347517638083581,48.895655644975406,-6577.456515487821
11.740157059291962,7.111781697667632,0.634195827689979,49.13994127352778,-6574.857561455688
11.798901008854266,6.8170959820892545,0.6414249955426837,49.383258937564605,-6574.000340376592
11.7562267216354,7.056700624460321,0.6495893833114614,49.54045493049944,-6573.417059986321
11.7562267216354,7.056700624460321,0.6495893833114614,49.54045493049944,-6573.417059986321
11.354526756821029,6.999800866338889,0.6305348855778078,49.22731109614659,-6574.057689328703
11.354526756821029,6.999800866338889,0.6305348855778078,49.22731109614659,-6574.057689328703
11.252051780816243,7.238151963572037,0.6270815535256299,49.25945845146996,-6573.785466541383
11.462361969773335,7.196269160055278,0.6243255174931831,49.3143098099647,-6573.810441572419
11.202546318785918,7.4638853236264024,0.6219122576042724,49.59877389418764,-6572.6095992224045
11.157043613597457,7.600602037502331,0.6317648372565244,49.5721692222766,-6572.480689349573
11.157043613597457,7.600602037502331,0.6317648372565244,49.5721692222766,-6572.480689349573
11.280039908388462,7.6850421670599225,0.6404538028361534,49.64463682491551,-6572.358008527939
11.280039908388462,7.6850421670599225,0.6404538028361534,49.64463682491551,-6572.358008527939
11.646414520110376,7.459736783537281,0.6429498859742928,49.85006602575541,-6572.605137507803
11.426198559148748,7.159047984360457,0.6299764913957965,49.97701316544532,-6572.001137631878
11.39137882721924,6.808936432696713,0.6193242116423789,49.893776478790095,-6572.47151169459
11.39137882721924,6.808936432696713,0.6193242116423789,49.893776478790095,-6572.47151169459
11.588755992232212,6.6498270213979565,0.6363370829233281,49.77524917327764,-6572.685616433613
11.588755992232212,6.6498270213979565,0.6363370829233281,49.77524917327764,-6572.685616433613
11.310855630815716,6.826567637659427,0.6249539148161664,49.80935077589246,-6572.531041946743
11.21998840130251,6.851590159181324,0.6237719586352269,49.57859379810777,-6573.128579904627
11.166945464903584,6.960791353011974,0.6246864976484809,49.76042004171334,-6572.546084808891
10.853743199163345,7.120293566258931,0.6278760972484486,49.602984537499886,-6572.987000013958
10.853743199163345,7.120293566258931,0.6278760972484486,49.602984537499886,-6572.987000013958
10.853743199163345,7.120293566258931,0.6278760972484486,49.602984537499886,-6572.987000013958
10.824890996403731,7.080117348690203,0.6306554752975867,49.7401599227357,-6572.687855593947
10.647375176119256,7.148159386849841,0.6317597979240936,49.785455049395615,-6572.811489285006
10.631008011665745,7.250730436242347,0.6295025337581869,49.64761174373687,-6573.043839267413
10.631008011665745,7.250730436242347,0.6295025337581869,49.64761174373687,-6573.043839267413
10.708712557107605,7.389366451493041,0.6177306340223996,49.38613030299804,-6573.718131572205
10.626933198098753,7.138063822488421,0.6314230890274435,49.43912956828223,-6573.843257021872
10.600523601750503,7.320169867269858,0.6316470119016069,49.43463332538896,-6573.568804684697
10.600523601750503,7.320169867269858,0.6316470119016069,49.43463332538896,-6573.568804684697
10.797687434660922,6.889935494196859,0.6223905169730276,49.856739074682125,-6573.038426864686
10.82527326301245,7.030109858795417,0.6113186150416459,49.720510701361306,-6573.286469971521
10.665315771658507,6.989392172154124,0.6245891253589012,50.01522938006941,-6572.850436868879
10.612341257372725,7.023178673828326,0.6299985049957303,50.09955738241221,-6572.679555440975
10.776350939524338,7.101861143217042,0.6205722241234596,50.105984946453525,-6572.333072229534
11.059369182926641,7.232983843077102,0.6180831288215475,50.20486161238842,-6571.72668471281
11.053687127070992,7.334096132731399,0.6299802950686062,50.38969465790981,-6571.343607361472
11.374083530334499,7.455694416727892,0.6455327844405353,50.65375249835638,-6571.411564816485
11.185249922636327,7.620502716719028,0.652372766456065,50.71038196528818,-6571.15722900937
11.415437746854622,7.954860298284363,0.6381348123161982,50.33031931217344,-6571.733688370998
11.592077405842883,7.903513649153195,0.6567044308177836,50.77243474057136,-6572.2698489374725
11.319981945331797,8.150988749658547,0.6460419302187573,50.62437820101651,-6571.603679544605
11.463465345457692,7.795117279906794,0.6513011795222556,50.60662720109295,-6571.705460380619
11.56715071559925,7.923952101521883,0.6552728392952826,50.568956971683576,-6572.113539654755
11.56715071559925,7.923952101521883,0.6552728392952826,50.568956971683576,-6572.113539654755
11.354286367441851,8.223344882806902,0.6511102519592024,50.706087624076154,-6571.802002709892
11.172881574096184,8.200970657773297,0.6478755147801962,50.9648529217676,-6571.599710993496
11.172881574096184,8.200970657773297,0.6478755147801962,50.9648529217676,-6571.599710993496
11.01523495730187,8.136749662124325,0.6441032161693122,51.1264306989618,-6571.6043761342025
10.835750108910096,7.899019008718132,0.6394705106357025,51.17825094053838,-6571.680151615556
10.801291460290336,7.771430369535049,0.6489184571887816,51.317508713717,-6571.999487394745
10.801291460290336,7.771430369535049,0.6489184571887816,51.317508713717,-6571.999487394745
10.801291460290336,7.771430369535049,0.6489184571887816,51.317508713717,-6571.999487394745
10.868425047295107,7.9634893968028235,0.6385047023063983,51.5174089166721,-6572.57989439415
10.868425047295107,7.9634893968028235,0.6385047023063983,51.5174089166721,-6572.57989439415
10.868425047295107,7.9634893968028235,0.6385047023063983,51.5174089166721,-6572.57989439415
10.868425047295107,7.9634893968028235,0.6385047023063983,51.5174089166721,-6572.57989439415
10.362983615481703,9.398112976304734,0.6711459961548407,49.797011733319096,-6571.169612884645
10.362983615481703,9.398112976304734,0.6711459961548407,49.797011733319096,-6571.169612884645
10.362983615481703,9.398112976304734,0.6711459961548407,49.797011733319096,-6571.169612884645
10.362983615481703,9.398112976304734,0.6711459961548407,49.797011733319096,-6571.169612884645
10.362983615481703,9.398112976304734,0.6711459961548407,49.797011733319096,-6571.169612884645
10.362983615481703,9.398112976304734,0.6711459961548407,49.797011733319096,-6571.169612884645
10.310602119491557,7.658759520188499,0.6792230993111137,50.05074344879539,-6571.347562148434
10.695452810896368,7.162725995590602,0.7472125924313852,50.34861145562885,-6570.483694563648
10.695452810896368,7.162725995590602,0.7472125924313852,50.34861145562885,-6570.483694563648
10.695452810896368,7.162725995590602,0.7472125924313852,50.34861145562885,-6570.483694563648
10.695452810896368,7.162725995590602,0.7472125924313852,50.34861145562885,-6570.483694563648
10.772716343360834,7.087431138347198,0.7713872965273101,50.76142279455197,-6570.622756523694
10.772716343360834,7.087431138347198,0.7713872965273101,50.76142279455197,-6570.622756523694
10.772716343360834,7.087431138347198,0.7713872965273101,50.76142279455197,-6570.622756523694
10.772716343360834,7.087431138347198,0.7713872965273101,50.76142279455197,-6570.622756523694
11.101368674102268,7.148674013844049,0.7463930665877293,50.948686695171325,-6571.086525383747
11.101368674102268,7.148674013844049,0.7463930665877293,50.948686695171325,-6571.086525383747
11.101368674102268,7.148674013844049,0.7463930665877293,50.948686695171325,-6571.086525383747
11.101368674102268,7.148674013844049,0.7463930665877293,50.948686695171325,-6571.086525383747
11.101368674102268,7.148674013844049,0.7463930665877293,50.948686695171325,-6571.086525383747
11.37293090908422,7.026101204864901,0.6570026564545391,50.72164012395398,-6571.406931065783
11.37293090908422,7.026101204864901,0.6570026564545391,50.72164012395398,-6571.406931065783
11.146068665784533,6.958470776396716,0.7556752485156487,50.746636609808476,-6570.8922760142095
10.744516466964214,8.108845728531476,0.686242587030517,50.20261813959053,-6570.571069174722
10.744516466964214,8.108845728531476,0.686242587030517,50.20261813959053,-6570.571069174722
10.744516466964214,8.108845728531476,0.686242587030517,50.20261813959053,-6570.571069174722
10.744516466964214,8.108845728531476,0.686242587030517,50.20261813959053,-6570.571069174722
10.305732608804517,8.489793918357652,0.8219668400189177,50.62795930935299,-6570.561167387805
10.305732608804517,8.489793918357652,0.8219668400189177,50.62795930935299,-6570.561167387805
10.305732608804517,8.489793918357652,0.8219668400189177,50.62795930935299,-6570.561167387805
10.305732608804517,8.489793918357652,0.8219668400189177,50.62795930935299,-6570.561167387805
11.160453344624944,7.753838978609524,0.7128318754918493,50.57587321559898,-6571.008468832658
11.160453344624944,7.753838978609524,0.7128318754918493,50.57587321559898,-6571.008468832658
11.152746594941371,7.327341745354562,0.8251289469891407,50.52765209990387,-6571.372140874088
10.700496027657628,5.447456932808532,0.8435764388905466,50.54124872004975,-6572.228702724758
10.700496027657628,5.447456932808532,0.8435764388905466,50.54124872004975,-6572.228702724758
10.329181854589624,6.4537939209174064,0.915797212850484,49.526242503450455,-6572.249618906474
10.329181854589624,6.4537939209174064,0.915797212850484,49.526242503450455,-6572.249618906474
10.329181854589624,6.4537939209174064,0.915797212850484,49.526242503450455,-6572.249618906474
10.329181854589624,6.4537939209174064,0.915797212850484,49.526242503450455,-6572.249618906474
10.335569382114524,5.948248181741444,0.935654194767014,49.43062424512207,-6573.1883788378545
10.68444799545246,6.3754361287316135,0.8233112453666563,49.63762921659172,-6571.760449862688
11.474287473710401,5.486045902193212,0.7809082481632312,50.808809748284325,-6571.770604854943
11.474287473710401,5.486045902193212,0.7809082481632312,50.808809748284325,-6571.770604854943
11.474287473710401,5.486045902193212,0.7809082481632312,50.808809748284325,-6571.770604854943
11.474287473710401,5.486045902193212,0.7809082481632312,50.808809748284325,-6571.770604854943
10.614675518187203,5.712811245645507,0.9199082873082913,50.23368212299693,-6571.674190068059
10.614675518187203,5.712811245645507,0.9199082873082913,50.23368212299693,-6571.674190068059
10.674577944176015,5.61601576233465,0.819918406480927,49.74574877318472,-6572.818076562142
10.674577944176015,5.61601576233465,0.819918406480927,49.74574877318472,-6572.818076562142
10.674577944176015,5.61601576233465,0.819918406480927,49.74574877318472,-6572.818076562142
10.674577944176015,5.61601576233465,0.819918406480927,49.74574877318472,-6572.818076562142
11.272355324912773,5.899935665699847,0.9389766648927041,49.589445856153915,-6572.84881281484
11.272355324912773,5.899935665699847,0.9389766648927041,49.589445856153915,-6572.84881281484
11.272355324912773,5.899935665699847,0.9389766648927041,49.589445856153915,-6572.84881281484
10.922986826292972,6.1701888739024024,1.0277857586773684,49.421757332088994,-6573.717087398156
10.922986826292972,6.1701888739024024,1.0277857586773684,49.421757332088994,-6573.717087398156
10.27023429368432,6.803197762945984,1.042713592986807,49.19199448935825,-6573.930040847857
10.27023429368432,6.803197762945984,1.042713592986807,49.19199448935825,-6573.930040847857
10.27023429368432,6.803197762945984,1.042713592986807,49.19199448935825,-6573.930040847857
10.27023429368432,6.803197762945984,1.042713592986807,49.19199448935825,-6573.930040847857
10.27023429368432,6.803197762945984,1.042713592986807,49.19199448935825,-6573.930040847857
8.982478607695437,8.193983635797135,1.169305495625262,49.19542530938879,-6576.177838960902
8.982478607695437,8.193983635797135,1.169305495625262,49.19542530938879,-6576.177838960902
8.608705334136074,8.743237338036328,1.0016753277381578,49.08024156000827,-6576.117234384166
8.608705334136074,8.743237338036328,1.0016753277381578,49.08024156000827,-6576.117234384166
9.482881425358881,9.400953288566724,0.9038873535400962,49.79051019423803,-6571.4810144359335
9.482881425358881,9.400953288566724,0.9038873535400962,49.79051019423803,-6571.4810144359335
9.482881425358881,9.400953288566724,0.9038873535400962,49.79051019423803,-6571.4810144359335
9.482881425358881,9.400953288566724,0.9038873535400962,49.79051019423803,-6571.4810144359335
9.482881425358881,9.400953288566724,0.9038873535400962,49.79051019423803,-6571.4810144359335
9.482881425358881,9.400953288566724,0.9038873535400962,49.79051019423803,-6571.4810144359335
9.482881425358881,9.400953288566724,0.9038873535400962,49.79051019423803,-6571.4810144359335
8.945273056994257,9.810861157553562,0.7275581658642074,50.044487480581346,-6572.060366179905
8.945273056994257,9.810861157553562,0.7275581658642074,50.044487480581346,-6572.060366179905
8.945273056994257,9.810861157553562,0.7275581658642074,50.044487480581346,-6572.060366179905
8.945273056994257,9.810861157553562,0.7275581658642074,50.044487480581346,-6572.060366179905
9.869600049299473,7.9329292003891485,0.7281053794856147,49.749661912722914,-6571.846838786501
9.869600049299473,7.9329292003891485,0.7281053794856147,49.749661912722914,-6571.846838786501
10.804558899127132,7.819113549397062,0.8742592559203426,50.03178211857223,-6571.6216670762315
10.804558899127132,7.819113549397062,0.8742592559203426,50.03178211857223,-6571.6216670762315
10.83309865636812,7.703399788984149,0.8717281263689982,50.27534247372202,-6571.383830439063
10.83309865636812,7.703399788984149,0.8717281263689982,50.27534247372202,-6571.383830439063
10.83309865636812,7.703399788984149,0.8717281263689982,50.27534247372202,-6571.383830439063
10.83309865636812,7.703399788984149,0.8717281263689982,50.27534247372202,-6571.383830439063
10.252048078936335,7.968488171532968,0.9479365288596086,50.68655802464507,-6571.502376671114
10.252048078936335,7.968488171532968,0.9479365288596086,50.68655802464507,-6571.502376671114
11.316316045692004,5.2185695465808575,0.8237323142056081,50.00762723300352,-6572.020091741681
11.316316045692004,5.2185695465808575,0.8237323142056081,50.00762723300352,-6572.020091741681
11.316316045692004,5.2185695465808575,0.8237323142056081,50.00762723300352,-6572.020091741681
11.316316045692004,5.2185695465808575,0.8237323142056081,50.00762723300352,-6572.020091741681
11.147211907309247,5.019397987288551,0.8865910930983575,50.18674364618937,-6572.054790925673
10.410296828988995,5.543928984571556,0.9229027641778964,50.07040751473462,-6572.5163081904375
10.864299078004429,6.217222793211173,0.9318016323812716,49.93156021395009,-6571.570973332521
10.537589550059174,8.04241834749313,0.7968792041053678,49.904986349329484,-6570.706600271992
10.70321544337225,8.968703437336805,0.724723300634269,50.49735779756073,-6571.023284079225
10.70321544337225,8.968703437336805,0.724723300634269,50.49735779756073,-6571.023284079225
10.70321544337225,8.968703437336805,0.724723300634269,50.49735779756073,-6571.023284079225
10.70321544337225,8.968703437336805,0.724723300634269,50.49735779756073,-6571.023284079225
10.70321544337225,8.968703437336805,0.724723300634269,50.49735779756073,-6571.023284079225
10.983257889642756,7.544025024627001,0.7243703317131068,49.9751924586868,-6570.919341280334
10.983257889642756,7.544025024627001,0.7243703317131068,49.9751924586868,-6570.919341280334
11.27650911792564,8.093367338926567,0.6632034863475098,51.02167978364151,-6571.842321667944
11.27650911792564,8.093367338926567,0.6632034863475098,51.02167978364151,-6571.842321667944
10.514644080402334,7.971715653074586,0.7357127982803374,51.07818874151856,-6570.916776275889
10.514644080402334,7.971715653074586,0.7357127982803374,51.07818874151856,-6570.916776275889
10.455462359040137,8.41423403843365,0.7347928579094983,51.1227664653125,-6571.011736190886
9.625250146372215,10.3025846144448,0.6498940741215294,50.8372159183515,-6571.096109486036
9.625250146372215,10.3025846144448,0.6498940741215294,50.8372159183515,-6571.096109486036
9.625250146372215,10.3025846144448,0.6498940741215294,50.8372159183515,-6571.096109486036
9.832545630531815,9.085051823871767,0.7019237618733983,51.120074947292935,-6571.29272076855
9.514117286407073,8.791122108866343,0.7495482050265334,51.06070965402167,-6571.750941111998
9.514117286407073,8.791122108866343,0.7495482050265334,51.06070965402167,-6571.750941111998
9.514117286407073,8.791122108866343,0.7495482050265334,51.06070965402167,-6571.750941111998
9.514117286407073,8.791122108866343,0.7495482050265334,51.06070965402167,-6571.750941111998
10.444605886913743,8.334108915575964,0.6947497368109382,51.13223588160865,-6571.099877675367
10.444605886913743,8.334108915575964,0.6947497368109382,51.13223588160865,-6571.099877675367
10.444605886913743,8.334108915575964,0.6947497368109382,51.13223588160865,-6571.099877675367
10.444605886913743,8.334108915575964,0.6947497368109382,51.13223588160865,-6571.099877675367
10.444605886913743,8.334108915575964,0.6947497368109382,51.13223588160865,-6571.099877675367
10.444605886913743,8.334108915575964,0.6947497368109382,51.13223588160865,-6571.099877675367
10.135288794198795,8.544350388433289,0.5102032924239548,50.80720258781373,-6574.93935953273
10.149755578738372,8.570620340488174,0.5960592607978503,50.7424979008301,-6571.984111944883
10.149755578738372,8.570620340488174,0.5960592607978503,50.7424979008301,-6571.984111944883
9.682878372814642,9.913063000693178,0.5096791446954245,50.03596289948945,-6574.069284052864
9.682878372814642,9.913063000693178,0.5096791446954245,50.03596289948945,-6574.069284052864
9.682878372814642,9.913063000693178,0.5096791446954245,50.03596289948945,-6574.069284052864
9.682878372814642,9.913063000693178,0.5096791446954245,50.03596289948945,-6574.069284052864
9.682878372814642,9.913063000693178,0.5096791446954245,50.03596289948945,-6574.069284052864
10.230103205216206,8.359699364666902,0.6770034711565487,49.846403053818825,-6571.059949841032
10.230103205216206,8.359699364666902,0.6770034711565487,49.846403053818825,-6571.059949841032
10.65658532883059,7.533015486214081,0.6549750355010105,50.43480903348964,-6571.0642883281935
10.65658532883059,7.533015486214081,0.6549750355010105,50.43480903348964,-6571.0642883281935
10.65658532883059,7.533015486214081,0.6549750355010105,50.43480903348964,-6571.0642883281935
10.65658532883059,7.533015486214081,0.6549750355010105,50.43480903348964,-6571.0642883281935
10.65658532883059,7.533015486214081,0.6549750355010105,50.43480903348964,-6571.0642883281935
10.38735981729858,8.75544578117169,0.7888285636645975,50.50598774841207,-6570.568178326695
10.172907308494977,8.337352337445585,0.7572900492239449,50.63988507463838,-6570.245642512659
10.172907308494977,8.337352337445585,0.7572900492239449,50.63988507463838,-6570.245642512659
10.172907308494977,8.337352337445585,0.7572900492239449,50.63988507463838,-6570.245642512659
10.172907308494977,8.337352337445585,0.7572900492239449,50.63988507463838,-6570.245642512659
10.172907308494977,8.337352337445585,0.7572900492239449,50.63988507463838,-6570.245642512659
10.172907308494977,8.337352337445585,0.7572900492239449,50.63988507463838,-6570.245642512659
10.172907308494977,8.337352337445585,0.7572900492239449,50.63988507463838,-6570.245642512659
10.318230935567602,9.111214661098222,0.7588063349088559,50.74101611646364,-6570.719059305755
10.318230935567602,9.111214661098222,0.7588063349088559,50.74101611646364,-6570.719059305755
10.752595601759628,8.830219967095925,0.7000333398351957,51.063420267178564,-6571.441867193873
10.752595601759628,8.830219967095925,0.7000333398351957,51.063420267178564,-6571.441867193873
10.599529414559635,9.873942642017042,0.7054684515593697,50.85567372078483,-6572.080152283612
10.288788187713212,9.103326763259524,0.7397563433508404,51.377152063869275,-6571.841642011097
10.288788187713212,9.103326763259524,0.7397563433508404,51.377152063869275,-6571.841642011097
10.288788187713212,9.103326763259524,0.7397563433508404,51.377152063869275,-6571.841642011097
10.288788187713212,9.103326763259524,0.7397563433508404,51.377152063869275,-6571.841642011097
10.288788187713212,9.103326763259524,0.7397563433508404,51.377152063869275,-6571.841642011097
10.288788187713212,9.103326763259524,0.7397563433508404,51.377152063869275,-6571.841642011097
10.998441120304614,6.054534395296297,0.8050048800710243,50.55775069150531,-6571.045711924321
10.998441120304614,6.054534395296297,0.8050048800710243,50.55775069150531,-6571.045711924321
10.998441120304614,6.054534395296297,0.8050048800710243,50.55775069150531,-6571.045711924321
11.575028745946776,6.760492329226041,0.770934162962349,50.51563757575754,-6571.644404851012
11.575028745946776,6.760492329226041,0.770934162962349,50.51563757575754,-6571.644404851012
11.575028745946776,6.760492329226041,0.770934162962349,50.51563757575754,-6571.644404851012
11.575028745946776,6.760492329226041,0.770934162962349,50.51563757575754,-6571.644404851012
11.575028745946776,6.760492329226041,0.770934162962349,50.51563757575754,-6571.644404851012
11.575028745946776,6.760492329226041,0.770934162962349,50.51563757575754,-6571.644404851012
11.575028745946776,6.760492329226041,0.770934162962349,50.51563757575754,-6571.644404851012
11.426747689918688,7.396833540977481,0.6398426232617858,50.64318857288359,-6571.515064841984
11.426747689918688,7.396833540977481,0.6398426232617858,50.64318857288359,-6571.515064841984
11.426747689918688,7.396833540977481,0.6398426232617858,50.64318857288359,-6571.515064841984
11.426747689918688,7.396833540977481,0.6398426232617858,50.64318857288359,-6571.515064841984
11.426747689918688,7.396833540977481,0.6398426232617858,50.64318857288359,-6571.515064841984
11.426747689918688,7.396833540977481,0.6398426232617858,50.64318857288359,-6571.515064841984
11.426747689918688,7.396833540977481,0.6398426232617858,50.64318857288359,-6571.515064841984
11.426747689918688,7.396833540977481,0.6398426232617858,50.64318857288359,-6571.515064841984
11.426747689918688,7.396833540977481,0.6398426232617858,50.64318857288359,-6571.515064841984
11.718312586482664,8.405496823373445,0.6109679249434008,50.119398760597775,-6573.356869372608
11.718312586482664,8.405496823373445,0.6109679249434008,50.119398760597775,-6573.356869372608
11.70185321451609,7.815465466807157,0.7978448330338153,49.90955531376915,-6574.34627089837
11.70185321451609,7.815465466807157,0.7978448330338153,49.90955531376915,-6574.34627089837
11.70185321451609,7.815465466807157,0.7978448330338153,49.90955531376915,-6574.34627089837
11.70185321451609,7.815465466807157,0.7978448330338153,49.90955531376915,-6574.34627089837
11.70185321451609,7.815465466807157,0.7978448330338153,49.90955531376915,-6574.34627089837
10.967501421774028,7.7206365805171675,0.8253257982493545,49.92563504978787,-6571.5525515347
10.967501421774028,7.7206365805171675,0.8253257982493545,49.92563504978787,-6571.5525515347
12.302233966262042,6.216439338205588,0.8029103432300277,50.287117191488406,-6574.2218111644725
12.302233966262042,6.216439338205588,0.8029103432300277,50.287117191488406,-6574.2218111644725
12.302233966262042,6.216439338205588,0.8029103432300277,50.287117191488406,-6574.2218111644725
12.302233966262042,6.216439338205588,0.8029103432300277,50.287117191488406,-6574.2218111644725
11.939018333650374,3.4417604358952305,1.0138210152859632,50.401960605221085,-6574.278270445178
11.939018333650374,3.4417604358952305,1.0138210152859632,50.401960605221085,-6574.278270445178
11.939018333650374,3.4417604358952305,1.0138210152859632,50.401960605221085,-6574.278270445178
10.278134934261905,3.948198993949878,1.2323299089473803,50.18882365574833,-6577.271625264193
10.278134934261905,3.948198993949878,1.2323299089473803,50.18882365574833,-6577.271625264193
10.278134934261905,3.948198993949878,1.2323299089473803,50.18882365574833,-6577.271625264193
9.801852857203366,6.675286905365981,1.2142230681982964,50.283183094729125,-6574.458448363695
9.801852857203366,6.675286905365981,1.2142230681982964,50.283183094729125,-6574.458448363695
9.801852857203366,6.675286905365981,1.2142230681982964,50.283183094729125,-6574.458448363695
9.801852857203366,6.675286905365981,1.2142230681982964,50.283183094729125,-6574.458448363695
9.801852857203366,6.675286905365981,1.2142230681982964,50.283183094729125,-6574.458448363695
9.609847034749567,7.731601876289586,1.138791405840269,50.59972031437442,-6573.576775847872
9.609847034749567,7.731601876289586,1.138791405840269,50.59972031437442,-6573.576775847872
9.609847034749567,7.731601876289586,1.138791405840269,50.59972031437442,-6573.576775847872
9.609847034749567,7.731601876289586,1.138791405840269,50.59972031437442,-6573.576775847872
9.609847034749567,7.731601876289586,1.138791405840269,50.59972031437442,-6573.576775847872
9.817682124599257,7.284738309008778,1.083565507995074,50.38568422290832,-6572.531392949548
9.955946872578776,7.090221052666061,1.0052659937377666,50.652884464551605,-6571.802300247555
10.11388295496701,7.121005931759213,0.9949127518088275,50.903617607806915,-6571.966136199395
10.11388295496701,7.121005931759213,0.9949127518088275,50.903617607806915,-6571.966136199395
10.11388295496701,7.121005931759213,0.9949127518088275,50.903617607806915,-6571.966136199395
10.11388295496701,7.121005931759213,0.9949127518088275,50.903617607806915,-6571.966136199395
10.11388295496701,7.121005931759213,0.9949127518088275,50.903617607806915,-6571.966136199395
10.11388295496701,7.121005931759213,0.9949127518088275,50.903617607806915,-6571.966136199395
10.11388295496701,7.121005931759213,0.9949127518088275,50.903617607806915,-6571.966136199395
9.920799237864696,7.75027984403621,0.9497191931656195,51.90379348414382,-6574.868273843034
9.920799237864696,7.75027984403621,0.9497191931656195,51.90379348414382,-6574.868273843034
9.920799237864696,7.75027984403621,0.9497191931656195,51.90379348414382,-6574.868273843034
10.46613290234318,7.15631011415997,1.0593428325831264,50.39213332291719,-6572.733559723985
10.46613290234318,7.15631011415997,1.0593428325831264,50.39213332291719,-6572.733559723985
9.988075813881917,6.5769381371654525,0.8909211452889727,50.76297923879008,-6572.063738485471
9.988075813881917,6.5769381371654525,0.8909211452889727,50.76297923879008,-6572.063738485471
9.988075813881917,6.5769381371654525,0.8909211452889727,50.76297923879008,-6572.063738485471
9.759257488656164,6.553609617319902,0.8962173875863466,49.82102343169164,-6573.129297502488
9.759257488656164,6.553609617319902,0.8962173875863466,49.82102343169164,-6573.129297502488
9.759257488656164,6.553609617319902,0.8962173875863466,49.82102343169164,-6573.129297502488
9.787162635284007,6.701325156414896,0.9642266741855516,49.74700536238826,-6572.648095627875
9.787162635284007,6.701325156414896,0.9642266741855516,49.74700536238826,-6572.648095627875
10.825436301851942,4.939589428827879,0.9769017629037817,50.16600490818104,-6572.607861153048
10.825436301851942,4.939589428827879,0.9769017629037817,50.16600490818104,-6572.607861153048
10.923059957071827,4.795973942926378,0.9560219581677659,50.883469387383336,-6572.962568593379
10.923059957071827,4.795973942926378,0.9560219581677659,50.883469387383336,-6572.962568593379
11.028710154376453,5.631791801128386,0.9710727635338623,50.66377352969439,-6571.971352542721
11.028710154376453,5.631791801128386,0.9710727635338623,50.66377352969439,-6571.971352542721
11.028710154376453,5.631791801128386,0.9710727635338623,50.66377352969439,-6571.971352542721
11.56408117112393,3.685551288126019,1.030616589559925,50.33396913131055,-6573.990931843951
11.954801113840173,3.393208117885876,0.9678898332953677,50.3183753684238,-6574.106676190995
11.954801113840173,3.393208117885876,0.9678898332953677,50.3183753684238,-6574.106676190995
11.954801113840173,3.393208117885876,0.9678898332953677,50.3183753684238,-6574.106676190995
12.295955643789702,3.8602806316742626,0.8245029435066711,49.996996084611574,-6573.925805797093
12.295955643789702,3.8602806316742626,0.8245029435066711,49.996996084611574,-6573.925805797093
12.295955643789702,3.8602806316742626,0.8245029435066711,49.996996084611574,-6573.925805797093
12.295955643789702,3.8602806316742626,0.8245029435066711,49.996996084611574,-6573.925805797093
12.772397591655814,4.204907258251418,0.7693753961401913,49.65011495454746,-6575.330338518908
12.772397591655814,4.204907258251418,0.7693753961401913,49.65011495454746,-6575.330338518908
12.772397591655814,4.204907258251418,0.7693753961401913,49.65011495454746,-6575.330338518908
12.772397591655814,4.204907258251418,0.7693753961401913,49.65011495454746,-6575.330338518908
12.772397591655814,4.204907258251418,0.7693753961401913,49.65011495454746,-6575.330338518908
12.772397591655814,4.204907258251418,0.7693753961401913,49.65011495454746,-6575.330338518908
12.817775937099892,4.474750611071083,0.7389922745058265,50.16415862594724,-6574.5093725975985
12.817775937099892,4.474750611071083,0.7389922745058265,50.16415862594724,-6574.5093725975985
12.817775937099892,4.474750611071083,0.7389922745058265,50.16415862594724,-6574.5093725975985
12.817775937099892,4.474750611071083,0.7389922745058265,50.16415862594724,-6574.5093725975985
12.817775937099892,4.474750611071083,0.7389922745058265,50.16415862594724,-6574.5093725975985
12.817775937099892,4.474750611071083,0.7389922745058265,50.16415862594724,-6574.5093725975985
12.817775937099892,4.474750611071083,0.7389922745058265,50.16415862594724,-6574.5093725975985
11.422569272792886,5.7475989669092575,0.7286983259476556,50.17468680469548,-6571.776235518835
11.422569272792886,5.7475989669092575,0.7286983259476556,50.17468680469548,-6571.776235518835
11.422569272792886,5.7475989669092575,0.7286983259476556,50.17468680469548,-6571.776235518835
11.422569272792886,5.7475989669092575,0.7286983259476556,50.17468680469548,-6571.776235518835
11.422569272792886,5.7475989669092575,0.7286983259476556,50.17468680469548,-6571.776235518835
11.422569272792886,5.7475989669092575,0.7286983259476556,50.17468680469548,-6571.776235518835
11.422569272792886,5.7475989669092575,0.7286983259476556,50.17468680469548,-6571.776235518835
11.422569272792886,5.7475989669092575,0.7286983259476556,50.17468680469548,-6571.776235518835
11.422569272792886,5.7475989669092575,0.7286983259476556,50.17468680469548,-6571.776235518835
12.054081780403198,4.561595501706048,0.6857059365344035,50.162812092017106,-6573.924263077403
12.054081780403198,4.561595501706048,0.6857059365344035,50.162812092017106,-6573.924263077403
12.054081780403198,4.561595501706048,0.6857059365344035,50.162812092017106,-6573.924263077403
11.55039350121782,5.723979042430776,0.707216493428227,50.6436557139493,-6571.891348292123
12.2585810006305,5.990872627528112,0.6606192201165042,50.316755662539045,-6573.042905468448
12.2585810006305,5.990872627528112,0.6606192201165042,50.316755662539045,-6573.042905468448
12.2585810006305,5.990872627528112,0.6606192201165042,50.316755662539045,-6573.042905468448
12.2585810006305,5.990872627528112,0.6606192201165042,50.316755662539045,-6573.042905468448
12.241007044881957,6.313350751093547,0.617619858578087,50.771386508997054,-6573.239364746703
12.241007044881957,6.313350751093547,0.617619858578087,50.771386508997054,-6573.239364746703
12.241007044881957,6.313350751093547,0.617619858578087,50.771386508997054,-6573.239364746703
11.261083852088229,5.5972023631033405,0.722705993127197,51.09466434313029,-6572.685551723702
11.261083852088229,5.5972023631033405,0.722705993127197,51.09466434313029,-6572.685551723702
11.05884961982899,5.252831536116544,0.8784975284669114,50.90149273170283,-6572.114440874335
11.05884961982899,5.252831536116544,0.8784975284669114,50.90149273170283,-6572.114440874335
11.05884961982899,5.252831536116544,0.8784975284669114,50.90149273170283,-6572.114440874335
11.05884961982899,5.252831536116544,0.8784975284669114,50.90149273170283,-6572.114440874335
11.05884961982899,5.252831536116544,0.8784975284669114,50.90149273170283,-6572.114440874335
11.05884961982899,5.252831536116544,0.8784975284669114,50.90149273170283,-6572.114440874335
11.05884961982899,5.252831536116544,0.8784975284669114,50.90149273170283,-6572.114440874335
11.052623561229517,4.744238941898258,0.9168616148911845,50.87919610297216,-6572.833774093679
11.052623561229517,4.744238941898258,0.9168616148911845,50.87919610297216,-6572.833774093679
11.052623561229517,4.744238941898258,0.9168616148911845,50.87919610297216,-6572.833774093679
11.052623561229517,4.744238941898258,0.9168616148911845,50.87919610297216,-6572.833774093679
11.554632013184547,5.173966123819743,0.8491324682420298,50.08608917477522,-6571.99094194906
11.554632013184547,5.173966123819743,0.8491324682420298,50.08608917477522,-6571.99094194906
11.554632013184547,5.173966123819743,0.8491324682420298,50.08608917477522,-6571.99094194906
11.554632013184547,5.173966123819743,0.8491324682420298,50.08608917477522,-6571.99094194906
10.566340093125486,5.772417515604291,0.811572148594357,49.56131709142542,-6573.322394186576
10.566340093125486,5.772417515604291,0.811572148594357,49.56131709142542,-6573.322394186576
10.566340093125486,5.772417515604291,0.811572148594357,49.56131709142542,-6573.322394186576
11.00941233674237,5.541516495147227,0.8953794788737067,49.507714383276856,-6572.672421494217
11.00941233674237,5.541516495147227,0.8953794788737067,49.507714383276856,-6572.672421494217
11.00941233674237,5.541516495147227,0.8953794788737067,49.507714383276856,-6572.672421494217
10.716136226987393,6.196149969509494,0.7611192771811371,49.44214047767731,-6573.013736753966
10.716136226987393,6.196149969509494,0.7611192771811371,49.44214047767731,-6573.013736753966
10.716136226987393,6.196149969509494,0.7611192771811371,49.44214047767731,-6573.013736753966
10.716136226987393,6.196149969509494,0.7611192771811371,49.44214047767731,-6573.013736753966
10.894715067624162,5.972447196741962,0.857718882422448,49.453392058102004,-6572.443058403327
10.894715067624162,5.972447196741962,0.857718882422448,49.453392058102004,-6572.443058403327
10.894715067624162,5.972447196741962,0.857718882422448,49.453392058102004,-6572.443058403327
10.894715067624162,5.972447196741962,0.857718882422448,49.453392058102004,-6572.443058403327
10.229469416674455,5.776900906794298,0.9743262713901111,49.690911269458574,-6573.071822481733
10.229469416674455,5.776900906794298,0.9743262713901111,49.690911269458574,-6573.071822481733
11.544586472404045,5.606999156440569,0.9354458962493881,50.111013382215766,-6572.5140168171765
11.544586472404045,5.606999156440569,0.9354458962493881,50.111013382215766,-6572.5140168171765
11.024136643286717,6.21016691969484,0.893417783359596,50.95835283578535,-6571.62001857748
11.024136643286717,6.21016691969484,0.893417783359596,50.95835283578535,-6571.62001857748
10.095266916623984,6.92557177808645,0.9420140177390889,51.09720637693442,-6572.056400420857
10.095266916623984,6.92557177808645,0.9420140177390889,51.09720637693442,-6572.056400420857
9.722480636383489,7.175230853977067,0.8958786400864172,51.272001828256386,-6573.063535995469
10.642608660689293,7.055492101003875,0.9210102734506086,51.67293541000388,-6573.582171990838
11.267573706330552,5.572947316187471,0.8674892940200448,52.13019113211542,-6575.779121090458
11.267573706330552,5.572947316187471,0.8674892940200448,52.13019113211542,-6575.779121090458
11.267573706330552,5.572947316187471,0.8674892940200448,52.13019113211542,-6575.779121090458
11.267573706330552,5.572947316187471,0.8674892940200448,52.13019113211542,-6575.779121090458
10.819704703550382,5.444818151164102,0.8658921461012136,51.59303448483866,-6574.035157815997
10.819704703550382,5.444818151164102,0.8658921461012136,51.59303448483866,-6574.035157815997
10.740645452881003,4.486234209941659,0.9426740191483358,51.47231465001716,-6575.625113681051
11.093189554583118,5.5917201092127495,0.7130171442404498,51.22735082609888,-6573.4957255635645
11.263969131614491,7.822009109112015,0.7080087360431159,51.619701517570796,-6573.194027245223
11.263969131614491,7.822009109112015,0.7080087360431159,51.619701517570796,-6573.194027245223
11.263969131614491,7.822009109112015,0.7080087360431159,51.619701517570796,-6573.194027245223
11.367242785662874,6.164145424697621,0.685948979120136,51.48090481693535,-6573.1664488404585
11.367242785662874,6.164145424697621,0.685948979120136,51.48090481693535,-6573.1664488404585
11.367242785662874,6.164145424697621,0.685948979120136,51.48090481693535,-6573.1664488404585
11.367242785662874,6.164145424697621,0.685948979120136,51.48090481693535,-6573.1664488404585
11.367242785662874,6.164145424697621,0.685948979120136,51.48090481693535,-6573.1664488404585
11.367242785662874,6.164145424697621,0.685948979120136,51.48090481693535,-6573.1664488404585
11.367242785662874,6.164145424697621,0.685948979120136,51.48090481693535,-6573.1664488404585
11.367242785662874,6.164145424697621,0.685948979120136,51.48090481693535,-6573.1664488404585
11.793313171194319,6.0397013596065525,0.6123564663285737,51.13012287083671,-6573.344356241065
11.793313171194319,6.0397013596065525,0.6123564663285737,51.13012287083671,-6573.344356241065
11.793313171194319,6.0397013596065525,0.6123564663285737,51.13012287083671,-6573.344356241065
11.72006950103351,6.898952509260963,0.6483667980230172,51.855903693190015,-6574.518194315904
11.544771568727846,6.701665833406826,0.7232907221113145,52.10095124503922,-6575.205375276761
11.544771568727846,6.701665833406826,0.7232907221113145,52.10095124503922,-6575.205375276761
11.544771568727846,6.701665833406826,0.7232907221113145,52.10095124503922,-6575.205375276761
11.544771568727846,6.701665833406826,0.7232907221113145,52.10095124503922,-6575.205375276761
12.106749172443209,5.249434044495926,0.7770260185545665,51.61662805546513,-6574.299259160069
12.548283244190905,4.6329398600929315,0.7502075225561284,51.19690239961126,-6574.195593281525
12.548283244190905,4.6329398600929315,0.7502075225561284,51.19690239961126,-6574.195593281525
11.892010511567564,5.300035841917007,0.5999248373150972,50.58090490892091,-6574.259949887336
11.892010511567564,5.300035841917007,0.5999248373150972,50.58090490892091,-6574.259949887336
11.892010511567564,5.300035841917007,0.5999248373150972,50.58090490892091,-6574.259949887336
11.830968735143651,6.425298162294709,0.648533101741516,49.41839728403042,-6573.928975734125
11.75637418463774,6.505090974945742,0.750706957737113,49.503861775662635,-6573.228671830486
11.75637418463774,6.505090974945742,0.750706957737113,49.503861775662635,-6573.228671830486
10.94127277656391,5.624436974789975,0.7935029299407705,49.36612157712725,-6573.508050318438
10.94127277656391,5.624436974789975,0.7935029299407705,49.36612157712725,-6573.508050318438
10.94127277656391,5.624436974789975,0.7935029299407705,49.36612157712725,-6573.508050318438
10.94127277656391,5.624436974789975,0.7935029299407705,49.36612157712725,-6573.508050318438
10.94127277656391,5.624436974789975,0.7935029299407705,49.36612157712725,-6573.508050318438
10.94127277656391,5.624436974789975,0.7935029299407705,49.36612157712725,-6573.508050318438
11.323892839389755,5.089059135376936,1.0054372182090316,49.7881132352829,-6573.158610353424
11.323892839389755,5.089059135376936,1.0054372182090316,49.7881132352829,-6573.158610353424
11.123604140341738,5.696156936961438,1.0314573188177472,50.738107837919394,-6572.902279067837
11.123604140341738,5.696156936961438,1.0314573188177472,50.738107837919394,-6572.902279067837
11.123604140341738,5.696156936961438,1.0314573188177472,50.738107837919394,-6572.902279067837
11.798667436843951,4.24040018534689,0.875988115147179,50.660882034379796,-6572.8567639031435
11.798667436843951,4.24040018534689,0.875988115147179,50.660882034379796,-6572.8567639031435
11.798667436843951,4.24040018534689,0.875988115147179,50.660882034379796,-6572.8567639031435
11.798667436843951,4.24040018534689,0.875988115147179,50.660882034379796,-6572.8567639031435
11.798667436843951,4.24040018534689,0.875988115147179,50.660882034379796,-6572.8567639031435
11.798667436843951,4.24040018534689,0.875988115147179,50.660882034379796,-6572.8567639031435
10.910862050460523,4.799894745989884,0.8989115136308168,50.591496250814465,-6572.766075263715
10.649677679634111,4.612655712524815,0.8858883036044523,50.81849473852976,-6574.503175026608
12.035080368866709,5.470895946599673,0.8140126507117187,52.10131311480875,-6576.240780480158
12.035080368866709,5.470895946599673,0.8140126507117187,52.10131311480875,-6576.240780480158
11.266067668303942,4.667455968678484,0.6996841512940856,51.668575298737245,-6577.27754054706
12.074107623763798,6.286848355121112,0.6641454529920201,51.151739333855396,-6573.088613296592
12.074107623763798,6.286848355121112,0.6641454529920201,51.151739333855396,-6573.088613296592
12.074107623763798,6.286848355121112,0.6641454529920201,51.151739333855396,-6573.088613296592
11.50721652704871,7.405536578457399,0.7324407635820651,50.4821709150083,-6571.73847307174
11.50721652704871,7.405536578457399,0.7324407635820651,50.4821709150083,-6571.73847307174
11.50721652704871,7.405536578457399,0.7324407635820651,50.4821709150083,-6571.73847307174
11.009392670127164,8.945556223957388,0.7176669638595541,50.865863463565134,-6572.12665393588
10.947988388103063,6.812939045590504,0.7644395896948784,50.17284872082221,-6570.700511232407
10.947988388103063,6.812939045590504,0.7644395896948784,50.17284872082221,-6570.700511232407
11.36404834471238,5.20456393445906,0.7456820601288032,50.16364488102534,-6572.473866277071
11.36404834471238,5.20456393445906,0.7456820601288032,50.16364488102534,-6572.473866277071
11.36404834471238,5.20456393445906,0.7456820601288032,50.16364488102534,-6572.473866277071
10.968314551079525,6.717048434730779,0.7433771068206447,50.05297437001147,-6570.954258064341
10.968314551079525,6.717048434730779,0.7433771068206447,50.05297437001147,-6570.954258064341
10.968314551079525,6.717048434730779,0.7433771068206447,50.05297437001147,-6570.954258064341
10.968314551079525,6.717048434730779,0.7433771068206447,50.05297437001147,-6570.954258064341
10.968314551079525,6.717048434730779,0.7433771068206447,50.05297437001147,-6570.954258064341
10.895609164862474,7.256163710371032,0.7165173670661485,50.93980506291097,-6570.956855906914
10.895609164862474,7.256163710371032,0.7165173670661485,50.93980506291097,-6570.956855906914
10.895609164862474,7.256163710371032,0.7165173670661485,50.93980506291097,-6570.956855906914
10.314238290198382,7.6605235733692165,0.8191218378587335,50.6709368621242,-6570.399989585494
10.314238290198382,7.6605235733692165,0.8191218378587335,50.6709368621242,-6570.399989585494
10.314238290198382,7.6605235733692165,0.8191218378587335,50.6709368621242,-6570.399989585494
10.314238290198382,7.6605235733692165,0.8191218378587335,50.6709368621242,-6570.399989585494
10.314238290198382,7.6605235733692165,0.8191218378587335,50.6709368621242,-6570.399989585494
10.314238290198382,7.6605235733692165,0.8191218378587335,50.6709368621242,-6570.399989585494
10.835516133391057,7.971045539995398,0.7135962219989888,50.656836471088624,-6570.580744042391
10.535985737523337,8.97856233207432,0.7248080319285959,50.51382321525949,-6570.657025596251
10.535985737523337,8.97856233207432,0.7248080319285959,50.51382321525949,-6570.657025596251
11.16720556111732,7.996830026786407,0.7143606766137953,50.09597629927294,-6571.382257533187
11.16720556111732,7.996830026786407,0.7143606766137953,50.09597629927294,-6571.382257533187
10.95791839228679,6.803212766695173,0.7146337568964402,49.642189442981646,-6571.849197046691
10.95791839228679,6.803212766695173,0.7146337568964402,49.642189442981646,-6571.849197046691
10.774556399451354,8.455507018355862,0.6408691649167201,49.78332016029862,-6571.468580431732
10.373374990110921,6.520795321987952,0.7038887349712166,50.083474723650546,-6572.9709505767605
9.77547892353714,7.661590842455507,0.7235778179849353,49.96567553947629,-6572.421660083585
9.77547892353714,7.661590842455507,0.7235778179849353,49.96567553947629,-6572.421660083585
9.77547892353714,7.661590842455507,0.7235778179849353,49.96567553947629,-6572.421660083585
9.826460939568545,8.0153844002335,0.7676071676030842,51.2789233868189,-6572.180758662653
10.558433188745754,8.65971999219048,0.8413693707221359,50.511561591103884,-6571.398871875725
10.558433188745754,8.65971999219048,0.8413693707221359,50.511561591103884,-6571.398871875725
10.558433188745754,8.65971999219048,0.8413693707221359,50.511561591103884,-6571.398871875725
10.020059479408646,9.523256069151929,0.7969752484120624,49.88024401912149,-6571.039426713502
10.020059479408646,9.523256069151929,0.7969752484120624,49.88024401912149,-6571.039426713502
10.020059479408646,9.523256069151929,0.7969752484120624,49.88024401912149,-6571.039426713502
10.020059479408646,9.523256069151929,0.7969752484120624,49.88024401912149,-6571.039426713502
10.020059479408646,9.523256069151929,0.7969752484120624,49.88024401912149,-6571.039426713502
10.020059479408646,9.523256069151929,0.7969752484120624,49.88024401912149,-6571.039426713502
9.946786599537997,9.541994743470504,0.8510670245713048,49.95340574741984,-6571.361272604208
8.769106064832698,10.043929459125776,0.8994389620834043,49.52670360171886,-6572.796413788888
8.769106064832698,10.043929459125776,0.8994389620834043,49.52670360171886,-6572.796413788888
8.769106064832698,10.043929459125776,0.8994389620834043,49.52670360171886,-6572.796413788888
9.64217453648972,9.88195064288067,0.869581999633841,49.69004695965413,-6571.839012895831
9.2039559439091,8.326297983008804,0.8815470403105438,50.15611661570638,-6571.822964906543
9.2039559439091,8.326297983008804,0.8815470403105438,50.15611661570638,-6571.822964906543
9.2039559439091,8.326297983008804,0.8815470403105438,50.15611661570638,-6571.822964906543
9.2039559439091,8.326297983008804,0.8815470403105438,50.15611661570638,-6571.822964906543
9.719267376215477,8.463603446898032,0.9824879256693536,50.25490034790893,-6571.527309346278
9.719267376215477,8.463603446898032,0.9824879256693536,50.25490034790893,-6571.527309346278
9.719267376215477,8.463603446898032,0.9824879256693536,50.25490034790893,-6571.527309346278
9.719267376215477,8.463603446898032,0.9824879256693536,50.25490034790893,-6571.527309346278
9.719267376215477,8.463603446898032,0.9824879256693536,50.25490034790893,-6571.527309346278
9.719267376215477,8.463603446898032,0.9824879256693536,50.25490034790893,-6571.527309346278
9.41057898948886,8.55650431413941,0.7859758311433129,50.5385383535514,-6571.284994602496
9.213506814770016,8.302689628934964,0.7562695055915923,50.18073733122517,-6572.950176880303
8.540025604664034,10.634723790698274,0.6367580555915775,49.6878180272353,-6575.098201882355
9.061607840530913,10.585196811151068,0.6071033686423009,49.51051969383485,-6573.731744793097
9.061607840530913,10.585196811151068,0.6071033686423009,49.51051969383485,-6573.731744793097
9.348995356442062,10.309989995751854,0.7047657342636813,49.83008383397423,-6571.162218472227
9.348995356442062,10.309989995751854,0.7047657342636813,49.83008383397423,-6571.162218472227
8.567311749152546,10.8817296174796,0.7541114162086444,50.53410916547389,-6572.294621790541
8.794717071451618,9.777937590116556,0.7457979643089964,50.07650921081208,-6572.527242255213
8.794717071451618,9.777937590116556,0.7457979643089964,50.07650921081208,-6572.527242255213
8.628721066682594,12.169643002238615,0.7370829359708755,50.09190908036695,-6572.2389060514715
8.704347192104848,11.189141212766362,0.8451706124417635,50.63023966308175,-6572.153348235183
8.704347192104848,11.189141212766362,0.8451706124417635,50.63023966308175,-6572.153348235183
8.704347192104848,11.189141212766362,0.8451706124417635,50.63023966308175,-6572.153348235183
8.704347192104848,11.189141212766362,0.8451706124417635,50.63023966308175,-6572.153348235183
8.310124983851285,12.040886153578917,0.8616092143300811,50.75455190085083,-6573.497443659047
8.56901366309423,10.324999630418016,0.9563327093015614,50.09086438876818,-6572.7700322255605
8.56901366309423,10.324999630418016,0.9563327093015614,50.09086438876818,-6572.7700322255605
8.56901366309423,10.324999630418016,0.9563327093015614,50.09086438876818,-6572.7700322255605
8.56901366309423,10.324999630418016,0.9563327093015614,50.09086438876818,-6572.7700322255605
8.508520331556305,10.487855425113617,0.968758366026329,49.60073875814295,-6573.652335292576
8.508520331556305,10.487855425113617,0.968758366026329,49.60073875814295,-6573.652335292576
8.508520331556305,10.487855425113617,0.968758366026329,49.60073875814295,-6573.652335292576
8.508520331556305,10.487855425113617,0.968758366026329,49.60073875814295,-6573.652335292576
8.508520331556305,10.487855425113617,0.968758366026329,49.60073875814295,-6573.652335292576
8.508520331556305,10.487855425113617,0.968758366026329,49.60073875814295,-6573.652335292576
8.929398632618273,10.560668321763373,0.8214269451631862,49.622451924032305,-6572.0185198254185
8.929398632618273,10.560668321763373,0.8214269451631862,49.622451924032305,-6572.0185198254185
8.929398632618273,10.560668321763373,0.8214269451631862,49.622451924032305,-6572.0185198254185
9.314711015401643,12.294994354593756,0.7372775138512765,49.774148740308576,-6573.235160576198
8.510405627826373,13.109912121852837,0.5820586261286204,50.83042015562097,-6573.90389141685
8.530073537773475,14.33536866874902,0.6609897452713754,50.73275033724561,-6574.753851064871
8.530073537773475,14.33536866874902,0.6609897452713754,50.73275033724561,-6574.753851064871
8.530073537773475,14.33536866874902,0.6609897452713754,50.73275033724561,-6574.753851064871
7.5679926618444995,14.07576401171401,0.6900879660357003,49.77731136425912,-6576.1522060893185
7.5679926618444995,14.07576401171401,0.6900879660357003,49.77731136425912,-6576.1522060893185
7.5679926618444995,14.07576401171401,0.6900879660357003,49.77731136425912,-6576.1522060893185
7.5679926618444995,14.07576401171401,0.6900879660357003,49.77731136425912,-6576.1522060893185
7.5679926618444995,14.07576401171401,0.6900879660357003,49.77731136425912,-6576.1522060893185
7.5679926618444995,14.07576401171401,0.6900879660357003,49.77731136425912,-6576.1522060893185
7.5679926618444995,14.07576401171401,0.6900879660357003,49.77731136425912,-6576.1522060893185
7.747348608214937,12.787259976831407,0.6660729583817411,50.48578646544325,-6575.654311354151
7.747348608214937,12.787259976831407,0.6660729583817411,50.48578646544325,-6575.654311354151
7.747348608214937,12.787259976831407,0.6660729583817411,50.48578646544325,-6575.654311354151
7.747348608214937,12.787259976831407,0.6660729583817411,50.48578646544325,-6575.654311354151
7.747348608214937,12.787259976831407,0.6660729583817411,50.48578646544325,-6575.654311354151
7.747348608214937,12.787259976831407,0.6660729583817411,50.48578646544325,-6575.654311354151
7.748317016061069,14.79963949096221,0.7260334123927981,51.07696796162643,-6576.708928140926
7.748317016061069,14.79963949096221,0.7260334123927981,51.07696796162643,-6576.708928140926
7.748317016061069,14.79963949096221,0.7260334123927981,51.07696796162643,-6576.708928140926
7.748317016061069,14.79963949096221,0.7260334123927981,51.07696796162643,-6576.708928140926
7.748317016061069,14.79963949096221,0.7260334123927981,51.07696796162643,-6576.708928140926
7.522458916833453,13.156465729228302,0.6186548100872987,51.73182347935335,-6581.320934247154
7.522458916833453,13.156465729228302,0.6186548100872987,51.73182347935335,-6581.320934247154
8.401272636105507,13.330524717268933,0.48382930066587215,52.05525907828577,-6580.676904785582
8.401272636105507,13.330524717268933,0.48382930066587215,52.05525907828577,-6580.676904785582
8.453105706051481,11.11289374024901,0.5398411468521809,51.29055422235933,-6578.715168589437
8.89348138326423,10.368564594029998,0.5478571235514056,51.53191440292934,-6577.889696875238
9.390974001827837,10.609256668486086,0.4701725619324868,51.055576624943065,-6576.018997555397
9.390974001827837,10.609256668486086,0.4701725619324868,51.055576624943065,-6576.018997555397
9.307089721879464,11.33130650261133,0.5188720119265708,50.772485579299364,-6573.297388625086
9.307089721879464,11.33130650261133,0.5188720119265708,50.772485579299364,-6573.297388625086
9.307089721879464,11.33130650261133,0.5188720119265708,50.772485579299364,-6573.297388625086
9.307089721879464,11.33130650261133,0.5188720119265708,50.772485579299364,-6573.297388625086
9.307089721879464,11.33130650261133,0.5188720119265708,50.772485579299364,-6573.297388625086
9.307089721879464,11.33130650261133,0.5188720119265708,50.772485579299364,-6573.297388625086
9.307089721879464,11.33130650261133,0.5188720119265708,50.772485579299364,-6573.297388625086
9.307089721879464,11.33130650261133,0.5188720119265708,50.772485579299364,-6573.297388625086
9.307089721879464,11.33130650261133,0.5188720119265708,50.772485579299364,-6573.297388625086
9.307089721879464,11.33130650261133,0.5188720119265708,50.772485579299364,-6573.297388625086
9.478695497341912,10.801041395383933,0.5988001903489729,50.605580678484166,-6571.497132875362
9.478695497341912,10.801041395383933,0.5988001903489729,50.605580678484166,-6571.497132875362
9.478695497341912,10.801041395383933,0.5988001903489729,50.605580678484166,-6571.497132875362
9.478695497341912,10.801041395383933,0.5988001903489729,50.605580678484166,-6571.497132875362
9.478695497341912,10.801041395383933,0.5988001903489729,50.605580678484166,-6571.497132875362
9.478695497341912,10.801041395383933,0.5988001903489729,50.605580678484166,-6571.497132875362
9.478695497341912,10.801041395383933,0.5988001903489729,50.605580678484166,-6571.497132875362
9.478695497341912,10.801041395383933,0.5988001903489729,50.605580678484166,-6571.497132875362
10.542642009913527,9.292213734784943,0.6142334417183979,50.867790297721385,-6571.184734896007
10.542642009913527,9.292213734784943,0.6142334417183979,50.867790297721385,-6571.184734896007
10.790313850273147,7.883637759137122,0.6841314876430329,51.20059640823201,-6571.407402792665
10.245192594690808,8.23199725287353,0.7741677140162084,50.74672155302893,-6570.344182890986
10.245192594690808,8.23199725287353,0.7741677140162084,50.74672155302893,-6570.344182890986
10.245192594690808,8.23199725287353,0.7741677140162084,50.74672155302893,-6570.344182890986
10.245192594690808,8.23199725287353,0.7741677140162084,50.74672155302893,-6570.344182890986
10.73453691018354,6.97366412831166,0.9547952021644426,50.0148809948442,-6571.725451493845
10.73453691018354,6.97366412831166,0.9547952021644426,50.0148809948442,-6571.725451493845
10.73453691018354,6.97366412831166,0.9547952021644426,50.0148809948442,-6571.725451493845
11.306442843626014,6.539319986843466,0.9029858892017159,50.80541769763415,-6572.197452533688
11.306442843626014,6.539319986843466,0.9029858892017159,50.80541769763415,-6572.197452533688
11.47241929590136,4.676913777128923,0.8598568235396662,50.79396809911668,-6572.468927178186
11.47241929590136,4.676913777128923,0.8598568235396662,50.79396809911668,-6572.468927178186
11.47241929590136,4.676913777128923,0.8598568235396662,50.79396809911668,-6572.468927178186
11.47241929590136,4.676913777128923,0.8598568235396662,50.79396809911668,-6572.468927178186
11.789107090926446,5.81827974701905,0.852500236175087,50.068963696046424,-6572.495609157323
11.789107090926446,5.81827974701905,0.852500236175087,50.068963696046424,-6572.495609157323
12.11478105148542,5.195055915929025,0.8427314304034723,49.89047884371965,-6573.32915571493
12.155747496041315,5.3246208564452635,0.8696990414491618,49.71671944283104,-6574.109233240326
11.583356267780143,7.06343782881741,0.7831037041298865,49.38881295716132,-6573.633817481213
11.187693850561056,6.082184111979988,0.6225120511878748,49.18448557549813,-6575.985597825587
11.187693850561056,6.082184111979988,0.6225120511878748,49.18448557549813,-6575.985597825587
10.614083484356838,7.5620896744739134,0.6325989090993547,49.98415876562613,-6571.81685153542
10.530753043464214,8.35977452298892,0.6466508482153266,50.830812472979595,-6570.8940251176355
9.580922117101052,9.384562431977095,0.7811711440779374,50.77850443071237,-6570.672034302331
9.164664225273164,8.815255432683546,0.8125401261229818,51.01059310022727,-6572.389442228998
9.164664225273164,8.815255432683546,0.8125401261229818,51.01059310022727,-6572.389442228998
9.164664225273164,8.815255432683546,0.8125401261229818,51.01059310022727,-6572.389442228998
9.164664225273164,8.815255432683546,0.8125401261229818,51.01059310022727,-6572.389442228998
9.164664225273164,8.815255432683546,0.8125401261229818,51.01059310022727,-6572.389442228998
9.164664225273164,8.815255432683546,0.8125401261229818,51.01059310022727,-6572.389442228998
9.164664225273164,8.815255432683546,0.8125401261229818,51.01059310022727,-6572.389442228998
9.164664225273164,8.815255432683546,0.8125401261229818,51.01059310022727,-6572.389442228998
9.164664225273164,8.815255432683546,0.8125401261229818,51.01059310022727,-6572.389442228998
9.164664225273164,8.815255432683546,0.8125401261229818,51.01059310022727,-6572.389442228998
9.828654229595852,8.353220479809456,0.9462556757729452,51.317498699398854,-6572.630716358813
9.828654229595852,8.353220479809456,0.9462556757729452,51.317498699398854,-6572.630716358813
9.10961423079886,10.32193627475306,1.0058999608707002,50.96186342649135,-6573.834107010106
9.10961423079886,10.32193627475306,1.0058999608707002,50.96186342649135,-6573.834107010106
8.520970705494,10.385121257667183,1.0079622988941854,51.017824531531666,-6574.295700103852
8.520970705494,10.385121257667183,1.0079622988941854,51.017824531531666,-6574.295700103852
8.520970705494,10.385121257667183,1.0079622988941854,51.017824531531666,-6574.295700103852
8.672107452546085,11.39742120695879,0.9761459226923338,50.81118894774436,-6574.155303644076
9.223338564179226,9.693762199387132,0.9430444548048783,50.29501884010741,-6571.664363757278
9.223338564179226,9.693762199387132,0.9430444548048783,50.29501884010741,-6571.664363757278
9.223338564179226,9.693762199387132,0.9430444548048783,50.29501884010741,-6571.664363757278
9.223338564179226,9.693762199387132,0.9430444548048783,50.29501884010741,-6571.664363757278
9.223338564179226,9.693762199387132,0.9430444548048783,50.29501884010741,-6571.664363757278
9.223338564179226,9.693762199387132,0.9430444548048783,50.29501884010741,-6571.664363757278
9.223338564179226,9.693762199387132,0.9430444548048783,50.29501884010741,-6571.664363757278
9.223338564179226,9.693762199387132,0.9430444548048783,50.29501884010741,-6571.664363757278
9.223338564179226,9.693762199387132,0.9430444548048783,50.29501884010741,-6571.664363757278
9.515755200198587,8.194203921683316,0.8766663280903346,49.606652949374684,-6571.811626682327
9.515755200198587,8.194203921683316,0.8766663280903346,49.606652949374684,-6571.811626682327
9.515755200198587,8.194203921683316,0.8766663280903346,49.606652949374684,-6571.811626682327
9.515755200198587,8.194203921683316,0.8766663280903346,49.606652949374684,-6571.811626682327
9.515755200198587,8.194203921683316,0.8766663280903346,49.606652949374684,-6571.811626682327
9.515755200198587,8.194203921683316,0.8766663280903346,49.606652949374684,-6571.811626682327
9.515755200198587,8.194203921683316,0.8766663280903346,49.606652949374684,-6571.811626682327
9.515755200198587,8.194203921683316,0.8766663280903346,49.606652949374684,-6571.811626682327
8.794001704955011,8.983997985728987,0.9793857732614409,50.17488303702993,-6572.7173222839465
8.794001704955011,8.983997985728987,0.9793857732614409,50.17488303702993,-6572.7173222839465
9.244014577580966,9.47049098194313,0.8691054178863051,49.95078195076184,-6571.152419321349
9.900403691672913,8.882915473753604,0.868123327769184,49.39528983272426,-6571.965921231513
9.900403691672913,8.882915473753604,0.868123327769184,49.39528983272426,-6571.965921231513
10.886333641277181,9.238900037201226,0.669242958165699,49.78185147641509,-6572.213183922542
10.886333641277181,9.238900037201226,0.669242958165699,49.78185147641509,-6572.213183922542
10.199945671540876,7.948111853258647,0.6652586790852874,50.28220545804882,-6571.232375287425
10.199945671540876,7.948111853258647,0.6652586790852874,50.28220545804882,-6571.232375287425
10.199945671540876,7.948111853258647,0.6652586790852874,50.28220545804882,-6571.232375287425
10.831100201346775,9.538764622964738,0.6316632505216832,50.60224760567071,-6571.662403235936
10.831100201346775,9.538764622964738,0.6316632505216832,50.60224760567071,-6571.662403235936
11.608565932312747,7.618680880672158,0.6029079048804821,50.631278319294495,-6572.124036739205
11.608565932312747,7.618680880672158,0.6029079048804821,50.631278319294495,-6572.124036739205
11.608565932312747,7.618680880672158,0.6029079048804821,50.631278319294495,-6572.124036739205
11.608565932312747,7.618680880672158,0.6029079048804821,50.631278319294495,-6572.124036739205
11.355011695233646,6.982124361036838,0.7414016939233106,50.71157137099671,-6571.184025643899
11.297198773740043,5.867409147015045,0.7894978223092931,50.64516317390649,-6571.262414547204
11.297198773740043,5.867409147015045,0.7894978223092931,50.64516317390649,-6571.262414547204
11.297198773740043,5.867409147015045,0.7894978223092931,50.64516317390649,-6571.262414547204
11.297198773740043,5.867409147015045,0.7894978223092931,50.64516317390649,-6571.262414547204
11.297198773740043,5.867409147015045,0.7894978223092931,50.64516317390649,-6571.262414547204
11.297198773740043,5.867409147015045,0.7894978223092931,50.64516317390649,-6571.262414547204
11.297198773740043,5.867409147015045,0.7894978223092931,50.64516317390649,-6571.262414547204
11.297198773740043,5.867409147015045,0.7894978223092931,50.64516317390649,-6571.262414547204
11.297198773740043,5.867409147015045,0.7894978223092931,50.64516317390649,-6571.262414547204
11.591477649781792,6.037203066958518,0.7968152546761813,50.28433396053667,-6571.546018795738
11.591477649781792,6.037203066958518,0.7968152546761813,50.28433396053667,-6571.546018795738
10.096186191967416,6.769347885327011,0.9650960831368013,51.18539049244699,-6572.516163499157
9.708763919075704,7.196273817172918,0.950400546577907,50.44560291694522,-6571.663160292792
11.130337487988674,7.566723670533841,0.8035732492089056,50.95640429275225,-6571.721764958665
10.347458427172228,9.73690334332028,0.7147261425007039,51.25885679978124,-6572.042818727694
10.347458427172228,9.73690334332028,0.7147261425007039,51.25885679978124,-6572.042818727694
9.673939163647391,9.465545228967326,0.658182408593324,51.42520186538537,-6572.648790750889
9.673939163647391,9.465545228967326,0.658182408593324,51.42520186538537,-6572.648790750889
9.673939163647391,9.465545228967326,0.658182408593324,51.42520186538537,-6572.648790750889
9.673939163647391,9.465545228967326,0.658182408593324,51.42520186538537,-6572.648790750889
9.673939163647391,9.465545228967326,0.658182408593324,51.42520186538537,-6572.648790750889
9.673939163647391,9.465545228967326,0.658182408593324,51.42520186538537,-6572.648790750889
9.673939163647391,9.465545228967326,0.658182408593324,51.42520186538537,-6572.648790750889
9.673939163647391,9.465545228967326,0.658182408593324,51.42520186538537,-6572.648790750889
9.673939163647391,9.465545228967326,0.658182408593324,51.42520186538537,-6572.648790750889
9.673939163647391,9.465545228967326,0.658182408593324,51.42520186538537,-6572.648790750889
9.465132762457918,10.71193627732147,0.6708893956065761,50.62474559340239,-6570.941473505759
10.389067982423057,10.736925827464255,0.6904264612531208,50.16609690432035,-6572.583351499055
10.389067982423057,10.736925827464255,0.6904264612531208,50.16609690432035,-6572.583351499055
9.746716184814112,9.814807533785437,0.6497883321755247,49.47378328477045,-6572.04213327719
9.746716184814112,9.814807533785437,0.6497883321755247,49.47378328477045,-6572.04213327719
9.746716184814112,9.814807533785437,0.6497883321755247,49.47378328477045,-6572.04213327719
9.746716184814112,9.814807533785437,0.6497883321755247,49.47378328477045,-6572.04213327719
9.741572351148823,10.109412531549948,0.7112156346606099,50.16338475768057,-6570.553649889302
9.741572351148823,10.109412531549948,0.7112156346606099,50.16338475768057,-6570.553649889302
9.28821070056526,9.093899212741738,0.6995895509622312,50.23538818330513,-6571.926888002443
9.111720376791222,8.944297442405006,0.670400867261167,50.75778571434621,-6574.038225232574
9.111720376791222,8.944297442405006,0.670400867261167,50.75778571434621,-6574.038225232574
8.71343911024283,8.96935904862646,0.6836740712861673,50.16301319237337,-6576.267174757667
8.71343911024283,8.96935904862646,0.6836740712861673,50.16301319237337,-6576.267174757667
9.194087569927252,8.670399855522117,0.7755984709632975,50.180389944012404,-6572.024782055955
9.194087569927252,8.670399855522117,0.7755984709632975,50.180389944012404,-6572.024782055955
9.194087569927252,8.670399855522117,0.7755984709632975,50.180389944012404,-6572.024782055955
9.402488681717925,8.732025105506944,0.8028747544253201,50.485019197943615,-6570.984992014875
9.402488681717925,8.732025105506944,0.8028747544253201,50.485019197943615,-6570.984992014875
9.402488681717925,8.732025105506944,0.8028747544253201,50.485019197943615,-6570.984992014875
9.402488681717925,8.732025105506944,0.8028747544253201,50.485019197943615,-6570.984992014875
9.402488681717925,8.732025105506944,0.8028747544253201,50.485019197943615,-6570.984992014875
9.402488681717925,8.732025105506944,0.8028747544253201,50.485019197943615,-6570.984992014875
9.402488681717925,8.732025105506944,0.8028747544253201,50.485019197943615,-6570.984992014875
9.402488681717925,8.732025105506944,0.8028747544253201,50.485019197943615,-6570.984992014875
9.402488681717925,8.732025105506944,0.8028747544253201,50.485019197943615,-6570.984992014875
9.402488681717925,8.732025105506944,0.8028747544253201,50.485019197943615,-6570.984992014875
9.402488681717925,8.732025105506944,0.8028747544253201,50.485019197943615,-6570.984992014875
10.025332653772951,8.418702443702617,0.8918781649345574,50.362156797167415,-6570.702049914092
10.025332653772951,8.418702443702617,0.8918781649345574,50.362156797167415,-6570.702049914092
9.998682376547315,8.296834421142492,0.8468160934619793,50.39503304262093,-6570.334465025836
10.776593021629079,7.4492632522693665,0.714912044381341,50.597768048342594,-6570.522611662338
10.776593021629079,7.4492632522693665,0.714912044381341,50.597768048342594,-6570.522611662338
10.776593021629079,7.4492632522693665,0.714912044381341,50.597768048342594,-6570.522611662338
10.882406483222367,7.689624252642327,0.8446953129439484,50.7045626095133,-6571.309020585641
10.882406483222367,7.689624252642327,0.8446953129439484,50.7045626095133,-6571.309020585641
10.882406483222367,7.689624252642327,0.8446953129439484,50.7045626095133,-6571.309020585641
10.882406483222367,7.689624252642327,0.8446953129439484,50.7045626095133,-6571.309020585641
10.882406483222367,7.689624252642327,0.8446953129439484,50.7045626095133,-6571.309020585641
10.939449741379192,6.1096370185868984,0.9171448023982658,51.01318004864158,-6571.830505896191
10.187519735007266,8.265703599085244,0.992064933020746,50.56770412655519,-6572.233050010998
10.187519735007266,8.265703599085244,0.992064933020746,50.56770412655519,-6572.233050010998
10.187519735007266,8.265703599085244,0.992064933020746,50.56770412655519,-6572.233050010998
10.187519735007266,8.265703599085244,0.992064933020746,50.56770412655519,-6572.233050010998
10.187519735007266,8.265703599085244,0.992064933020746,50.56770412655519,-6572.233050010998
9.635320823339578,8.624768078697937,0.940410088721202,50.36246203234723,-6571.109950107318
9.635320823339578,8.624768078697937,0.940410088721202,50.36246203234723,-6571.109950107318
9.635320823339578,8.624768078697937,0.940410088721202,50.36246203234723,-6571.109950107318
10.172369111830033,7.09238786740822,0.930158781183932,49.50453483124643,-6572.002291205083
10.172369111830033,7.09238786740822,0.930158781183932,49.50453483124643,-6572.002291205083
10.172369111830033,7.09238786740822,0.930158781183932,49.50453483124643,-6572.002291205083
10.172369111830033,7.09238786740822,0.930158781183932,49.50453483124643,-6572.002291205083
10.172369111830033,7.09238786740822,0.930158781183932,49.50453483124643,-6572.002291205083
10.996517732365675,5.575157964623987,0.9602635388547603,50.10014658274411,-6571.876028701792
10.996517732365675,5.575157964623987,0.9602635388547603,50.10014658274411,-6571.876028701792
10.996517732365675,5.575157964623987,0.9602635388547603,50.10014658274411,-6571.876028701792
10.996517732365675,5.575157964623987,0.9602635388547603,50.10014658274411,-6571.876028701792
10.996517732365675,5.575157964623987,0.9602635388547603,50.10014658274411,-6571.876028701792
10.996517732365675,5.575157964623987,0.9602635388547603,50.10014658274411,-6571.876028701792
10.996517732365675,5.575157964623987,0.9602635388547603,50.10014658274411,-6571.876028701792
10.996517732365675,5.575157964623987,0.9602635388547603,50.10014658274411,-6571.876028701792
10.996517732365675,5.575157964623987,0.9602635388547603,50.10014658274411,-6571.876028701792
11.600130793264954,6.037525507312182,0.8144038570497576,49.80157790422543,-6572.209405644988
11.600130793264954,6.037525507312182,0.8144038570497576,49.80157790422543,-6572.209405644988
11.600130793264954,6.037525507312182,0.8144038570497576,49.80157790422543,-6572.209405644988
11.600130793264954,6.037525507312182,0.8144038570497576,49.80157790422543,-6572.209405644988
11.600130793264954,6.037525507312182,0.8144038570497576,49.80157790422543,-6572.209405644988
11.600130793264954,6.037525507312182,0.8144038570497576,49.80157790422543,-6572.209405644988
11.268699594188881,5.649600656173382,0.8509434814982987,49.87315730584931,-6571.7812450934725
11.268699594188881,5.649600656173382,0.8509434814982987,49.87315730584931,-6571.7812450934725
11.268699594188881,5.649600656173382,0.8509434814982987,49.87315730584931,-6571.7812450934725
11.268699594188881,5.649600656173382,0.8509434814982987,49.87315730584931,-6571.7812450934725
11.268699594188881,5.649600656173382,0.8509434814982987,49.87315730584931,-6571.7812450934725
11.268699594188881,5.649600656173382,0.8509434814982987,49.87315730584931,-6571.7812450934725
11.268699594188881,5.649600656173382,0.8509434814982987,49.87315730584931,-6571.7812450934725
10.279394880691715,6.430124881430823,1.0388852572479303,50.197892294329236,-6572.052180523415
10.279394880691715,6.430124881430823,1.0388852572479303,50.197892294329236,-6572.052180523415
10.279394880691715,6.430124881430823,1.0388852572479303,50.197892294329236,-6572.052180523415
10.279394880691715,6.430124881430823,1.0388852572479303,50.197892294329236,-6572.052180523415
10.334656576211106,6.579330830897177,0.9553175433066965,50.025222827923926,-6571.393907181764
10.334656576211106,6.579330830897177,0.9553175433066965,50.025222827923926,-6571.393907181764
10.334656576211106,6.579330830897177,0.9553175433066965,50.025222827923926,-6571.393907181764
10.334656576211106,6.579330830897177,0.9553175433066965,50.025222827923926,-6571.393907181764
10.334656576211106,6.579330830897177,0.9553175433066965,50.025222827923926,-6571.393907181764
10.334656576211106,6.579330830897177,0.9553175433066965,50.025222827923926,-6571.393907181764
10.176685607706052,7.065999987361199,0.914875781759821,50.25777983739894,-6570.869134696441
10.176685607706052,7.065999987361199,0.914875781759821,50.25777983739894,-6570.869134696441
10.176685607706052,7.065999987361199,0.914875781759821,50.25777983739894,-6570.869134696441
10.176685607706052,7.065999987361199,0.914875781759821,50.25777983739894,-6570.869134696441
10.508531295700868,7.51652390310824,0.7742883351888586,50.4771948517647,-6570.276187434089
10.508531295700868,7.51652390310824,0.7742883351888586,50.4771948517647,-6570.276187434089
10.060933007139905,8.061601434565192,0.8096217263490849,50.96540842709833,-6570.8162887987255
9.881305957857508,10.386729584380081,0.7145102357207106,50.48158100690292,-6570.858008641253
9.881305957857508,10.386729584380081,0.7145102357207106,50.48158100690292,-6570.858008641253
9.881305957857508,10.386729584380081,0.7145102357207106,50.48158100690292,-6570.858008641253
9.575106067679142,10.50813418003443,0.7337642976667638,50.54763698455629,-6570.780881375708
9.07220008898101,11.03457403893553,0.8019334675239327,50.435595701325354,-6571.3847347883275
9.07220008898101,11.03457403893553,0.8019334675239327,50.435595701325354,-6571.3847347883275
9.07220008898101,11.03457403893553,0.8019334675239327,50.435595701325354,-6571.3847347883275
8.872720336004457,12.020764274751835,0.8291479261759495,50.4332394903339,-6572.675247234088
8.872720336004457,12.020764274751835,0.8291479261759495,50.4332394903339,-6572.675247234088
8.872720336004457,12.020764274751835,0.8291479261759495,50.4332394903339,-6572.675247234088
9.516255422084031,8.783445424350587,0.7421708073015192,50.51395501768944,-6571.021406464071
10.000787491602939,8.158630718966235,0.7800082697221765,50.95646016273001,-6570.842626075439
10.379728542154764,8.100452350720223,0.8089841675286463,50.913599966788155,-6570.708790363496
9.76724169644406,7.366250688388104,0.8379216497230768,50.58089399468416,-6571.500349766354
9.76724169644406,7.366250688388104,0.8379216497230768,50.58089399468416,-6571.500349766354
9.76724169644406,7.366250688388104,0.8379216497230768,50.58089399468416,-6571.500349766354
9.922251109706778,7.9099577434316295,0.8480531077641584,50.99143964517385,-6571.128681282107
9.922251109706778,7.9099577434316295,0.8480531077641584,50.99143964517385,-6571.128681282107
9.922251109706778,7.9099577434316295,0.8480531077641584,50.99143964517385,-6571.128681282107
9.922251109706778,7.9099577434316295,0.8480531077641584,50.99143964517385,-6571.128681282107
10.016419906088089,8.844141618406733,0.7922142459342617,50.8847623752371,-6570.634310219695
9.371640933226596,10.07131095957744,0.792733067037758,51.319699826932144,-6572.205770990649
9.371640933226596,10.07131095957744,0.792733067037758,51.319699826932144,-6572.205770990649
9.371640933226596,10.07131095957744,0.792733067037758,51.319699826932144,-6572.205770990649
9.371640933226596,10.07131095957744,0.792733067037758,51.319699826932144,-6572.205770990649
9.371640933226596,10.07131095957744,0.792733067037758,51.319699826932144,-6572.205770990649
9.371640933226596,10.07131095957744,0.792733067037758,51.319699826932144,-6572.205770990649
9.371640933226596,10.07131095957744,0.792733067037758,51.319699826932144,-6572.205770990649
9.338708224236163,10.80411348830096,0.8275641024682879,50.54931860722981,-6571.570325203182
9.338708224236163,10.80411348830096,0.8275641024682879,50.54931860722981,-6571.570325203182
9.360246785958207,10.930652373529815,0.8421158952099288,50.79660660368471,-6572.196745517202
9.58614840337779,8.165453146404527,0.6636366791824078,50.8345538099271,-6573.531361591675
11.007851486527882,8.200519368425834,0.5579203837721891,51.727174080315805,-6574.2127522244355
10.760545897329452,7.909848934063241,0.7423873854564218,51.84737502481787,-6573.452519959959
10.760545897329452,7.909848934063241,0.7423873854564218,51.84737502481787,-6573.452519959959
10.760545897329452,7.909848934063241,0.7423873854564218,51.84737502481787,-6573.452519959959
10.787985923390265,8.39434044343374,0.6657686065528745,51.46333611868502,-6572.192405795947
9.711677331272469,9.694151144421307,0.6888724466574158,51.255431225633366,-6571.690839041273
9.711677331272469,9.694151144421307,0.6888724466574158,51.255431225633366,-6571.690839041273
9.711677331272469,9.694151144421307,0.6888724466574158,51.255431225633366,-6571.690839041273
9.711677331272469,9.694151144421307,0.6888724466574158,51.255431225633366,-6571.690839041273
9.711677331272469,9.694151144421307,0.6888724466574158,51.255431225633366,-6571.690839041273
9.711677331272469,9.694151144421307,0.6888724466574158,51.255431225633366,-6571.690839041273
9.863866942460172,8.922720252243915,0.6771501989680371,50.39296164269696,-6570.687259952181
9.863866942460172,8.922720252243915,0.6771501989680371,50.39296164269696,-6570.687259952181
9.59470813470458,9.740098785469852,0.6300440912663592,50.16990571067808,-6571.31966575898
9.288409328358616,9.217942768006802,0.7077654314533609,49.84102787730965,-6572.02086610328
9.288409328358616,9.217942768006802,0.7077654314533609,49.84102787730965,-6572.02086610328
9.288409328358616,9.217942768006802,0.7077654314533609,49.84102787730965,-6572.02086610328
9.288409328358616,9.217942768006802,0.7077654314533609,49.84102787730965,-6572.02086610328
9.288409328358616,9.217942768006802,0.7077654314533609,49.84102787730965,-6572.02086610328
9.036018975315441,9.406303020286495,0.8098004234312028,49.53171418518024,-6572.389070140052
9.036018975315441,9.406303020286495,0.8098004234312028,49.53171418518024,-6572.389070140052
9.125045272215404,10.512852105953375,0.8937996152882336,49.76879145453286,-6572.142027105998
9.125045272215404,10.512852105953375,0.8937996152882336,49.76879145453286,-6572.142027105998
8.818700127564126,10.924512919621238,0.8615240821140673,49.72100740963251,-6572.298317490933
9.256990707296724,10.65985977378606,0.8119823085426477,50.27951314470684,-6571.141278155213
9.622128202489515,8.138095991171438,0.7423941376248738,50.12789541629113,-6571.622407699373
9.622128202489515,8.138095991171438,0.7423941376248738,50.12789541629113,-6571.622407699373
10.063540295876118,9.081544841056253,0.9380602496604422,50.107910610790746,-6572.094090665842
9.618080984027243,7.949903652477276,0.9109949519928963,49.867118942258365,-6571.35611916384
9.737553152884198,8.264367601041286,0.9354747426964899,50.31396011989014,-6570.968041768336
9.737553152884198,8.264367601041286,0.9354747426964899,50.31396011989014,-6570.968041768336
10.732258869050876,7.987270500616861,0.7951425045445769,49.4170028807469,-6572.050849479884
10.732258869050876,7.987270500616861,0.7951425045445769,49.4170028807469,-6572.050849479884
10.702359990857339,7.570577665851763,0.7772048309609904,50.0847680089001,-6570.4900286444545
10.702359990857339,7.570577665851763,0.7772048309609904,50.0847680089001,-6570.4900286444545
10.702359990857339,7.570577665851763,0.7772048309609904,50.0847680089001,-6570.4900286444545
10.702359990857339,7.570577665851763,0.7772048309609904,50.0847680089001,-6570.4900286444545
10.702359990857339,7.570577665851763,0.7772048309609904,50.0847680089001,-6570.4900286444545
10.702359990857339,7.570577665851763,0.7772048309609904,50.0847680089001,-6570.4900286444545
10.702359990857339,7.570577665851763,0.7772048309609904,50.0847680089001,-6570.4900286444545
10.702359990857339,7.570577665851763,0.7772048309609904,50.0847680089001,-6570.4900286444545
10.227064880624729,7.3956969093246,0.7781442135351885,50.45616499322855,-6570.594122430715
10.67683209105276,8.439633888783238,0.8051183966705895,49.94009862070176,-6571.306786449603
10.67683209105276,8.439633888783238,0.8051183966705895,49.94009862070176,-6571.306786449603
10.033782096007773,8.264323419195618,0.8308214855856665,50.96229111718825,-6570.838679623182
10.033782096007773,8.264323419195618,0.8308214855856665,50.96229111718825,-6570.838679623182
10.033782096007773,8.264323419195618,0.8308214855856665,50.96229111718825,-6570.838679623182
10.033782096007773,8.264323419195618,0.8308214855856665,50.96229111718825,-6570.838679623182
10.033782096007773,8.264323419195618,0.8308214855856665,50.96229111718825,-6570.838679623182
10.033782096007773,8.264323419195618,0.8308214855856665,50.96229111718825,-6570.838679623182
10.033782096007773,8.264323419195618,0.8308214855856665,50.96229111718825,-6570.838679623182
10.033782096007773,8.264323419195618,0.8308214855856665,50.96229111718825,-6570.838679623182
10.169965887468484,9.434886144868232,0.8703189675499458,50.307948067908406,-6571.792302329139
10.191363781571907,9.086828804120945,0.8989888074114528,50.10130010748344,-6571.83558970722
10.191363781571907,9.086828804120945,0.8989888074114528,50.10130010748344,-6571.83558970722
9.395172482975951,9.426708522868294,0.9810454029138763,50.14413204294575,-6572.024843472867
9.395172482975951,9.426708522868294,0.9810454029138763,50.14413204294575,-6572.024843472867
10.355050255769605,7.882949039892512,0.833760859437671,49.70642342881636,-6570.980280914133
9.645285658935972,7.497982484733739,0.7489732971568238,50.64490026760501,-6572.83316859511
9.645285658935972,7.497982484733739,0.7489732971568238,50.64490026760501,-6572.83316859511
10.645528322896528,6.347282767932839,0.909128243640831,50.808019409196845,-6571.2944506976655
10.645528322896528,6.347282767932839,0.909128243640831,50.808019409196845,-6571.2944506976655
11.025589185820841,6.996893958499754,0.8290293546242227,50.888762302390006,-6571.198145867483
11.025589185820841,6.996893958499754,0.8290293546242227,50.888762302390006,-6571.198145867483
11.025589185820841,6.996893958499754,0.8290293546242227,50.888762302390006,-6571.198145867483
11.025589185820841,6.996893958499754,0.8290293546242227,50.888762302390006,-6571.198145867483
11.025589185820841,6.996893958499754,0.8290293546242227,50.888762302390006,-6571.198145867483
11.025589185820841,6.996893958499754,0.8290293546242227,50.888762302390006,-6571.198145867483
11.025589185820841,6.996893958499754,0.8290293546242227,50.888762302390006,-6571.198145867483
10.226160481527904,6.844405805766841,0.8381298005402232,51.32090181204074,-6572.401192958256
10.226160481527904,6.844405805766841,0.8381298005402232,51.32090181204074,-6572.401192958256
10.226160481527904,6.844405805766841,0.8381298005402232,51.32090181204074,-6572.401192958256
10.226160481527904,6.844405805766841,0.8381298005402232,51.32090181204074,-6572.401192958256
10.226160481527904,6.844405805766841,0.8381298005402232,51.32090181204074,-6572.401192958256
10.226160481527904,6.844405805766841,0.8381298005402232,51.32090181204074,-6572.401192958256
9.171244431576277,7.758709445829525,0.9602616496271716,50.69960575977012,-6572.936807732613
9.171244431576277,7.758709445829525,0.9602616496271716,50.69960575977012,-6572.936807732613
8.820974882309052,8.24254964467519,0.9493182420466301,50.203775333074894,-6573.5030958281
10.245164480972198,7.4384180818144054,0.7697982064092023,50.17210265020013,-6570.631316387143
10.245164480972198,7.4384180818144054,0.7697982064092023,50.17210265020013,-6570.631316387143
10.245164480972198,7.4384180818144054,0.7697982064092023,50.17210265020013,-6570.631316387143
10.245164480972198,7.4384180818144054,0.7697982064092023,50.17210265020013,-6570.631316387143
10.245164480972198,7.4384180818144054,0.7697982064092023,50.17210265020013,-6570.631316387143
9.702624849977118,8.924070767377886,0.7612548218028241,50.53555839405564,-6570.403567767882
9.702624849977118,8.924070767377886,0.7612548218028241,50.53555839405564,-6570.403567767882
9.702624849977118,8.924070767377886,0.7612548218028241,50.53555839405564,-6570.403567767882
10.18327881774144,9.072883206916085,0.8073925753419774,50.121179416645695,-6570.707565280121
10.18327881774144,9.072883206916085,0.8073925753419774,50.121179416645695,-6570.707565280121
10.18327881774144,9.072883206916085,0.8073925753419774,50.121179416645695,-6570.707565280121
10.18327881774144,9.072883206916085,0.8073925753419774,50.121179416645695,-6570.707565280121
10.18327881774144,9.072883206916085,0.8073925753419774,50.121179416645695,-6570.707565280121
10.18327881774144,9.072883206916085,0.8073925753419774,50.121179416645695,-6570.707565280121
8.971704769651783,10.012370634072866,0.8486959724405112,50.439997115730904,-6571.319977785282
8.971704769651783,10.012370634072866,0.8486959724405112,50.439997115730904,-6571.319977785282
8.971704769651783,10.012370634072866,0.8486959724405112,50.439997115730904,-6571.319977785282
8.971704769651783,10.012370634072866,0.8486959724405112,50.439997115730904,-6571.319977785282
8.971704769651783,10.012370634072866,0.8486959724405112,50.439997115730904,-6571.319977785282
8.763404586592152,10.498754734109154,0.8711101482162927,50.924152422334885,-6572.450823599903
8.865885569648203,9.810348521305402,0.8370948743466712,50.321438201652725,-6571.586356921382
10.063763727240978,10.961756681473727,0.7783524797736993,50.645391642828656,-6572.984725411212
10.063763727240978,10.961756681473727,0.7783524797736993,50.645391642828656,-6572.984725411212
10.063763727240978,10.961756681473727,0.7783524797736993,50.645391642828656,-6572.984725411212
10.063763727240978,10.961756681473727,0.7783524797736993,50.645391642828656,-6572.984725411212
10.063763727240978,10.961756681473727,0.7783524797736993,50.645391642828656,-6572.984725411212
10.063763727240978,10.961756681473727,0.7783524797736993,50.645391642828656,-6572.984725411212
10.063763727240978,10.961756681473727,0.7783524797736993,50.645391642828656,-6572.984725411212
10.558830039063231,9.679594635439063,0.5891005317623547,51.0846280753958,-6571.858254602026
10.558830039063231,9.679594635439063,0.5891005317623547,51.0846280753958,-6571.858254602026
10.558830039063231,9.679594635439063,0.5891005317623547,51.0846280753958,-6571.858254602026
10.558830039063231,9.679594635439063,0.5891005317623547,51.0846280753958,-6571.858254602026
10.558830039063231,9.679594635439063,0.5891005317623547,51.0846280753958,-6571.858254602026
10.558830039063231,9.679594635439063,0.5891005317623547,51.0846280753958,-6571.858254602026
10.558830039063231,9.679594635439063,0.5891005317623547,51.0846280753958,-6571.858254602026
10.337892802127055,9.532297718423107,0.7163992308821188,50.769159631065,-6570.938823174118
10.337892802127055,9.532297718423107,0.7163992308821188,50.769159631065,-6570.938823174118
10.337892802127055,9.532297718423107,0.7163992308821188,50.769159631065,-6570.938823174118
10.156649669448353,8.132938608721467,0.7027023541438238,50.37044626450369,-6570.576428828249
10.156649669448353,8.132938608721467,0.7027023541438238,50.37044626450369,-6570.576428828249
10.156649669448353,8.132938608721467,0.7027023541438238,50.37044626450369,-6570.576428828249
10.156649669448353,8.132938608721467,0.7027023541438238,50.37044626450369,-6570.576428828249
10.156649669448353,8.132938608721467,0.7027023541438238,50.37044626450369,-6570.576428828249
11.850491551499182,6.446768052254122,0.6920845809566247,50.29966818691066,-6572.046959651198
11.311739453738312,7.828284688766765,0.7186247418074796,50.34071180528861,-6571.4899946834375
11.311739453738312,7.828284688766765,0.7186247418074796,50.34071180528861,-6571.4899946834375
11.311739453738312,7.828284688766765,0.7186247418074796,50.34071180528861,-6571.4899946834375
11.070592167194533,7.500143468561071,0.6520769258186557,49.10634413047477,-6573.840686033202
11.070592167194533,7.500143468561071,0.6520769258186557,49.10634413047477,-6573.840686033202
10.407863886076981,6.560674793827361,0.7938538923836381,49.27392094272857,-6573.243872268104
10.760390644720575,5.940874076153693,0.8286063581863031,50.18757525933525,-6571.357821331075
10.995438105865123,7.699678511348568,0.8381066037368698,50.43991181783498,-6571.426427114148
10.537791127165425,7.265623531838779,0.8864675982249056,49.95724630105925,-6570.930460883451
10.907892070770492,7.945161811498529,0.8055755240212721,49.947984116710735,-6571.39758174168
10.907892070770492,7.945161811498529,0.8055755240212721,49.947984116710735,-6571.39758174168
10.360047804071963,8.428103145682906,0.7638856783318327,49.649948206205224,-6571.020175173356
10.360047804071963,8.428103145682906,0.7638856783318327,49.649948206205224,-6571.020175173356
9.92200468962862,9.088530704690665,0.727999750576546,50.018457024379465,-6570.401405845589
9.92200468962862,9.088530704690665,0.727999750576546,50.018457024379465,-6570.401405845589
9.92200468962862,9.088530704690665,0.727999750576546,50.018457024379465,-6570.401405845589
9.92200468962862,9.088530704690665,0.727999750576546,50.018457024379465,-6570.401405845589
9.92200468962862,9.088530704690665,0.727999750576546,50.018457024379465,-6570.401405845589
9.92200468962862,9.088530704690665,0.727999750576546,50.018457024379465,-6570.401405845589
9.92200468962862,9.088530704690665,0.727999750576546,50.018457024379465,-6570.401405845589
9.92200468962862,9.088530704690665,0.727999750576546,50.018457024379465,-6570.401405845589
9.92200468962862,9.088530704690665,0.727999750576546,50.018457024379465,-6570.401405845589
9.92200468962862,9.088530704690665,0.727999750576546,50.018457024379465,-6570.401405845589
9.938061132069699,9.876667475639092,0.6771796966654002,49.75805857757401,-6571.098689402899
9.526719438902607,9.759403083504933,0.7007376149117683,50.431552482511336,-6570.603145196349
9.526719438902607,9.759403083504933,0.7007376149117683,50.431552482511336,-6570.603145196349
9.526719438902607,9.759403083504933,0.7007376149117683,50.431552482511336,-6570.603145196349
9.526719438902607,9.759403083504933,0.7007376149117683,50.431552482511336,-6570.603145196349
9.526719438902607,9.759403083504933,0.7007376149117683,50.431552482511336,-6570.603145196349
9.526719438902607,9.759403083504933,0.7007376149117683,50.431552482511336,-6570.603145196349
9.526719438902607,9.759403083504933,0.7007376149117683,50.431552482511336,-6570.603145196349
9.526719438902607,9.759403083504933,0.7007376149117683,50.431552482511336,-6570.603145196349
9.526719438902607,9.759403083504933,0.7007376149117683,50.431552482511336,-6570.603145196349
9.526719438902607,9.759403083504933,0.7007376149117683,50.431552482511336,-6570.603145196349
9.80655874917258,10.414641632060679,0.6344363968021032,50.58884488275334,-6570.88798464296
9.80655874917258,10.414641632060679,0.6344363968021032,50.58884488275334,-6570.88798464296
10.406921115667696,11.041432855010795,0.5738386195401978,51.02734434299001,-6572.858498704973
10.324478733746233,10.620876515774343,0.5855898004010849,51.02824504577322,-6572.173240654194
10.324478733746233,10.620876515774343,0.5855898004010849,51.02824504577322,-6572.173240654194
10.324478733746233,10.620876515774343,0.5855898004010849,51.02824504577322,-6572.173240654194
10.324478733746233,10.620876515774343,0.5855898004010849,51.02824504577322,-6572.173240654194
10.17179958516082,10.178313480245404,0.7520528945546469,50.63598126661441,-6571.547881734761
10.17179958516082,10.178313480245404,0.7520528945546469,50.63598126661441,-6571.547881734761
9.735343060614456,10.779750330016613,0.7518559432492231,50.66470640310389,-6571.4622938058255
9.735343060614456,10.779750330016613,0.7518559432492231,50.66470640310389,-6571.4622938058255
9.735343060614456,10.779750330016613,0.7518559432492231,50.66470640310389,-6571.4622938058255
9.782779747945854,11.261513499116266,0.6656411048862068,50.75057993065301,-6571.705019859359
9.782779747945854,11.261513499116266,0.6656411048862068,50.75057993065301,-6571.705019859359
9.782779747945854,11.261513499116266,0.6656411048862068,50.75057993065301,-6571.705019859359
10.085289207797219,10.715344445111384,0.7484602296967948,50.71485007284301,-6572.2228948902775
10.168362951751952,10.111659049541762,0.6367394042486129,51.4387359946491,-6572.422659218402
10.168362951751952,10.111659049541762,0.6367394042486129,51.4387359946491,-6572.422659218402
10.168362951751952,10.111659049541762,0.6367394042486129,51.4387359946491,-6572.422659218402
10.168362951751952,10.111659049541762,0.6367394042486129,51.4387359946491,-6572.422659218402
10.168362951751952,10.111659049541762,0.6367394042486129,51.4387359946491,-6572.422659218402
11.013529525097606,7.785271424434598,0.7685523757271949,51.28018570044242,-6571.974909741082
11.013529525097606,7.785271424434598,0.7685523757271949,51.28018570044242,-6571.974909741082
11.013529525097606,7.785271424434598,0.7685523757271949,51.28018570044242,-6571.974909741082
10.64498352203363,8.430434314969952,0.7813232172132374,51.00003321360298,-6571.241896740435
10.64498352203363,8.430434314969952,0.7813232172132374,51.00003321360298,-6571.241896740435
10.64498352203363,8.430434314969952,0.7813232172132374,51.00003321360298,-6571.241896740435
10.64498352203363,8.430434314969952,0.7813232172132374,51.00003321360298,-6571.241896740435
10.64498352203363,8.430434314969952,0.7813232172132374,51.00003321360298,-6571.241896740435
10.64498352203363,8.430434314969952,0.7813232172132374,51.00003321360298,-6571.241896740435
10.64498352203363,8.430434314969952,0.7813232172132374,51.00003321360298,-6571.241896740435
10.64498352203363,8.430434314969952,0.7813232172132374,51.00003321360298,-6571.241896740435
10.64498352203363,8.430434314969952,0.7813232172132374,51.00003321360298,-6571.241896740435
10.64498352203363,8.430434314969952,0.7813232172132374,51.00003321360298,-6571.241896740435
10.64498352203363,8.430434314969952,0.7813232172132374,51.00003321360298,-6571.241896740435
10.072784064842294,8.444918073667408,0.78465289980335,51.188671578539555,-6571.196716702523
10.072784064842294,8.444918073667408,0.78465289980335,51.188671578539555,-6571.196716702523
9.576074440575582,8.76191632203385,0.8153988488337157,50.97905869554288,-6571.188363717698
9.576074440575582,8.76191632203385,0.8153988488337157,50.97905869554288,-6571.188363717698
9.554425073822093,8.456260548124025,0.943445486862351,50.713507344634465,-6571.405489153529
9.568457704731385,8.247086407237823,0.851480007783676,49.58620122523054,-6571.714675458135
9.609441231436676,8.26676981487839,0.8419113160543077,49.606280768468274,-6571.577472186478
10.48834751396053,8.168149945146483,0.9511941721401209,50.14599737199808,-6572.174584927528
10.48834751396053,8.168149945146483,0.9511941721401209,50.14599737199808,-6572.174584927528
10.48834751396053,8.168149945146483,0.9511941721401209,50.14599737199808,-6572.174584927528
10.48834751396053,8.168149945146483,0.9511941721401209,50.14599737199808,-6572.174584927528
10.48834751396053,8.168149945146483,0.9511941721401209,50.14599737199808,-6572.174584927528
10.48834751396053,8.168149945146483,0.9511941721401209,50.14599737199808,-6572.174584927528
10.370123328549322,6.176212829590241,1.0054207488480518,49.74232486575505,-6572.358811469961
10.995454437167208,5.851685848300404,0.8441421572945979,50.40997696000653,-6571.139308181468
11.620950703799767,6.794050801262195,0.7725255661205674,50.12897287232825,-6571.970855694004
11.926635201163634,6.680300202646359,0.7751092516848964,50.96565395395937,-6573.131573376963
11.926635201163634,6.680300202646359,0.7751092516848964,50.96565395395937,-6573.131573376963
11.853451093527651,6.771458784881029,0.8154825882253056,50.67739953708122,-6573.166521281349
11.067953817336996,8.020332016355422,0.8260459663993682,49.917472734956796,-6572.272210365978
11.067953817336996,8.020332016355422,0.8260459663993682,49.917472734956796,-6572.272210365978
10.000702347672679,9.047758866365289,0.9711402008998324,49.77671568127975,-6572.783367059708
9.853644431262554,9.160220279209778,0.9459812892301074,49.91819430866866,-6572.014443519802
10.57467805195915,8.777635203753956,0.9074163801684263,49.57801576976971,-6573.470784134419
10.57467805195915,8.777635203753956,0.9074163801684263,49.57801576976971,-6573.470784134419
10.57467805195915,8.777635203753956,0.9074163801684263,49.57801576976971,-6573.470784134419
10.57467805195915,8.777635203753956,0.9074163801684263,49.57801576976971,-6573.470784134419
10.97882389446508,10.3287366577706,0.8832203571223415,50.055523943546916,-6578.312839326842
11.534818160335305,10.730088131134007,0.772936443672289,50.48733046929164,-6580.591287520549
11.534818160335305,10.730088131134007,0.772936443672289,50.48733046929164,-6580.591287520549
11.741669652751321,8.52911000869103,0.7423777140065247,50.704768650638954,-6574.854200006569
11.741669652751321,8.52911000869103,0.7423777140065247,50.704768650638954,-6574.854200006569
11.386690853817736,8.011017169551073,0.8524338467628857,51.072136360448475,-6574.267438215917
11.310681567440234,7.717985435729744,0.8637637224647072,51.24877272330179,-6573.936046107805
10.313591119507176,8.71124457973761,0.8231967857634629,51.63102767995268,-6573.010542972209
10.313591119507176,8.71124457973761,0.8231967857634629,51.63102767995268,-6573.010542972209
10.313591119507176,8.71124457973761,0.8231967857634629,51.63102767995268,-6573.010542972209
10.313591119507176,8.71124457973761,0.8231967857634629,51.63102767995268,-6573.010542972209
10.313591119507176,8.71124457973761,0.8231967857634629,51.63102767995268,-6573.010542972209
10.313591119507176,8.71124457973761,0.8231967857634629,51.63102767995268,-6573.010542972209
10.968700738425898,8.103709076127874,0.7821164601864045,50.20932148810547,-6571.279552886827
10.968700738425898,8.103709076127874,0.7821164601864045,50.20932148810547,-6571.279552886827
10.968700738425898,8.103709076127874,0.7821164601864045,50.20932148810547,-6571.279552886827
10.362098657582568,8.98846465357012,0.6953362080342995,50.42773235641525,-6570.346144064732
10.169241015331044,8.420241648350634,0.7548866871564802,50.51091070401593,-6570.15797044103
10.169241015331044,8.420241648350634,0.7548866871564802,50.51091070401593,-6570.15797044103
10.169241015331044,8.420241648350634,0.7548866871564802,50.51091070401593,-6570.15797044103
10.169241015331044,8.420241648350634,0.7548866871564802,50.51091070401593,-6570.15797044103
10.169241015331044,8.420241648350634,0.7548866871564802,50.51091070401593,-6570.15797044103
10.169241015331044,8.420241648350634,0.7548866871564802,50.51091070401593,-6570.15797044103
10.169241015331044,8.420241648350634,0.7548866871564802,50.51091070401593,-6570.15797044103
10.169241015331044,8.420241648350634,0.7548866871564802,50.51091070401593,-6570.15797044103
10.169241015331044,8.420241648350634,0.7548866871564802,50.51091070401593,-6570.15797044103
10.169241015331044,8.420241648350634,0.7548866871564802,50.51091070401593,-6570.15797044103
10.169241015331044,8.420241648350634,0.7548866871564802,50.51091070401593,-6570.15797044103
10.169241015331044,8.420241648350634,0.7548866871564802,50.51091070401593,-6570.15797044103
10.149469633716341,7.981941310890582,0.8307212986303825,50.55262381691993,-6570.317582965281
10.149469633716341,7.981941310890582,0.8307212986303825,50.55262381691993,-6570.317582965281
9.836166355358703,8.49185372286724,0.7407858275170562,50.024441691341075,-6570.684631904091
9.836166355358703,8.49185372286724,0.7407858275170562,50.024441691341075,-6570.684631904091
9.836166355358703,8.49185372286724,0.7407858275170562,50.024441691341075,-6570.684631904091
9.836166355358703,8.49185372286724,0.7407858275170562,50.024441691341075,-6570.684631904091
10.435553284497635,7.118353700023944,0.8265330058741851,49.87850758495846,-6570.831460390464
10.435553284497635,7.118353700023944,0.8265330058741851,49.87850758495846,-6570.831460390464
10.435553284497635,7.118353700023944,0.8265330058741851,49.87850758495846,-6570.831460390464
10.435553284497635,7.118353700023944,0.8265330058741851,49.87850758495846,-6570.831460390464
10.435553284497635,7.118353700023944,0.8265330058741851,49.87850758495846,-6570.831460390464
10.435553284497635,7.118353700023944,0.8265330058741851,49.87850758495846,-6570.831460390464
10.435553284497635,7.118353700023944,0.8265330058741851,49.87850758495846,-6570.831460390464
10.62908479838383,7.4492249263321515,0.8464203135369965,50.25272898026248,-6570.562748093355
10.62908479838383,7.4492249263321515,0.8464203135369965,50.25272898026248,-6570.562748093355
10.62908479838383,7.4492249263321515,0.8464203135369965,50.25272898026248,-6570.562748093355
10.62908479838383,7.4492249263321515,0.8464203135369965,50.25272898026248,-6570.562748093355
10.52838990456824,7.091756915046709,0.9822528686044678,50.00057255334776,-6571.787601165261
10.444592644236268,7.020530214689078,0.9726348394282119,50.011481581633966,-6571.520913830545
10.444592644236268,7.020530214689078,0.9726348394282119,50.011481581633966,-6571.520913830545
10.444592644236268,7.020530214689078,0.9726348394282119,50.011481581633966,-6571.520913830545
10.060530117007673,8.473171852698782,0.9472473417022504,49.96754978214564,-6571.614382581116
9.358731190958016,8.53529603955603,1.0069874697169063,50.50733062967313,-6571.98182649492
9.358731190958016,8.53529603955603,1.0069874697169063,50.50733062967313,-6571.98182649492
9.358731190958016,8.53529603955603,1.0069874697169063,50.50733062967313,-6571.98182649492
9.358731190958016,8.53529603955603,1.0069874697169063,50.50733062967313,-6571.98182649492
10.147766830075815,8.252437349922944,0.9264799629772692,50.28611558504196,-6571.109960173906
10.147766830075815,8.252437349922944,0.9264799629772692,50.28611558504196,-6571.109960173906
10.147766830075815,8.252437349922944,0.9264799629772692,50.28611558504196,-6571.109960173906
10.147766830075815,8.252437349922944,0.9264799629772692,50.28611558504196,-6571.109960173906
10.147766830075815,8.252437349922944,0.9264799629772692,50.28611558504196,-6571.109960173906
9.187756509507288,9.835537076748768,0.9762024759958513,50.33128335298256,-6572.187331700342
9.705564519898465,9.454011760510443,0.9599575219799537,51.1958860871702,-6573.282445963818
9.705564519898465,9.454011760510443,0.9599575219799537,51.1958860871702,-6573.282445963818
9.705564519898465,9.454011760510443,0.9599575219799537,51.1958860871702,-6573.282445963818
9.705564519898465,9.454011760510443,0.9599575219799537,51.1958860871702,-6573.282445963818
10.123539326708375,7.759783876061458,1.108271081606913,50.57983011973454,-6573.613178639888
9.485294718720613,9.995328214972982,1.0484156218933678,50.904981435352,-6574.658667305914
9.485294718720613,9.995328214972982,1.0484156218933678,50.904981435352,-6574.658667305914
8.836760952101377,9.686875429485902,0.9620522454315777,50.72069156342826,-6572.547359828221
8.836760952101377,9.686875429485902,0.9620522454315777,50.72069156342826,-6572.547359828221
9.258558775965653,8.451397211453001,0.8313607762139357,51.14868921481048,-6572.7607413193045
9.258558775965653,8.451397211453001,0.8313607762139357,51.14868921481048,-6572.7607413193045
10.901960350989524,8.01741840952212,0.8395338826464256,50.774742328741716,-6571.743252575679
10.901960350989524,8.01741840952212,0.8395338826464256,50.774742328741716,-6571.743252575679
10.901960350989524,8.01741840952212,0.8395338826464256,50.774742328741716,-6571.743252575679
11.0048471719022,8.207466088717895,0.6745579365738926,51.08382851806226,-6571.465889718136
11.0048471719022,8.207466088717895,0.6745579365738926,51.08382851806226,-6571.465889718136
11.0048471719022,8.207466088717895,0.6745579365738926,51.08382851806226,-6571.465889718136
11.0048471719022,8.207466088717895,0.6745579365738926,51.08382851806226,-6571.465889718136
11.0048471719022,8.207466088717895,0.6745579365738926,51.08382851806226,-6571.465889718136
11.295934930951232,8.388552419102192,0.5157437083633362,51.06807244460618,-6573.186336583971
11.140089799849527,9.533135225365497,0.5586078196208678,51.19982928299218,-6573.188750213747
11.140089799849527,9.533135225365497,0.5586078196208678,51.19982928299218,-6573.188750213747
10.533103794371339,8.847459215335682,0.6082809872077102,51.72345869647043,-6573.412805942275
10.533103794371339,8.847459215335682,0.6082809872077102,51.72345869647043,-6573.412805942275
10.533103794371339,8.847459215335682,0.6082809872077102,51.72345869647043,-6573.412805942275
10.533103794371339,8.847459215335682,0.6082809872077102,51.72345869647043,-6573.412805942275
10.533103794371339,8.847459215335682,0.6082809872077102,51.72345869647043,-6573.412805942275
10.533103794371339,8.847459215335682,0.6082809872077102,51.72345869647043,-6573.412805942275
10.533103794371339,8.847459215335682,0.6082809872077102,51.72345869647043,-6573.412805942275
9.92724218070792,9.788235805740088,0.7180290345908987,51.36808927205514,-6571.900593614103
9.92724218070792,9.788235805740088,0.7180290345908987,51.36808927205514,-6571.900593614103
9.92724218070792,9.788235805740088,0.7180290345908987,51.36808927205514,-6571.900593614103
10.191082935820447,9.57721080748581,0.669402982561247,51.43485749240847,-6572.091745771137
10.49837845845018,9.780606459304284,0.7308099050202826,50.958691692225926,-6572.008872351707
11.728138382017704,8.845069167634598,0.577151708045578,50.91702386744849,-6573.8565656936935
11.277800639905559,9.516105675723203,0.6060174899715688,51.21901547315463,-6573.699727023366
11.068457810431182,9.540075789780886,0.6974212323528839,50.95607905316302,-6573.281736863004
11.068457810431182,9.540075789780886,0.6974212323528839,50.95607905316302,-6573.281736863004
11.068457810431182,9.540075789780886,0.6974212323528839,50.95607905316302,-6573.281736863004
11.068457810431182,9.540075789780886,0.6974212323528839,50.95607905316302,-6573.281736863004
10.882448495905818,8.50155552365546,0.48686993071344853,51.177237730268985,-6574.210512824822
11.304777640004287,9.650144079585784,0.5039779190384749,50.35911931105078,-6573.552435614925
11.304777640004287,9.650144079585784,0.5039779190384749,50.35911931105078,-6573.552435614925
9.88249194873274,9.71372829698749,0.5344194532564226,50.53083480325873,-6572.634453757477
9.88249194873274,9.71372829698749,0.5344194532564226,50.53083480325873,-6572.634453757477
9.948434583450071,8.849956558180704,0.5466508159242616,50.12813510387542,-6573.590707676072
9.948434583450071,8.849956558180704,0.5466508159242616,50.12813510387542,-6573.590707676072
9.948434583450071,8.849956558180704,0.5466508159242616,50.12813510387542,-6573.590707676072
10.949326632834135,8.49042369199561,0.5101857559747995,50.29768756260871,-6572.918721594544
10.949326632834135,8.49042369199561,0.5101857559747995,50.29768756260871,-6572.918721594544
10.949326632834135,8.49042369199561,0.5101857559747995,50.29768756260871,-6572.918721594544
10.949326632834135,8.49042369199561,0.5101857559747995,50.29768756260871,-6572.918721594544
11.387569397152218,8.639702619468437,0.48730509109197817,50.09347580527605,-6573.791975907658
11.387569397152218,8.639702619468437,0.48730509109197817,50.09347580527605,-6573.791975907658
11.387569397152218,8.639702619468437,0.48730509109197817,50.09347580527605,-6573.791975907658
11.387569397152218,8.639702619468437,0.48730509109197817,50.09347580527605,-6573.791975907658
11.736865921397035,7.79973332931734,0.6380837568356477,49.44095100243762,-6574.174840320913
11.736865921397035,7.79973332931734,0.6380837568356477,49.44095100243762,-6574.174840320913
11.736865921397035,7.79973332931734,0.6380837568356477,49.44095100243762,-6574.174840320913
11.736865921397035,7.79973332931734,0.6380837568356477,49.44095100243762,-6574.174840320913
11.736865921397035,7.79973332931734,0.6380837568356477,49.44095100243762,-6574.174840320913
11.736865921397035,7.79973332931734,0.6380837568356477,49.44095100243762,-6574.174840320913
11.736865921397035,7.79973332931734,0.6380837568356477,49.44095100243762,-6574.174840320913
11.266334579332778,6.133381557033558,0.7119810810100771,49.53641333614727,-6572.744964263296
11.266334579332778,6.133381557033558,0.7119810810100771,49.53641333614727,-6572.744964263296
11.266334579332778,6.133381557033558,0.7119810810100771,49.53641333614727,-6572.744964263296
11.266334579332778,6.133381557033558,0.7119810810100771,49.53641333614727,-6572.744964263296
11.266334579332778,6.133381557033558,0.7119810810100771,49.53641333614727,-6572.744964263296
11.266334579332778,6.133381557033558,0.7119810810100771,49.53641333614727,-6572.744964263296
10.989231143176035,6.7128679454854385,0.659571252364008,49.73336422420147,-6572.453031356114
11.848320363003863,5.518187849831922,0.6579786160369879,50.670279013738195,-6572.735048921463
11.848320363003863,5.518187849831922,0.6579786160369879,50.670279013738195,-6572.735048921463
11.848320363003863,5.518187849831922,0.6579786160369879,50.670279013738195,-6572.735048921463
11.848320363003863,5.518187849831922,0.6579786160369879,50.670279013738195,-6572.735048921463
12.503557185661817,4.61279570102287,0.6932547903574688,49.76410193922929,-6574.618741319474
12.372233519026187,4.40357733774459,0.6915884128671234,49.77317011372795,-6574.737859515068
12.372233519026187,4.40357733774459,0.6915884128671234,49.77317011372795,-6574.737859515068
12.372233519026187,4.40357733774459,0.6915884128671234,49.77317011372795,-6574.737859515068
12.372233519026187,4.40357733774459,0.6915884128671234,49.77317011372795,-6574.737859515068
12.372233519026187,4.40357733774459,0.6915884128671234,49.77317011372795,-6574.737859515068
12.372233519026187,4.40357733774459,0.6915884128671234,49.77317011372795,-6574.737859515068
12.372233519026187,4.40357733774459,0.6915884128671234,49.77317011372795,-6574.737859515068
12.372233519026187,4.40357733774459,0.6915884128671234,49.77317011372795,-6574.737859515068
12.372233519026187,4.40357733774459,0.6915884128671234,49.77317011372795,-6574.737859515068
11.775170768874485,5.575619580473427,0.6898245668800066,49.74423714117821,-6573.09686820928
11.774945931253452,4.212042645162319,0.8499437149428885,50.01328113386555,-6573.1699203089975
11.774945931253452,4.212042645162319,0.8499437149428885,50.01328113386555,-6573.1699203089975
11.774945931253452,4.212042645162319,0.8499437149428885,50.01328113386555,-6573.1699203089975
11.725296607989938,5.539468398233938,0.8926965034231312,50.59224351907921,-6572.395088410592
10.473423402190091,5.1767434117144795,0.78759295940354,50.35513496507151,-6574.766927371306
10.574633679667572,5.3478533699512125,0.8196640721331425,51.080583474760246,-6573.88474861728
10.574633679667572,5.3478533699512125,0.8196640721331425,51.080583474760246,-6573.88474861728
10.871042890975222,5.7453731869169244,0.9025036316582521,51.00202113343417,-6571.913943320225
10.871042890975222,5.7453731869169244,0.9025036316582521,51.00202113343417,-6571.913943320225
10.871042890975222,5.7453731869169244,0.9025036316582521,51.00202113343417,-6571.913943320225
10.871042890975222,5.7453731869169244,0.9025036316582521,51.00202113343417,-6571.913943320225
10.871042890975222,5.7453731869169244,0.9025036316582521,51.00202113343417,-6571.913943320225
11.401232230709882,5.892903053688516,0.8931915413432286,51.15977552980587,-6572.5174183943855
11.401232230709882,5.892903053688516,0.8931915413432286,51.15977552980587,-6572.5174183943855
11.401232230709882,5.892903053688516,0.8931915413432286,51.15977552980587,-6572.5174183943855
11.401232230709882,5.892903053688516,0.8931915413432286,51.15977552980587,-6572.5174183943855
11.653511718287321,5.429597913126075,0.8292690091170498,51.22927758941886,-6572.645387779761
11.653511718287321,5.429597913126075,0.8292690091170498,51.22927758941886,-6572.645387779761
11.653511718287321,5.429597913126075,0.8292690091170498,51.22927758941886,-6572.645387779761
11.653511718287321,5.429597913126075,0.8292690091170498,51.22927758941886,-6572.645387779761
11.653511718287321,5.429597913126075,0.8292690091170498,51.22927758941886,-6572.645387779761
11.391118685854305,5.106555556181214,0.8409645593665908,51.41047612091832,-6573.238096353106
11.391118685854305,5.106555556181214,0.8409645593665908,51.41047612091832,-6573.238096353106
11.391118685854305,5.106555556181214,0.8409645593665908,51.41047612091832,-6573.238096353106
11.391118685854305,5.106555556181214,0.8409645593665908,51.41047612091832,-6573.238096353106
11.391118685854305,5.106555556181214,0.8409645593665908,51.41047612091832,-6573.238096353106
11.391118685854305,5.106555556181214,0.8409645593665908,51.41047612091832,-6573.238096353106
11.422371984219497,4.952418748297032,0.859415352880966,50.52988522726608,-6571.963731454625
11.422371984219497,4.952418748297032,0.859415352880966,50.52988522726608,-6571.963731454625
11.010677758504835,4.971283899322936,0.9434581414918846,51.10118304502717,-6572.961371755304
11.010677758504835,4.971283899322936,0.9434581414918846,51.10118304502717,-6572.961371755304
11.010677758504835,4.971283899322936,0.9434581414918846,51.10118304502717,-6572.961371755304
11.010677758504835,4.971283899322936,0.9434581414918846,51.10118304502717,-6572.961371755304
11.010677758504835,4.971283899322936,0.9434581414918846,51.10118304502717,-6572.961371755304
11.010677758504835,4.971283899322936,0.9434581414918846,51.10118304502717,-6572.961371755304
11.010677758504835,4.971283899322936,0.9434581414918846,51.10118304502717,-6572.961371755304
11.010677758504835,4.971283899322936,0.9434581414918846,51.10118304502717,-6572.961371755304
11.010677758504835,4.971283899322936,0.9434581414918846,51.10118304502717,-6572.961371755304
10.868288431319709,5.944691928364856,0.9016103472273249,50.602751098654416,-6571.2604944751965
10.286491856665917,6.563160524122364,1.0799832668328517,50.98626100203255,-6573.171785197326
10.286491856665917,6.563160524122364,1.0799832668328517,50.98626100203255,-6573.171785197326
10.286491856665917,6.563160524122364,1.0799832668328517,50.98626100203255,-6573.171785197326
10.286491856665917,6.563160524122364,1.0799832668328517,50.98626100203255,-6573.171785197326
10.286491856665917,6.563160524122364,1.0799832668328517,50.98626100203255,-6573.171785197326
10.364034449883956,6.870155889659713,0.9271511442745245,51.74114260823998,-6573.8726069723525
10.364034449883956,6.870155889659713,0.9271511442745245,51.74114260823998,-6573.8726069723525
11.179698516950271,5.068876314337037,0.8420983298491691,51.287737380557445,-6573.13750620699
11.179698516950271,5.068876314337037,0.8420983298491691,51.287737380557445,-6573.13750620699
11.18794062258036,5.591369990367079,0.9292069989240618,50.52080724594391,-6571.6916954766775
11.18794062258036,5.591369990367079,0.9292069989240618,50.52080724594391,-6571.6916954766775
11.18794062258036,5.591369990367079,0.9292069989240618,50.52080724594391,-6571.6916954766775
11.18794062258036,5.591369990367079,0.9292069989240618,50.52080724594391,-6571.6916954766775
11.051328669744654,4.108158053864462,1.1205760657439814,50.57440369560797,-6574.394755466306
11.500293725352517,4.1101118820960405,0.9954960877183735,50.94764548569568,-6573.685624261912
11.778672513283269,4.727613125728135,0.8985982245188086,51.64627941613061,-6574.577066504964
11.778672513283269,4.727613125728135,0.8985982245188086,51.64627941613061,-6574.577066504964
10.774506113106677,5.595350259442881,0.8378823456857174,51.7959116895471,-6574.834800498764
10.79883256530718,5.5030894102342724,0.9060370572445756,51.205151491265376,-6572.703873425227
10.79883256530718,5.5030894102342724,0.9060370572445756,51.205151491265376,-6572.703873425227
11.216551887356234,4.873139710677563,1.0350825634121668,50.84751079469979,-6573.200647707428
11.216551887356234,4.873139710677563,1.0350825634121668,50.84751079469979,-6573.200647707428
10.6636492036435,4.994925005532052,1.0870422294758757,51.475779906267775,-6575.209067234028
10.6636492036435,4.994925005532052,1.0870422294758757,51.475779906267775,-6575.209067234028
10.6636492036435,4.994925005532052,1.0870422294758757,51.475779906267775,-6575.209067234028
10.6636492036435,4.994925005532052,1.0870422294758757,51.475779906267775,-6575.209067234028
9.643843984802249,5.562485395365012,1.0997250980975346,51.475213330325346,-6577.438897599706
10.19699521070347,4.828178361232483,0.9347886327161086,51.618762979619746,-6577.855663034468
10.19699521070347,4.828178361232483,0.9347886327161086,51.618762979619746,-6577.855663034468
10.027738853385225,6.008962363267685,0.8708265755378327,50.95536758752117,-6573.6329269448015
10.027738853385225,6.008962363267685,0.8708265755378327,50.95536758752117,-6573.6329269448015
10.027738853385225,6.008962363267685,0.8708265755378327,50.95536758752117,-6573.6329269448015
10.619718580579782,7.625723752494022,0.9729477054314268,50.39838190292149,-6572.1593207195565
10.753760199509932,6.714614674019511,0.9795554956393885,50.066820969740675,-6571.878900353054
10.753760199509932,6.714614674019511,0.9795554956393885,50.066820969740675,-6571.878900353054
10.753760199509932,6.714614674019511,0.9795554956393885,50.066820969740675,-6571.878900353054
10.753760199509932,6.714614674019511,0.9795554956393885,50.066820969740675,-6571.878900353054
10.891889659172854,7.107817888491811,0.861946075336047,50.613746955992866,-6570.994200286965
10.891889659172854,7.107817888491811,0.861946075336047,50.613746955992866,-6570.994200286965
10.891889659172854,7.107817888491811,0.861946075336047,50.613746955992866,-6570.994200286965
10.891889659172854,7.107817888491811,0.861946075336047,50.613746955992866,-6570.994200286965
10.891889659172854,7.107817888491811,0.861946075336047,50.613746955992866,-6570.994200286965
10.891889659172854,7.107817888491811,0.861946075336047,50.613746955992866,-6570.994200286965
10.891889659172854,7.107817888491811,0.861946075336047,50.613746955992866,-6570.994200286965
10.891889659172854,7.107817888491811,0.861946075336047,50.613746955992866,-6570.994200286965
9.252593862100717,7.537545635483299,0.9469098457166267,50.12047169377051,-6572.749467451706
9.252593862100717,7.537545635483299,0.9469098457166267,50.12047169377051,-6572.749467451706
9.310205581341913,8.421023566925932,0.9418315107136205,49.98262723577105,-6571.638768613355
9.866513363712222,8.15432716734564,0.999695968567704,50.487371136645805,-6571.720574465251
9.866513363712222,8.15432716734564,0.999695968567704,50.487371136645805,-6571.720574465251
9.866513363712222,8.15432716734564,0.999695968567704,50.487371136645805,-6571.720574465251
9.866513363712222,8.15432716734564,0.999695968567704,50.487371136645805,-6571.720574465251
9.866513363712222,8.15432716734564,0.999695968567704,50.487371136645805,-6571.720574465251
9.866513363712222,8.15432716734564,0.999695968567704,50.487371136645805,-6571.720574465251
10.345707880381237,6.892703717363993,0.9703012010842147,49.57728585939878,-6572.131779431702
10.846610124207507,7.1357120651900585,0.7442464361130536,49.308885395304884,-6572.400935831132
11.334614234378757,9.157155565164034,0.6423417335289537,50.07251425665741,-6573.131629780629
11.618690201893692,8.883873446581825,0.6912171191264755,50.41267195286889,-6574.169366206294
12.063084409849314,8.496581968552883,0.5326153761470889,49.91549465266387,-6575.243469907789
12.60357871750238,8.018959294086505,0.577250871021391,49.74464585627881,-6577.488725562623
12.60357871750238,8.018959294086505,0.577250871021391,49.74464585627881,-6577.488725562623
12.60357871750238,8.018959294086505,0.577250871021391,49.74464585627881,-6577.488725562623
12.60357871750238,8.018959294086505,0.577250871021391,49.74464585627881,-6577.488725562623
11.838967520104013,10.310632500155446,0.4915252594969073,50.4955324267275,-6576.689413166166
11.138359651699467,9.053050163545333,0.6458436347303839,50.264071943552004,-6572.073965502413
11.138359651699467,9.053050163545333,0.6458436347303839,50.264071943552004,-6572.073965502413
10.792393594467978,9.537969337643037,0.7214861246455564,49.500033874279104,-6573.3255876406765
10.792393594467978,9.537969337643037,0.7214861246455564,49.500033874279104,-6573.3255876406765
10.792393594467978,9.537969337643037,0.7214861246455564,49.500033874279104,-6573.3255876406765
10.792393594467978,9.537969337643037,0.7214861246455564,49.500033874279104,-6573.3255876406765
10.792393594467978,9.537969337643037,0.7214861246455564,49.500033874279104,-6573.3255876406765
10.14272052653196,11.55892438819771,0.655956773503598,48.88572315193571,-6576.294388260015
9.673600108054307,10.39890812145706,0.6679129994283959,49.063399401338096,-6573.3912732926565
10.14877451931229,8.731916213060924,0.7576968505356287,49.26878222145237,-6572.02840941569
10.14877451931229,8.731916213060924,0.7576968505356287,49.26878222145237,-6572.02840941569
9.64483914246821,8.782321006242357,0.7180122392046757,49.34901828007742,-6572.5368364591095
9.64483914246821,8.782321006242357,0.7180122392046757,49.34901828007742,-6572.5368364591095
9.64483914246821,8.782321006242357,0.7180122392046757,49.34901828007742,-6572.5368364591095
9.64483914246821,8.782321006242357,0.7180122392046757,49.34901828007742,-6572.5368364591095
9.64483914246821,8.782321006242357,0.7180122392046757,49.34901828007742,-6572.5368364591095
9.64483914246821,8.782321006242357,0.7180122392046757,49.34901828007742,-6572.5368364591095
9.64483914246821,8.782321006242357,0.7180122392046757,49.34901828007742,-6572.5368364591095
9.64483914246821,8.782321006242357,0.7180122392046757,49.34901828007742,-6572.5368364591095
9.64483914246821,8.782321006242357,0.7180122392046757,49.34901828007742,-6572.5368364591095
9.531888114887707,7.4954851894260415,0.8262021247224803,49.67666546519048,-6572.912443366395
9.531888114887707,7.4954851894260415,0.8262021247224803,49.67666546519048,-6572.912443366395
9.531888114887707,7.4954851894260415,0.8262021247224803,49.67666546519048,-6572.912443366395
9.531888114887707,7.4954851894260415,0.8262021247224803,49.67666546519048,-6572.912443366395
9.68882600692779,8.290513423905425,0.8079608048720375,49.075288347036704,-6573.19971309686
9.68882600692779,8.290513423905425,0.8079608048720375,49.075288347036704,-6573.19971309686
9.68882600692779,8.290513423905425,0.8079608048720375,49.075288347036704,-6573.19971309686
9.68882600692779,8.290513423905425,0.8079608048720375,49.075288347036704,-6573.19971309686
9.68882600692779,8.290513423905425,0.8079608048720375,49.075288347036704,-6573.19971309686
9.68882600692779,8.290513423905425,0.8079608048720375,49.075288347036704,-6573.19971309686
9.054291008640678,9.400715450099442,0.8803395762936296,48.87434697920612,-6574.565759323723
9.054291008640678,9.400715450099442,0.8803395762936296,48.87434697920612,-6574.565759323723
9.054291008640678,9.400715450099442,0.8803395762936296,48.87434697920612,-6574.565759323723
9.054291008640678,9.400715450099442,0.8803395762936296,48.87434697920612,-6574.565759323723
9.054291008640678,9.400715450099442,0.8803395762936296,48.87434697920612,-6574.565759323723
9.857848065858478,6.9717703381696055,0.8801151224336136,49.15585085133039,-6573.849021974529
9.167452791224022,7.99898479808091,0.981954856870481,49.50659361255641,-6573.386028213672
9.167452791224022,7.99898479808091,0.981954856870481,49.50659361255641,-6573.386028213672
9.958147278187264,7.764164993215728,1.0118873920801599,49.297889811728645,-6573.224682281412
9.766783246792759,7.468041098144786,0.8515406203618958,49.47516452325659,-6572.403059824131
10.36802437064263,7.232895867294583,0.7707293063317241,50.6276619953262,-6570.669666774734
9.939974851391444,7.51613213026314,0.8483863329224668,50.359892385540334,-6570.7269825189505
9.939974851391444,7.51613213026314,0.8483863329224668,50.359892385540334,-6570.7269825189505
9.939974851391444,7.51613213026314,0.8483863329224668,50.359892385540334,-6570.7269825189505
9.939974851391444,7.51613213026314,0.8483863329224668,50.359892385540334,-6570.7269825189505
9.45439375378347,9.57341488603009,0.7562494098140634,50.263763431623815,-6570.5150612517555
9.45439375378347,9.57341488603009,0.7562494098140634,50.263763431623815,-6570.5150612517555
9.45439375378347,9.57341488603009,0.7562494098140634,50.263763431623815,-6570.5150612517555
9.45439375378347,9.57341488603009,0.7562494098140634,50.263763431623815,-6570.5150612517555
9.45439375378347,9.57341488603009,0.7562494098140634,50.263763431623815,-6570.5150612517555
9.45439375378347,9.57341488603009,0.7562494098140634,50.263763431623815,-6570.5150612517555
9.45439375378347,9.57341488603009,0.7562494098140634,50.263763431623815,-6570.5150612517555
9.45439375378347,9.57341488603009,0.7562494098140634,50.263763431623815,-6570.5150612517555
9.62775586383515,11.533541610732783,0.7885587724011086,50.2650033247739,-6572.76642176558
9.62775586383515,11.533541610732783,0.7885587724011086,50.2650033247739,-6572.76642176558
9.480347390902256,9.00909432597913,0.6793410426546223,50.59344569539896,-6571.7010017231805
9.480347390902256,9.00909432597913,0.6793410426546223,50.59344569539896,-6571.7010017231805
9.480347390902256,9.00909432597913,0.6793410426546223,50.59344569539896,-6571.7010017231805
9.480347390902256,9.00909432597913,0.6793410426546223,50.59344569539896,-6571.7010017231805
9.480347390902256,9.00909432597913,0.6793410426546223,50.59344569539896,-6571.7010017231805
9.480347390902256,9.00909432597913,0.6793410426546223,50.59344569539896,-6571.7010017231805
9.480347390902256,9.00909432597913,0.6793410426546223,50.59344569539896,-6571.7010017231805
9.480347390902256,9.00909432597913,0.6793410426546223,50.59344569539896,-6571.7010017231805
9.480347390902256,9.00909432597913,0.6793410426546223,50.59344569539896,-6571.7010017231805
9.480347390902256,9.00909432597913,0.6793410426546223,50.59344569539896,-6571.7010017231805
9.480347390902256,9.00909432597913,0.6793410426546223,50.59344569539896,-6571.7010017231805
10.130324815541263,8.123152689505163,0.6140508027871648,50.25092290364317,-6572.2359654663305
9.986064658445788,8.797235756109847,0.6804448384319393,50.64481400030189,-6570.64322058492
9.674610292174604,9.830329388496805,0.6705748954122663,50.52017999128003,-6570.630255745436
9.674610292174604,9.830329388496805,0.6705748954122663,50.52017999128003,-6570.630255745436
9.674610292174604,9.830329388496805,0.6705748954122663,50.52017999128003,-6570.630255745436
9.674610292174604,9.830329388496805,0.6705748954122663,50.52017999128003,-6570.630255745436
9.674610292174604,9.830329388496805,0.6705748954122663,50.52017999128003,-6570.630255745436
9.674610292174604,9.830329388496805,0.6705748954122663,50.52017999128003,-6570.630255745436
9.674610292174604,9.830329388496805,0.6705748954122663,50.52017999128003,-6570.630255745436
9.674610292174604,9.830329388496805,0.6705748954122663,50.52017999128003,-6570.630255745436
9.275922306094209,11.001494687499957,0.775921763921902,51.17501042531127,-6572.3115485951585
9.275922306094209,11.001494687499957,0.775921763921902,51.17501042531127,-6572.3115485951585
9.275922306094209,11.001494687499957,0.775921763921902,51.17501042531127,-6572.3115485951585
9.275922306094209,11.001494687499957,0.775921763921902,51.17501042531127,-6572.3115485951585
8.883955373245072,11.295787409036834,0.7710973240805927,50.482935770579275,-6571.522588836286
8.883955373245072,11.295787409036834,0.7710973240805927,50.482935770579275,-6571.522588836286
8.883955373245072,11.295787409036834,0.7710973240805927,50.482935770579275,-6571.522588836286
8.883955373245072,11.295787409036834,0.7710973240805927,50.482935770579275,-6571.522588836286
8.883955373245072,11.295787409036834,0.7710973240805927,50.482935770579275,-6571.522588836286
9.749440485063857,11.114283060293168,0.705787122334344,50.395848170598775,-6571.466250199897
9.749440485063857,11.114283060293168,0.705787122334344,50.395848170598775,-6571.466250199897
9.749440485063857,11.114283060293168,0.705787122334344,50.395848170598775,-6571.466250199897
9.749440485063857,11.114283060293168,0.705787122334344,50.395848170598775,-6571.466250199897
9.749440485063857,11.114283060293168,0.705787122334344,50.395848170598775,-6571.466250199897
9.749440485063857,11.114283060293168,0.705787122334344,50.395848170598775,-6571.466250199897
9.749440485063857,11.114283060293168,0.705787122334344,50.395848170598775,-6571.466250199897
9.39993920220126,11.429550149003722,0.6419675634284124,50.895715688790055,-6571.738598897851
9.39993920220126,11.429550149003722,0.6419675634284124,50.895715688790055,-6571.738598897851
9.39993920220126,11.429550149003722,0.6419675634284124,50.895715688790055,-6571.738598897851
9.39993920220126,11.429550149003722,0.6419675634284124,50.895715688790055,-6571.738598897851
9.39993920220126,11.429550149003722,0.6419675634284124,50.895715688790055,-6571.738598897851
9.39993920220126,11.429550149003722,0.6419675634284124,50.895715688790055,-6571.738598897851
10.084249148570258,9.08443837669438,0.6983579969035626,51.61742178695724,-6572.581793317744
10.084249148570258,9.08443837669438,0.6983579969035626,51.61742178695724,-6572.581793317744
10.826304140072265,9.616393375264968,0.7796254318436562,51.286183516600744,-6574.202044201459
10.826304140072265,9.616393375264968,0.7796254318436562,51.286183516600744,-6574.202044201459
10.826304140072265,9.616393375264968,0.7796254318436562,51.286183516600744,-6574.202044201459
11.21036818824638,7.99336253329834,0.5828718083886533,51.16529973733069,-6572.357312458566
11.21036818824638,7.99336253329834,0.5828718083886533,51.16529973733069,-6572.357312458566
11.21036818824638,7.99336253329834,0.5828718083886533,51.16529973733069,-6572.357312458566
10.890779189347253,8.61198131674165,0.612076994639829,50.79311577807697,-6571.267344471405
10.890779189347253,8.61198131674165,0.612076994639829,50.79311577807697,-6571.267344471405
10.890779189347253,8.61198131674165,0.612076994639829,50.79311577807697,-6571.267344471405
10.890779189347253,8.61198131674165,0.612076994639829,50.79311577807697,-6571.267344471405
11.168781471559043,8.714392713133059,0.6093489404650614,50.72687303748906,-6571.768583699726
11.168781471559043,8.714392713133059,0.6093489404650614,50.72687303748906,-6571.768583699726
11.168781471559043,8.714392713133059,0.6093489404650614,50.72687303748906,-6571.768583699726
10.700297075246814,7.242167658850608,0.6729240901038037,51.721990870896434,-6573.681613530573
10.673892336251145,8.63327922424326,0.784461815971919,52.263231012736675,-6576.0147261700085
10.673892336251145,8.63327922424326,0.784461815971919,52.263231012736675,-6576.0147261700085
10.673892336251145,8.63327922424326,0.784461815971919,52.263231012736675,-6576.0147261700085
10.673892336251145,8.63327922424326,0.784461815971919,52.263231012736675,-6576.0147261700085
10.673892336251145,8.63327922424326,0.784461815971919,52.263231012736675,-6576.0147261700085
10.541553293605569,8.328467628027436,0.7205865089658469,52.110793814491686,-6574.63519267769
10.541553293605569,8.328467628027436,0.7205865089658469,52.110793814491686,-6574.63519267769
11.347275416603527,7.818153820624476,0.5440058830692389,51.60761735271946,-6574.208294531658
11.347275416603527,7.818153820624476,0.5440058830692389,51.60761735271946,-6574.208294531658
11.347275416603527,7.818153820624476,0.5440058830692389,51.60761735271946,-6574.208294531658
11.347275416603527,7.818153820624476,0.5440058830692389,51.60761735271946,-6574.208294531658
11.347275416603527,7.818153820624476,0.5440058830692389,51.60761735271946,-6574.208294531658
11.347275416603527,7.818153820624476,0.5440058830692389,51.60761735271946,-6574.208294531658
11.347275416603527,7.818153820624476,0.5440058830692389,51.60761735271946,-6574.208294531658
11.347275416603527,7.818153820624476,0.5440058830692389,51.60761735271946,-6574.208294531658
12.18534427444462,5.775773714723959,0.668306129456767,51.223198334789885,-6573.442513171956
11.587822031607985,7.421599800717006,0.5885501933484546,51.58357584593156,-6573.787017922961
11.587822031607985,7.421599800717006,0.5885501933484546,51.58357584593156,-6573.787017922961
11.587822031607985,7.421599800717006,0.5885501933484546,51.58357584593156,-6573.787017922961
11.587822031607985,7.421599800717006,0.5885501933484546,51.58357584593156,-6573.787017922961
11.587822031607985,7.421599800717006,0.5885501933484546,51.58357584593156,-6573.787017922961
11.84688683991791,4.824806693309534,0.7250214219701784,51.18827133618006,-6573.521788663038
12.364053148609035,7.202267106321792,0.5908740686305952,50.96427559682695,-6574.357973216415
12.364053148609035,7.202267106321792,0.5908740686305952,50.96427559682695,-6574.357973216415
11.780116242541066,6.245505876822666,0.6311582459766218,51.392540248476365,-6573.443677254409
12.245690222677645,4.425987357733377,0.8401099366067247,50.53127583297922,-6573.119498818645
12.245690222677645,4.425987357733377,0.8401099366067247,50.53127583297922,-6573.119498818645
12.245690222677645,4.425987357733377,0.8401099366067247,50.53127583297922,-6573.119498818645
11.319168165672362,4.911616696269347,0.82637698484815,51.22905818583642,-6573.133143908985
11.319168165672362,4.911616696269347,0.82637698484815,51.22905818583642,-6573.133143908985
12.009118962722043,5.1827202638861225,0.7039641182899541,50.10585793972691,-6572.845940967479
12.009118962722043,5.1827202638861225,0.7039641182899541,50.10585793972691,-6572.845940967479
12.142655427623003,3.560184426888069,0.7803475685857587,49.86068957668215,-6575.01675433279
12.45839113750658,2.613913275564208,0.8873744524436475,50.4733324585435,-6575.387695201836
11.61894821133402,3.53866506315436,0.9396089325248224,50.46496692318586,-6573.977588221967
11.61894821133402,3.53866506315436,0.9396089325248224,50.46496692318586,-6573.977588221967
11.193383875522466,6.564049273102128,0.8644967782832244,50.0575648594013,-6571.456787735218
11.269721979989354,5.157682517279468,0.8868031874583487,49.64758510944588,-6572.659418880764
11.269721979989354,5.157682517279468,0.8868031874583487,49.64758510944588,-6572.659418880764
11.269721979989354,5.157682517279468,0.8868031874583487,49.64758510944588,-6572.659418880764
11.269721979989354,5.157682517279468,0.8868031874583487,49.64758510944588,-6572.659418880764
11.269721979989354,5.157682517279468,0.8868031874583487,49.64758510944588,-6572.659418880764
11.269721979989354,5.157682517279468,0.8868031874583487,49.64758510944588,-6572.659418880764
11.269721979989354,5.157682517279468,0.8868031874583487,49.64758510944588,-6572.659418880764
11.269721979989354,5.157682517279468,0.8868031874583487,49.64758510944588,-6572.659418880764
11.365308811109118,5.980141290096566,0.9610760070935018,49.654426333400764,-6573.231925780861
11.365308811109118,5.980141290096566,0.9610760070935018,49.654426333400764,-6573.231925780861
11.365308811109118,5.980141290096566,0.9610760070935018,49.654426333400764,-6573.231925780861
11.365308811109118,5.980141290096566,0.9610760070935018,49.654426333400764,-6573.231925780861
10.714456461470983,7.593014112031321,1.0623478808637674,49.91635058020002,-6574.344387988776
9.711387296822561,7.996547111404622,0.846036022411122,50.522559861966016,-6570.803921041594
9.711387296822561,7.996547111404622,0.846036022411122,50.522559861966016,-6570.803921041594
10.594144046593692,8.023163157351314,0.8755801153118784,50.747635623904564,-6571.346893846108
10.594144046593692,8.023163157351314,0.8755801153118784,50.747635623904564,-6571.346893846108
10.594144046593692,8.023163157351314,0.8755801153118784,50.747635623904564,-6571.346893846108
10.594144046593692,8.023163157351314,0.8755801153118784,50.747635623904564,-6571.346893846108
10.594144046593692,8.023163157351314,0.8755801153118784,50.747635623904564,-6571.346893846108
10.824202855464273,7.094161977153211,0.9146189537819746,50.255186237268695,-6571.3424792328515
10.824202855464273,7.094161977153211,0.9146189537819746,50.255186237268695,-6571.3424792328515
10.824202855464273,7.094161977153211,0.9146189537819746,50.255186237268695,-6571.3424792328515
9.642930418662852,7.7779792225090745,0.97843160979841,50.752601522087716,-6571.77648408293
9.31635916265232,8.437008124884862,0.895394045141665,50.63196410920156,-6571.486926766566
9.31635916265232,8.437008124884862,0.895394045141665,50.63196410920156,-6571.486926766566
9.31635916265232,8.437008124884862,0.895394045141665,50.63196410920156,-6571.486926766566
9.414579325880318,9.465266229578518,0.934528603242078,51.205745540308385,-6572.7103613509025
9.414579325880318,9.465266229578518,0.934528603242078,51.205745540308385,-6572.7103613509025
9.414579325880318,9.465266229578518,0.934528603242078,51.205745540308385,-6572.7103613509025
9.414579325880318,9.465266229578518,0.934528603242078,51.205745540308385,-6572.7103613509025
9.414579325880318,9.465266229578518,0.934528603242078,51.205745540308385,-6572.7103613509025
9.712520410534687,9.18187718603272,0.8749275162807209,50.652930256004204,-6570.934662215468
9.712520410534687,9.18187718603272,0.8749275162807209,50.652930256004204,-6570.934662215468
10.393328069293887,9.087359856090922,0.7797130132865903,50.654161925433144,-6570.917762687572
10.2271554484421,8.824433243779959,0.7403992566463545,50.72086955017879,-6570.356190851153
10.140343805510662,9.683194692882621,0.7624040311427953,49.99614512502725,-6571.0227046350465
10.140343805510662,9.683194692882621,0.7624040311427953,49.99614512502725,-6571.0227046350465
10.12502139037388,8.280007554822454,0.678538857271647,50.03156254587587,-6570.9869614365125
10.12502139037388,8.280007554822454,0.678538857271647,50.03156254587587,-6570.9869614365125
10.12502139037388,8.280007554822454,0.678538857271647,50.03156254587587,-6570.9869614365125
11.180887966858991,8.673644067587547,0.6126407705613925,50.16047695193001,-6571.859540939469
11.180887966858991,8.673644067587547,0.6126407705613925,50.16047695193001,-6571.859540939469
11.180887966858991,8.673644067587547,0.6126407705613925,50.16047695193001,-6571.859540939469
11.180887966858991,8.673644067587547,0.6126407705613925,50.16047695193001,-6571.859540939469
10.719015676300115,9.123367433266802,0.6551221209391623,49.78242718340155,-6571.636505852354
10.719015676300115,9.123367433266802,0.6551221209391623,49.78242718340155,-6571.636505852354
10.719015676300115,9.123367433266802,0.6551221209391623,49.78242718340155,-6571.636505852354
11.33986510276464,8.562709230533878,0.6576911680667396,49.61967024549905,-6573.175682611042
11.33986510276464,8.562709230533878,0.6576911680667396,49.61967024549905,-6573.175682611042
11.33986510276464,8.562709230533878,0.6576911680667396,49.61967024549905,-6573.175682611042
11.33986510276464,8.562709230533878,0.6576911680667396,49.61967024549905,-6573.175682611042
11.33986510276464,8.562709230533878,0.6576911680667396,49.61967024549905,-6573.175682611042
10.773194595952297,6.479000273014427,0.6597804170290819,50.005899143224426,-6572.808871805649
11.218693937994447,6.493893474025009,0.778273820940125,50.06844147490624,-6571.0840894370995
11.218693937994447,6.493893474025009,0.778273820940125,50.06844147490624,-6571.0840894370995
11.218693937994447,6.493893474025009,0.778273820940125,50.06844147490624,-6571.0840894370995
11.218693937994447,6.493893474025009,0.778273820940125,50.06844147490624,-6571.0840894370995
11.218693937994447,6.493893474025009,0.778273820940125,50.06844147490624,-6571.0840894370995
11.218693937994447,6.493893474025009,0.778273820940125,50.06844147490624,-6571.0840894370995
11.218693937994447,6.493893474025009,0.778273820940125,50.06844147490624,-6571.0840894370995
11.058941211066083,7.346861753977663,0.7286303898623707,49.07215773039035,-6573.466622100371
11.058941211066083,7.346861753977663,0.7286303898623707,49.07215773039035,-6573.466622100371
11.058941211066083,7.346861753977663,0.7286303898623707,49.07215773039035,-6573.466622100371
11.058941211066083,7.346861753977663,0.7286303898623707,49.07215773039035,-6573.466622100371
11.058941211066083,7.346861753977663,0.7286303898623707,49.07215773039035,-6573.466622100371
11.38598690189188,5.6177503670737226,0.8435280736656801,50.046006282039315,-6571.634767433839
11.38598690189188,5.6177503670737226,0.8435280736656801,50.046006282039315,-6571.634767433839
11.38598690189188,5.6177503670737226,0.8435280736656801,50.046006282039315,-6571.634767433839
11.38598690189188,5.6177503670737226,0.8435280736656801,50.046006282039315,-6571.634767433839
11.38598690189188,5.6177503670737226,0.8435280736656801,50.046006282039315,-6571.634767433839
10.997614793406553,5.3843661453965765,0.8606427094936366,49.58671936485952,-6572.709637019747
11.378320306599775,4.995601094837259,0.7684911796564325,50.30008199907346,-6572.477599841804
11.378320306599775,4.995601094837259,0.7684911796564325,50.30008199907346,-6572.477599841804
11.378320306599775,4.995601094837259,0.7684911796564325,50.30008199907346,-6572.477599841804
11.378320306599775,4.995601094837259,0.7684911796564325,50.30008199907346,-6572.477599841804
11.014518371877855,5.778059785350795,0.8705204385863956,50.429214891522456,-6571.214895279992
11.014518371877855,5.778059785350795,0.8705204385863956,50.429214891522456,-6571.214895279992
10.673936866032905,6.832449261666357,0.76850209470892,50.530666786139925,-6570.661923473233
10.673936866032905,6.832449261666357,0.76850209470892,50.530666786139925,-6570.661923473233
10.673936866032905,6.832449261666357,0.76850209470892,50.530666786139925,-6570.661923473233
10.673936866032905,6.832449261666357,0.76850209470892,50.530666786139925,-6570.661923473233
10.673936866032905,6.832449261666357,0.76850209470892,50.530666786139925,-6570.661923473233
10.673936866032905,6.832449261666357,0.76850209470892,50.530666786139925,-6570.661923473233
10.673936866032905,6.832449261666357,0.76850209470892,50.530666786139925,-6570.661923473233
11.118029557564803,6.249111551575617,0.7364146267579069,51.52456271059682,-6572.9273157834195
11.118029557564803,6.249111551575617,0.7364146267579069,51.52456271059682,-6572.9273157834195
10.520517994824116,5.943216861339986,0.8997672502495812,51.80743233642071,-6574.708083138541
11.042281978242004,4.959574323575644,1.0102891365103623,51.45054220936218,-6574.242371337483
11.042281978242004,4.959574323575644,1.0102891365103623,51.45054220936218,-6574.242371337483
11.042281978242004,4.959574323575644,1.0102891365103623,51.45054220936218,-6574.242371337483
11.036562334469911,6.556918133906454,0.9546494532782376,51.33486721110696,-6573.246215754694
11.036562334469911,6.556918133906454,0.9546494532782376,51.33486721110696,-6573.246215754694
10.369079671841222,5.450574676107228,0.8904841001572498,51.22514564383984,-6574.074072067563
10.369079671841222,5.450574676107228,0.8904841001572498,51.22514564383984,-6574.074072067563
11.176548670806252,5.519396861550725,0.854699653255264,50.95692629423377,-6571.8421441324535
11.176548670806252,5.519396861550725,0.854699653255264,50.95692629423377,-6571.8421441324535
11.176548670806252,5.519396861550725,0.854699653255264,50.95692629423377,-6571.8421441324535
10.282989772838611,7.72471184227072,0.8087248602026526,50.506628661439315,-6570.265197493234
10.282989772838611,7.72471184227072,0.8087248602026526,50.506628661439315,-6570.265197493234
10.282989772838611,7.72471184227072,0.8087248602026526,50.506628661439315,-6570.265197493234
9.959526073217356,8.963297452218708,0.8337422789182928,50.76933392571543,-6570.737667174495
10.446834140217838,9.701499916998536,0.7388443266993523,50.21833871849244,-6571.433632640561
10.04073889033518,8.340678276592328,0.6144812453251898,50.35692392775392,-6572.08050919814
9.570670258466846,8.211297991505221,0.738143031580609,50.42838582958099,-6571.675573770855
9.570670258466846,8.211297991505221,0.738143031580609,50.42838582958099,-6571.675573770855
9.766854696921085,8.235467781528135,0.8075642330306788,49.749252211731545,-6571.078652950923
9.766854696921085,8.235467781528135,0.8075642330306788,49.749252211731545,-6571.078652950923
10.266022164837903,8.209154197588198,0.7840745905623686,50.33679702633516,-6570.150330636696
10.266022164837903,8.209154197588198,0.7840745905623686,50.33679702633516,-6570.150330636696
10.266022164837903,8.209154197588198,0.7840745905623686,50.33679702633516,-6570.150330636696
10.266022164837903,8.209154197588198,0.7840745905623686,50.33679702633516,-6570.150330636696
10.266022164837903,8.209154197588198,0.7840745905623686,50.33679702633516,-6570.150330636696
10.595395368434867,7.224407511935551,0.8516440204840799,50.06811940242444,-6570.642138366245
10.595395368434867,7.224407511935551,0.8516440204840799,50.06811940242444,-6570.642138366245
10.595395368434867,7.224407511935551,0.8516440204840799,50.06811940242444,-6570.642138366245
10.595395368434867,7.224407511935551,0.8516440204840799,50.06811940242444,-6570.642138366245
10.595395368434867,7.224407511935551,0.8516440204840799,50.06811940242444,-6570.642138366245
9.887767393929524,7.040365284627727,0.8692031564874483,49.73317904047622,-6572.003263445829
9.887767393929524,7.040365284627727,0.8692031564874483,49.73317904047622,-6572.003263445829
9.887767393929524,7.040365284627727,0.8692031564874483,49.73317904047622,-6572.003263445829
11.101746202074764,7.515654927841728,0.7804140544281115,50.71565854932538,-6571.120995171332
11.101746202074764,7.515654927841728,0.7804140544281115,50.71565854932538,-6571.120995171332
11.101746202074764,7.515654927841728,0.7804140544281115,50.71565854932538,-6571.120995171332
11.101746202074764,7.515654927841728,0.7804140544281115,50.71565854932538,-6571.120995171332
11.101746202074764,7.515654927841728,0.7804140544281115,50.71565854932538,-6571.120995171332
11.101746202074764,7.515654927841728,0.7804140544281115,50.71565854932538,-6571.120995171332
11.101746202074764,7.515654927841728,0.7804140544281115,50.71565854932538,-6571.120995171332
11.101746202074764,7.515654927841728,0.7804140544281115,50.71565854932538,-6571.120995171332
11.101746202074764,7.515654927841728,0.7804140544281115,50.71565854932538,-6571.120995171332
10.554766037693845,7.893516653946832,0.8090497252782959,50.299067502069086,-6570.392015580646
11.021573306794881,6.603777839361101,0.7324798809245716,50.27705446100908,-6570.91191145858
11.021573306794881,6.603777839361101,0.7324798809245716,50.27705446100908,-6570.91191145858
11.41922314981553,6.528045591484991,0.7027772723258996,50.09354062841605,-6571.4566533488505
11.41922314981553,6.528045591484991,0.7027772723258996,50.09354062841605,-6571.4566533488505
11.41922314981553,6.528045591484991,0.7027772723258996,50.09354062841605,-6571.4566533488505
12.297339873768806,5.808788066368896,0.647450324550766,50.16604408176385,-6573.338529965412
11.988285856490275,6.151516503479291,0.6704291280558504,50.01423983161326,-6572.696034931392
11.988285856490275,6.151516503479291,0.6704291280558504,50.01423983161326,-6572.696034931392
11.988285856490275,6.151516503479291,0.6704291280558504,50.01423983161326,-6572.696034931392
11.613622316906483,7.4713731501644745,0.6679162928694712,49.3079718216744,-6573.919572985435
10.67162732461867,6.95046709182648,0.6721205267265996,49.84778303253317,-6572.12819043182
10.67162732461867,6.95046709182648,0.6721205267265996,49.84778303253317,-6572.12819043182
10.67162732461867,6.95046709182648,0.6721205267265996,49.84778303253317,-6572.12819043182
11.339423143790691,6.06302225081593,0.7558624115930958,50.19083741458947,-6571.286539773169
11.339423143790691,6.06302225081593,0.7558624115930958,50.19083741458947,-6571.286539773169
11.398941510290294,6.747444510678843,0.6648088468839971,50.005266215212025,-6571.744470063071
11.398941510290294,6.747444510678843,0.6648088468839971,50.005266215212025,-6571.744470063071
11.398941510290294,6.747444510678843,0.6648088468839971,50.005266215212025,-6571.744470063071
11.398941510290294,6.747444510678843,0.6648088468839971,50.005266215212025,-6571.744470063071
11.398941510290294,6.747444510678843,0.6648088468839971,50.005266215212025,-6571.744470063071
11.398941510290294,6.747444510678843,0.6648088468839971,50.005266215212025,-6571.744470063071
11.46670985528538,6.8438826659755625,0.7534309367083347,50.61546385277091,-6571.350465641136
11.46670985528538,6.8438826659755625,0.7534309367083347,50.61546385277091,-6571.350465641136
11.46670985528538,6.8438826659755625,0.7534309367083347,50.61546385277091,-6571.350465641136
11.46670985528538,6.8438826659755625,0.7534309367083347,50.61546385277091,-6571.350465641136
11.46670985528538,6.8438826659755625,0.7534309367083347,50.61546385277091,-6571.350465641136
10.178189665954218,7.23292859511191,0.7901022261155101,50.261037360134104,-6570.813113210403
10.178189665954218,7.23292859511191,0.7901022261155101,50.261037360134104,-6570.813113210403
10.178189665954218,7.23292859511191,0.7901022261155101,50.261037360134104,-6570.813113210403
10.178189665954218,7.23292859511191,0.7901022261155101,50.261037360134104,-6570.813113210403
10.178189665954218,7.23292859511191,0.7901022261155101,50.261037360134104,-6570.813113210403
10.178189665954218,7.23292859511191,0.7901022261155101,50.261037360134104,-6570.813113210403
10.178189665954218,7.23292859511191,0.7901022261155101,50.261037360134104,-6570.813113210403
10.315437209642004,6.9126109626114935,0.7741578048283091,50.59078722626106,-6571.129408426405
10.315437209642004,6.9126109626114935,0.7741578048283091,50.59078722626106,-6571.129408426405
10.315437209642004,6.9126109626114935,0.7741578048283091,50.59078722626106,-6571.129408426405
10.315437209642004,6.9126109626114935,0.7741578048283091,50.59078722626106,-6571.129408426405
10.315437209642004,6.9126109626114935,0.7741578048283091,50.59078722626106,-6571.129408426405
10.315437209642004,6.9126109626114935,0.7741578048283091,50.59078722626106,-6571.129408426405
10.308826516475511,7.2357416697617944,0.8536481619439648,50.07851139824288,-6570.606512459051
9.916380538275444,8.181464818825829,0.8289596311807531,50.3401962713869,-6570.3290125286585
9.916380538275444,8.181464818825829,0.8289596311807531,50.3401962713869,-6570.3290125286585
9.916380538275444,8.181464818825829,0.8289596311807531,50.3401962713869,-6570.3290125286585
9.916380538275444,8.181464818825829,0.8289596311807531,50.3401962713869,-6570.3290125286585
9.916380538275444,8.181464818825829,0.8289596311807531,50.3401962713869,-6570.3290125286585
10.47057791150439,8.34939534188962,0.7490089570526488,50.30059076084344,-6570.251084557354
10.47057791150439,8.34939534188962,0.7490089570526488,50.30059076084344,-6570.251084557354
10.47057791150439,8.34939534188962,0.7490089570526488,50.30059076084344,-6570.251084557354
10.47057791150439,8.34939534188962,0.7490089570526488,50.30059076084344,-6570.251084557354
10.47057791150439,8.34939534188962,0.7490089570526488,50.30059076084344,-6570.251084557354
10.47057791150439,8.34939534188962,0.7490089570526488,50.30059076084344,-6570.251084557354
10.328711136889966,7.92576027513809,0.709129542737837,50.292850221027614,-6570.476796452396
10.328711136889966,7.92576027513809,0.709129542737837,50.292850221027614,-6570.476796452396
10.328711136889966,7.92576027513809,0.709129542737837,50.292850221027614,-6570.476796452396
10.328711136889966,7.92576027513809,0.709129542737837,50.292850221027614,-6570.476796452396
10.328711136889966,7.92576027513809,0.709129542737837,50.292850221027614,-6570.476796452396
11.083895375719285,7.9073871573523,0.6420344305122893,50.24886822979878,-6571.114361659162
11.13991628771125,6.848664277146012,0.6432494968185498,49.672700809521615,-6572.5726165002125
11.13991628771125,6.848664277146012,0.6432494968185498,49.672700809521615,-6572.5726165002125
11.044034588414053,6.664770374434052,0.7392316152859473,50.015577442993354,-6571.063222305622
10.809803403871971,6.100575264181963,0.7559197812149931,50.245926674445,-6571.572431813363
10.836534126565937,6.428727070394594,0.8736767152285275,50.381531806528706,-6570.84644371767
10.836534126565937,6.428727070394594,0.8736767152285275,50.381531806528706,-6570.84644371767
10.836534126565937,6.428727070394594,0.8736767152285275,50.381531806528706,-6570.84644371767
10.146478371444479,7.557315198949176,0.8133338374380491,50.97060645106363,-6571.004964005993
10.146478371444479,7.557315198949176,0.8133338374380491,50.97060645106363,-6571.004964005993
10.146478371444479,7.557315198949176,0.8133338374380491,50.97060645106363,-6571.004964005993
9.927271261715719,7.556105153388341,0.8265338961281097,50.28347283162489,-6570.770657263072
9.703900886756836,8.966599512336828,0.8971720901903711,50.246375265339836,-6570.849536842588
9.703900886756836,8.966599512336828,0.8971720901903711,50.246375265339836,-6570.849536842588
9.703900886756836,8.966599512336828,0.8971720901903711,50.246375265339836,-6570.849536842588
9.961681908070489,10.630353796822718,0.7839326509016963,50.38116497524059,-6571.980570468648
9.961681908070489,10.630353796822718,0.7839326509016963,50.38116497524059,-6571.980570468648
10.071934565084648,8.222430985594821,0.7438387184481778,50.61695525517474,-6570.399222666719
10.071934565084648,8.222430985594821,0.7438387184481778,50.61695525517474,-6570.399222666719
10.071934565084648,8.222430985594821,0.7438387184481778,50.61695525517474,-6570.399222666719
10.071934565084648,8.222430985594821,0.7438387184481778,50.61695525517474,-6570.399222666719
9.882371358491627,9.419734651443473,0.6575581707094762,50.1136995685152,-6570.716463682859
9.882371358491627,9.419734651443473,0.6575581707094762,50.1136995685152,-6570.716463682859
9.882371358491627,9.419734651443473,0.6575581707094762,50.1136995685152,-6570.716463682859
9.823959909716285,10.037174147794596,0.6783493155246346,50.713192204983535,-6570.674735836329
9.952075906174276,8.981502048306131,0.6478868509916799,50.426193241635595,-6570.851144036372
9.414090210213034,8.729149174948798,0.8432787814900458,50.65646604863413,-6571.018016003611
9.414090210213034,8.729149174948798,0.8432787814900458,50.65646604863413,-6571.018016003611
9.414090210213034,8.729149174948798,0.8432787814900458,50.65646604863413,-6571.018016003611
9.414090210213034,8.729149174948798,0.8432787814900458,50.65646604863413,-6571.018016003611
9.414090210213034,8.729149174948798,0.8432787814900458,50.65646604863413,-6571.018016003611
9.414090210213034,8.729149174948798,0.8432787814900458,50.65646604863413,-6571.018016003611
9.742861630219451,8.685964527598047,0.7263523493053932,50.72945205786426,-6570.853633201577
9.742861630219451,8.685964527598047,0.7263523493053932,50.72945205786426,-6570.853633201577
9.742861630219451,8.685964527598047,0.7263523493053932,50.72945205786426,-6570.853633201577
9.742861630219451,8.685964527598047,0.7263523493053932,50.72945205786426,-6570.853633201577
9.742861630219451,8.685964527598047,0.7263523493053932,50.72945205786426,-6570.853633201577
9.742861630219451,8.685964527598047,0.7263523493053932,50.72945205786426,-6570.853633201577
10.454871489541882,8.868751211217512,0.8239218820016543,50.839624226895566,-6571.460370212919
10.454871489541882,8.868751211217512,0.8239218820016543,50.839624226895566,-6571.460370212919
10.454871489541882,8.868751211217512,0.8239218820016543,50.839624226895566,-6571.460370212919
9.750133248497534,7.819856488408705,1.000911723772085,50.54216366645982,-6571.654541871694
10.265943194615026,8.503892837009342,0.9061914198577624,50.549520764010914,-6571.358209266071
10.265943194615026,8.503892837009342,0.9061914198577624,50.549520764010914,-6571.358209266071
10.265943194615026,8.503892837009342,0.9061914198577624,50.549520764010914,-6571.358209266071
10.877428042891244,6.641735789086164,0.6725175469589707,50.570939169250344,-6571.686478245945
11.381895126265585,7.483567901609247,0.5860340154183519,50.61438924397163,-6571.970754422442
11.381895126265585,7.483567901609247,0.5860340154183519,50.61438924397163,-6571.970754422442
10.9325234014203,7.515400235670725,0.5959234859721462,50.8313428033127,-6571.995879393606
10.933269471242014,6.638245877607137,0.5703187371560074,50.90944664981099,-6574.475873079482
10.933269471242014,6.638245877607137,0.5703187371560074,50.90944664981099,-6574.475873079482
10.933269471242014,6.638245877607137,0.5703187371560074,50.90944664981099,-6574.475873079482
10.933269471242014,6.638245877607137,0.5703187371560074,50.90944664981099,-6574.475873079482
10.933269471242014,6.638245877607137,0.5703187371560074,50.90944664981099,-6574.475873079482
10.456140910635389,7.6292674898692665,0.524203398099375,50.37356118988678,-6575.201532524123
10.456140910635389,7.6292674898692665,0.524203398099375,50.37356118988678,-6575.201532524123
10.456140910635389,7.6292674898692665,0.524203398099375,50.37356118988678,-6575.201532524123
9.93333316292921,8.62770785603118,0.5222026034935863,50.42428193293582,-6574.983169703066
10.009546739623328,10.219864023820813,0.6970105210758232,51.282693714664084,-6571.97429929718
10.009546739623328,10.219864023820813,0.6970105210758232,51.282693714664084,-6571.97429929718
9.846435242502483,7.669228976369245,0.799162953283762,51.060079884725184,-6571.776798143467
10.464983398161868,7.2923881151088095,0.9759579456494656,50.401415031368735,-6571.55812331499
9.884822447068274,7.288641606114743,1.0683902330911916,50.69857417020497,-6572.552585353798
9.884822447068274,7.288641606114743,1.0683902330911916,50.69857417020497,-6572.552585353798
9.884822447068274,7.288641606114743,1.0683902330911916,50.69857417020497,-6572.552585353798
9.513041821712084,7.452310535935351,0.9354427223935323,50.72420424522957,-6572.127900518263
9.513041821712084,7.452310535935351,0.9354427223935323,50.72420424522957,-6572.127900518263
9.097040079851336,8.572358138223084,1.0086239646453683,50.65135407386634,-6572.537251072337
10.149906454289496,5.80744588995474,1.022274503077113,51.061376755127874,-6573.481336049069
10.149906454289496,5.80744588995474,1.022274503077113,51.061376755127874,-6573.481336049069
10.149906454289496,5.80744588995474,1.022274503077113,51.061376755127874,-6573.481336049069
10.149906454289496,5.80744588995474,1.022274503077113,51.061376755127874,-6573.481336049069
10.149906454289496,5.80744588995474,1.022274503077113,51.061376755127874,-6573.481336049069
10.149906454289496,5.80744588995474,1.022274503077113,51.061376755127874,-6573.481336049069
10.149906454289496,5.80744588995474,1.022274503077113,51.061376755127874,-6573.481336049069
10.149906454289496,5.80744588995474,1.022274503077113,51.061376755127874,-6573.481336049069
10.653031521202596,6.8373116286271856,1.1588715785547703,50.484510042586486,-6574.8399201815655
10.77043259024258,7.74731250166939,1.019487069270824,50.524041226788434,-6573.7487868781445
10.77043259024258,7.74731250166939,1.019487069270824,50.524041226788434,-6573.7487868781445
10.060281289490637,5.603493408842174,0.9744166776329184,49.92956774053108,-6573.589658320575
10.060281289490637,5.603493408842174,0.9744166776329184,49.92956774053108,-6573.589658320575
10.84601519326993,5.50019961348584,1.0998061713101444,50.141780956128976,-6573.256986115408
10.84601519326993,5.50019961348584,1.0998061713101444,50.141780956128976,-6573.256986115408
9.948050708391888,6.9372733823381685,1.0858062864104518,50.647706750126545,-6572.717771800533
10.017025083329544,7.992751935752029,1.093275162532802,50.510139433859706,-6573.321953817609
10.017025083329544,7.992751935752029,1.093275162532802,50.510139433859706,-6573.321953817609
10.017025083329544,7.992751935752029,1.093275162532802,50.510139433859706,-6573.321953817609
10.017025083329544,7.992751935752029,1.093275162532802,50.510139433859706,-6573.321953817609
10.017025083329544,7.992751935752029,1.093275162532802,50.510139433859706,-6573.321953817609
10.017025083329544,7.992751935752029,1.093275162532802,50.510139433859706,-6573.321953817609
10.017025083329544,7.992751935752029,1.093275162532802,50.510139433859706,-6573.321953817609
10.017025083329544,7.992751935752029,1.093275162532802,50.510139433859706,-6573.321953817609
10.017025083329544,7.992751935752029,1.093275162532802,50.510139433859706,-6573.321953817609
10.017025083329544,7.992751935752029,1.093275162532802,50.510139433859706,-6573.321953817609
9.787593863504334,7.190153845735222,1.051925354283236,51.1943123479045,-6573.416548506912
9.787593863504334,7.190153845735222,1.051925354283236,51.1943123479045,-6573.416548506912
9.864484526034815,7.502971551618692,1.0304350578376087,51.4146594129493,-6573.733546091329
9.864484526034815,7.502971551618692,1.0304350578376087,51.4146594129493,-6573.733546091329
9.864484526034815,7.502971551618692,1.0304350578376087,51.4146594129493,-6573.733546091329
9.864484526034815,7.502971551618692,1.0304350578376087,51.4146594129493,-6573.733546091329
9.864484526034815,7.502971551618692,1.0304350578376087,51.4146594129493,-6573.733546091329
9.864484526034815,7.502971551618692,1.0304350578376087,51.4146594129493,-6573.733546091329
9.864484526034815,7.502971551618692,1.0304350578376087,51.4146594129493,-6573.733546091329
10.36163707941268,7.218447343148102,0.8472142605151036,50.7621985052975,-6570.691435567685
10.256650438440452,8.364945436945064,0.7962573211562621,50.42328407837755,-6570.207218297188
10.256650438440452,8.364945436945064,0.7962573211562621,50.42328407837755,-6570.207218297188
10.256650438440452,8.364945436945064,0.7962573211562621,50.42328407837755,-6570.207218297188
10.256650438440452,8.364945436945064,0.7962573211562621,50.42328407837755,-6570.207218297188
10.256650438440452,8.364945436945064,0.7962573211562621,50.42328407837755,-6570.207218297188
10.256650438440452,8.364945436945064,0.7962573211562621,50.42328407837755,-6570.207218297188
10.256650438440452,8.364945436945064,0.7962573211562621,50.42328407837755,-6570.207218297188
10.256650438440452,8.364945436945064,0.7962573211562621,50.42328407837755,-6570.207218297188
10.256650438440452,8.364945436945064,0.7962573211562621,50.42328407837755,-6570.207218297188
9.600924487035437,10.342605392612269,0.724512035816869,50.92434887855285,-6571.091211727415
9.600924487035437,10.342605392612269,0.724512035816869,50.92434887855285,-6571.091211727415
9.600924487035437,10.342605392612269,0.724512035816869,50.92434887855285,-6571.091211727415
9.600924487035437,10.342605392612269,0.724512035816869,50.92434887855285,-6571.091211727415
10.27523355666834,10.787768409788868,0.6734554488759013,49.89492302211135,-6572.4519968326
10.27523355666834,10.787768409788868,0.6734554488759013,49.89492302211135,-6572.4519968326
10.948549602311338,9.299239965632927,0.7520073679869633,50.040834176037066,-6572.864986818362
10.09350313802726,8.552203876635163,0.7097688151494799,50.96777072559762,-6570.836904848353
10.09350313802726,8.552203876635163,0.7097688151494799,50.96777072559762,-6570.836904848353
10.09350313802726,8.552203876635163,0.7097688151494799,50.96777072559762,-6570.836904848353
10.192936812509876,7.4185087186116405,0.7717170974269427,51.643421377823785,-6573.220493433559
9.61890564983473,7.65346553159407,0.8360975741004932,51.946522061073146,-6575.738219113876
9.61890564983473,7.65346553159407,0.8360975741004932,51.946522061073146,-6575.738219113876
9.293961432301417,10.631455584295647,0.6792744522798256,51.86053126787344,-6574.562787679871
9.9997420156947,11.302149553466899,0.861493860239996,51.090130736117004,-6575.684197446179
9.9997420156947,11.302149553466899,0.861493860239996,51.090130736117004,-6575.684197446179
9.9997420156947,11.302149553466899,0.861493860239996,51.090130736117004,-6575.684197446179
9.719763932045273,10.44002355503363,0.7537500535120757,50.96656035616648,-6571.455151528244
9.674352204075113,9.748127358636099,0.7592719871500664,50.85454797818427,-6570.76706726708
9.766737805449232,8.794312350218426,0.8776593771119405,50.21806800746737,-6570.632689763263
9.766737805449232,8.794312350218426,0.8776593771119405,50.21806800746737,-6570.632689763263
10.515560181707658,8.056463293190713,0.8140392536381003,50.29420887332008,-6570.447218317506
10.515560181707658,8.056463293190713,0.8140392536381003,50.29420887332008,-6570.447218317506
10.515560181707658,8.056463293190713,0.8140392536381003,50.29420887332008,-6570.447218317506
10.515560181707658,8.056463293190713,0.8140392536381003,50.29420887332008,-6570.447218317506
10.515560181707658,8.056463293190713,0.8140392536381003,50.29420887332008,-6570.447218317506
10.515560181707658,8.056463293190713,0.8140392536381003,50.29420887332008,-6570.447218317506
10.515560181707658,8.056463293190713,0.8140392536381003,50.29420887332008,-6570.447218317506
10.515560181707658,8.056463293190713,0.8140392536381003,50.29420887332008,-6570.447218317506
10.515560181707658,8.056463293190713,0.8140392536381003,50.29420887332008,-6570.447218317506
10.310672429352877,6.4113488969031325,1.0948126070421182,49.86860039167451,-6573.011299958214
10.310672429352877,6.4113488969031325,1.0948126070421182,49.86860039167451,-6573.011299958214
10.310672429352877,6.4113488969031325,1.0948126070421182,49.86860039167451,-6573.011299958214
10.310672429352877,6.4113488969031325,1.0948126070421182,49.86860039167451,-6573.011299958214
11.26036606889258,6.743357852137718,1.00384240904779,50.12586896403405,-6573.773890400211
11.26036606889258,6.743357852137718,1.00384240904779,50.12586896403405,-6573.773890400211
11.26036606889258,6.743357852137718,1.00384240904779,50.12586896403405,-6573.773890400211
10.767499918354126,5.9182465550344965,0.9575369931972025,50.25666289167527,-6571.524645260124
10.686198098449454,5.179503439152205,0.9732233517462147,50.41048640727889,-6572.377979621011
10.686198098449454,5.179503439152205,0.9732233517462147,50.41048640727889,-6572.377979621011
10.686198098449454,5.179503439152205,0.9732233517462147,50.41048640727889,-6572.377979621011
10.686198098449454,5.179503439152205,0.9732233517462147,50.41048640727889,-6572.377979621011
10.686198098449454,5.179503439152205,0.9732233517462147,50.41048640727889,-6572.377979621011
10.686198098449454,5.179503439152205,0.9732233517462147,50.41048640727889,-6572.377979621011
10.686198098449454,5.179503439152205,0.9732233517462147,50.41048640727889,-6572.377979621011
10.922959251416046,5.737029819373869,0.9706864094536618,50.52683068444923,-6571.774654936063
10.922959251416046,5.737029819373869,0.9706864094536618,50.52683068444923,-6571.774654936063
10.697540243139747,6.660714251787928,0.8738076332425173,50.19301258474008,-6570.777575450944
10.697540243139747,6.660714251787928,0.8738076332425173,50.19301258474008,-6570.777575450944
10.697540243139747,6.660714251787928,0.8738076332425173,50.19301258474008,-6570.777575450944
10.648607698571725,7.322908437156487,0.95226189560049,50.24310822177576,-6571.621280939705
10.44778411098834,8.229900322697699,0.8214950156497153,51.393268037389866,-6572.02858558552
10.44778411098834,8.229900322697699,0.8214950156497153,51.393268037389866,-6572.02858558552
10.44778411098834,8.229900322697699,0.8214950156497153,51.393268037389866,-6572.02858558552
10.44778411098834,8.229900322697699,0.8214950156497153,51.393268037389866,-6572.02858558552
10.44778411098834,8.229900322697699,0.8214950156497153,51.393268037389866,-6572.02858558552
10.44778411098834,8.229900322697699,0.8214950156497153,51.393268037389866,-6572.02858558552
10.44778411098834,8.229900322697699,0.8214950156497153,51.393268037389866,-6572.02858558552
10.406079415041171,8.234257339528655,0.7690573415141136,51.60185064627017,-6572.420095978444
10.406079415041171,8.234257339528655,0.7690573415141136,51.60185064627017,-6572.420095978444
10.406079415041171,8.234257339528655,0.7690573415141136,51.60185064627017,-6572.420095978444
10.20243642306854,7.4563101699356835,0.8265808816016614,51.9546914877659,-6574.379532314479
10.20243642306854,7.4563101699356835,0.8265808816016614,51.9546914877659,-6574.379532314479
10.20243642306854,7.4563101699356835,0.8265808816016614,51.9546914877659,-6574.379532314479
9.902874470247541,6.206993595916409,0.8268045696979784,50.92425459686976,-6574.200751508313
10.16068120329741,5.6741485829945315,0.8402013187032229,51.03872445609752,-6574.494515681896
10.16068120329741,5.6741485829945315,0.8402013187032229,51.03872445609752,-6574.494515681896
9.61962582988359,8.26760751078087,0.7785927001062204,50.22641530732399,-6570.998383064081
9.61962582988359,8.26760751078087,0.7785927001062204,50.22641530732399,-6570.998383064081
9.61962582988359,8.26760751078087,0.7785927001062204,50.22641530732399,-6570.998383064081
10.08478993032981,8.137073815971366,0.9455975113257129,50.23206724702441,-6571.188649635969
10.08478993032981,8.137073815971366,0.9455975113257129,50.23206724702441,-6571.188649635969
10.08478993032981,8.137073815971366,0.9455975113257129,50.23206724702441,-6571.188649635969
10.08478993032981,8.137073815971366,0.9455975113257129,50.23206724702441,-6571.188649635969
10.08478993032981,8.137073815971366,0.9455975113257129,50.23206724702441,-6571.188649635969
10.08478993032981,8.137073815971366,0.9455975113257129,50.23206724702441,-6571.188649635969
10.08478993032981,8.137073815971366,0.9455975113257129,50.23206724702441,-6571.188649635969
10.818136849203384,6.657856322065907,0.8667519658744004,49.1437809052831,-6573.079335813412
10.818136849203384,6.657856322065907,0.8667519658744004,49.1437809052831,-6573.079335813412
10.818136849203384,6.657856322065907,0.8667519658744004,49.1437809052831,-6573.079335813412
10.818136849203384,6.657856322065907,0.8667519658744004,49.1437809052831,-6573.079335813412
10.818136849203384,6.657856322065907,0.8667519658744004,49.1437809052831,-6573.079335813412
10.818136849203384,6.657856322065907,0.8667519658744004,49.1437809052831,-6573.079335813412
10.818136849203384,6.657856322065907,0.8667519658744004,49.1437809052831,-6573.079335813412
10.818136849203384,6.657856322065907,0.8667519658744004,49.1437809052831,-6573.079335813412
10.818136849203384,6.657856322065907,0.8667519658744004,49.1437809052831,-6573.079335813412
10.818136849203384,6.657856322065907,0.8667519658744004,49.1437809052831,-6573.079335813412
10.818136849203384,6.657856322065907,0.8667519658744004,49.1437809052831,-6573.079335813412
11.187561968077048,7.008638572511922,0.831710570734106,49.647830360378435,-6572.090899929133
11.187561968077048,7.008638572511922,0.831710570734106,49.647830360378435,-6572.090899929133
11.187561968077048,7.008638572511922,0.831710570734106,49.647830360378435,-6572.090899929133
11.187561968077048,7.008638572511922,0.831710570734106,49.647830360378435,-6572.090899929133
11.187561968077048,7.008638572511922,0.831710570734106,49.647830360378435,-6572.090899929133
11.187561968077048,7.008638572511922,0.831710570734106,49.647830360378435,-6572.090899929133
11.187561968077048,7.008638572511922,0.831710570734106,49.647830360378435,-6572.090899929133
10.72146382787234,7.102495768292456,0.7719149150532583,49.41122876981172,-6571.953785953745
10.72146382787234,7.102495768292456,0.7719149150532583,49.41122876981172,-6571.953785953745
10.72146382787234,7.102495768292456,0.7719149150532583,49.41122876981172,-6571.953785953745
10.72146382787234,7.102495768292456,0.7719149150532583,49.41122876981172,-6571.953785953745
11.374441451474922,6.898912526716893,0.8429304235299329,49.961095216656254,-6572.095348474319
10.508916062281603,8.220043186053664,0.7528830132041887,50.55329960699006,-6570.275480340013
10.508916062281603,8.220043186053664,0.7528830132041887,50.55329960699006,-6570.275480340013
10.508916062281603,8.220043186053664,0.7528830132041887,50.55329960699006,-6570.275480340013
10.508916062281603,8.220043186053664,0.7528830132041887,50.55329960699006,-6570.275480340013
10.508916062281603,8.220043186053664,0.7528830132041887,50.55329960699006,-6570.275480340013
10.508916062281603,8.220043186053664,0.7528830132041887,50.55329960699006,-6570.275480340013
10.508916062281603,8.220043186053664,0.7528830132041887,50.55329960699006,-6570.275480340013
10.508916062281603,8.220043186053664,0.7528830132041887,50.55329960699006,-6570.275480340013
10.508916062281603,8.220043186053664,0.7528830132041887,50.55329960699006,-6570.275480340013
10.508916062281603,8.220043186053664,0.7528830132041887,50.55329960699006,-6570.275480340013
10.508916062281603,8.220043186053664,0.7528830132041887,50.55329960699006,-6570.275480340013
10.508916062281603,8.220043186053664,0.7528830132041887,50.55329960699006,-6570.275480340013
10.508916062281603,8.220043186053664,0.7528830132041887,50.55329960699006,-6570.275480340013
10.508916062281603,8.220043186053664,0.7528830132041887,50.55329960699006,-6570.275480340013
10.508916062281603,8.220043186053664,0.7528830132041887,50.55329960699006,-6570.275480340013
10.508916062281603,8.220043186053664,0.7528830132041887,50.55329960699006,-6570.275480340013
10.521824387674638,9.014813023544681,0.7792821345543182,50.666377387370936,-6571.142835945053
10.521824387674638,9.014813023544681,0.7792821345543182,50.666377387370936,-6571.142835945053
10.521824387674638,9.014813023544681,0.7792821345543182,50.666377387370936,-6571.142835945053
10.367953135193828,8.634750844418258,0.8205467971218047,50.89251841541887,-6571.06397385492
10.367953135193828,8.634750844418258,0.8205467971218047,50.89251841541887,-6571.06397385492
10.367953135193828,8.634750844418258,0.8205467971218047,50.89251841541887,-6571.06397385492
10.367953135193828,8.634750844418258,0.8205467971218047,50.89251841541887,-6571.06397385492
10.367953135193828,8.634750844418258,0.8205467971218047,50.89251841541887,-6571.06397385492
10.965957195040847,7.651425692305442,0.7343029205342968,51.2066366501923,-6571.488566025979
10.965957195040847,7.651425692305442,0.7343029205342968,51.2066366501923,-6571.488566025979
10.965957195040847,7.651425692305442,0.7343029205342968,51.2066366501923,-6571.488566025979
10.965957195040847,7.651425692305442,0.7343029205342968,51.2066366501923,-6571.488566025979
11.416683199695617,8.198239278762758,0.702266154884767,50.934187378317056,-6572.442567767379
11.416683199695617,8.198239278762758,0.702266154884767,50.934187378317056,-6572.442567767379
11.416683199695617,8.198239278762758,0.702266154884767,50.934187378317056,-6572.442567767379
11.416683199695617,8.198239278762758,0.702266154884767,50.934187378317056,-6572.442567767379
11.416683199695617,8.198239278762758,0.702266154884767,50.934187378317056,-6572.442567767379
11.416683199695617,8.198239278762758,0.702266154884767,50.934187378317056,-6572.442567767379
11.416683199695617,8.198239278762758,0.702266154884767,50.934187378317056,-6572.442567767379
10.734325017512228,8.032717253007153,0.6062777403317898,50.17780397791064,-6571.423567622727
10.734325017512228,8.032717253007153,0.6062777403317898,50.17780397791064,-6571.423567622727
10.734325017512228,8.032717253007153,0.6062777403317898,50.17780397791064,-6571.423567622727
11.368105130104512,7.429503552226944,0.639183725931031,50.06669466407416,-6571.680884461782
11.511266145203175,7.657974911262979,0.549927100924698,49.60758021425932,-6573.9175081008625
11.511266145203175,7.657974911262979,0.549927100924698,49.60758021425932,-6573.9175081008625
10.001225490812256,7.366134491650211,0.6531140928694392,50.137162417286,-6573.583692752298
10.001225490812256,7.366134491650211,0.6531140928694392,50.137162417286,-6573.583692752298
10.001225490812256,7.366134491650211,0.6531140928694392,50.137162417286,-6573.583692752298
10.001225490812256,7.366134491650211,0.6531140928694392,50.137162417286,-6573.583692752298
10.001225490812256,7.366134491650211,0.6531140928694392,50.137162417286,-6573.583692752298
10.001225490812256,7.366134491650211,0.6531140928694392,50.137162417286,-6573.583692752298
10.001225490812256,7.366134491650211,0.6531140928694392,50.137162417286,-6573.583692752298
9.609572567556112,7.5002529402096325,0.7598721103468464,50.291162965197245,-6572.687109423793
9.644780040773671,7.676867984820749,0.9093275368383921,50.17497463028036,-6571.233467072469
10.203615050658891,7.874951010269566,0.8617698796840938,49.52970013615489,-6571.430268438824
10.203615050658891,7.874951010269566,0.8617698796840938,49.52970013615489,-6571.430268438824
10.203615050658891,7.874951010269566,0.8617698796840938,49.52970013615489,-6571.430268438824
10.203615050658891,7.874951010269566,0.8617698796840938,49.52970013615489,-6571.430268438824
10.203615050658891,7.874951010269566,0.8617698796840938,49.52970013615489,-6571.430268438824
10.203615050658891,7.874951010269566,0.8617698796840938,49.52970013615489,-6571.430268438824
10.014769050949988,8.747054875925032,0.8698171231278669,49.338067628910565,-6572.174588880856
10.014769050949988,8.747054875925032,0.8698171231278669,49.338067628910565,-6572.174588880856
10.245799328288339,8.270032950047497,0.8653392968781243,49.38388697357608,-6571.9941214194605
10.425260952924004,6.955988740807939,0.9006679724680877,49.86579832606064,-6571.103186046186
9.9546906925836,9.491863741628844,0.797046731120326,50.08085740321459,-6570.68829239922
9.9546906925836,9.491863741628844,0.797046731120326,50.08085740321459,-6570.68829239922
9.9546906925836,9.491863741628844,0.797046731120326,50.08085740321459,-6570.68829239922
9.9546906925836,9.491863741628844,0.797046731120326,50.08085740321459,-6570.68829239922
10.058614497642834,8.596696058996043,0.7180654625536316,49.314350722337394,-6572.079966964222
10.058614497642834,8.596696058996043,0.7180654625536316,49.314350722337394,-6572.079966964222
10.26935267884484,7.761740788620218,0.7203106861029022,50.575167549613845,-6570.629651420686
10.156085807570582,8.989704518198215,0.706510943552411,51.14515291632951,-6571.090276468809
10.156085807570582,8.989704518198215,0.706510943552411,51.14515291632951,-6571.090276468809
10.156085807570582,8.989704518198215,0.706510943552411,51.14515291632951,-6571.090276468809
10.693346141956212,9.580263173602608,0.6160263134302836,50.56283209220041,-6571.35831181013
10.693346141956212,9.580263173602608,0.6160263134302836,50.56283209220041,-6571.35831181013
10.693346141956212,9.580263173602608,0.6160263134302836,50.56283209220041,-6571.35831181013
10.693346141956212,9.580263173602608,0.6160263134302836,50.56283209220041,-6571.35831181013
10.693346141956212,9.580263173602608,0.6160263134302836,50.56283209220041,-6571.35831181013
11.306471728742942,8.927448219762272,0.6277031100633896,50.8006312405314,-6572.458881089689
11.629910009031653,6.708897185531988,0.6111623668194137,51.07329807369541,-6572.62158474325
11.629910009031653,6.708897185531988,0.6111623668194137,51.07329807369541,-6572.62158474325
11.342083069489874,7.521651522357191,0.66069346698994,51.509714658679286,-6572.800906829327
11.342083069489874,7.521651522357191,0.66069346698994,51.509714658679286,-6572.800906829327
11.068040664480405,7.604134783542242,0.5885752043953814,51.12969091236525,-6572.389292296892
11.135012280328116,7.109340768411633,0.6184864904600978,50.91762174037147,-6571.961915206059
11.135012280328116,7.109340768411633,0.6184864904600978,50.91762174037147,-6571.961915206059
11.158355130179169,6.616432768875896,0.9018682250389723,50.27357059583576,-6571.633161101102
11.158355130179169,6.616432768875896,0.9018682250389723,50.27357059583576,-6571.633161101102
11.158355130179169,6.616432768875896,0.9018682250389723,50.27357059583576,-6571.633161101102
11.158355130179169,6.616432768875896,0.9018682250389723,50.27357059583576,-6571.633161101102
11.158355130179169,6.616432768875896,0.9018682250389723,50.27357059583576,-6571.633161101102
11.158355130179169,6.616432768875896,0.9018682250389723,50.27357059583576,-6571.633161101102
11.158355130179169,6.616432768875896,0.9018682250389723,50.27357059583576,-6571.633161101102
11.158355130179169,6.616432768875896,0.9018682250389723,50.27357059583576,-6571.633161101102
11.158355130179169,6.616432768875896,0.9018682250389723,50.27357059583576,-6571.633161101102
11.158355130179169,6.616432768875896,0.9018682250389723,50.27357059583576,-6571.633161101102
11.158355130179169,6.616432768875896,0.9018682250389723,50.27357059583576,-6571.633161101102
10.605061880258036,6.314645838987092,0.9234541134264032,50.78773090868276,-6571.368705642602
10.605061880258036,6.314645838987092,0.9234541134264032,50.78773090868276,-6571.368705642602
10.605061880258036,6.314645838987092,0.9234541134264032,50.78773090868276,-6571.368705642602
10.605061880258036,6.314645838987092,0.9234541134264032,50.78773090868276,-6571.368705642602
10.23279246073784,5.99789737246321,0.8953759671986373,50.79977335648705,-6572.401076538842
11.577242736781516,4.683704290626699,0.8087917447538912,50.3688014694603,-6572.4337290590565
11.577242736781516,4.683704290626699,0.8087917447538912,50.3688014694603,-6572.4337290590565
11.577242736781516,4.683704290626699,0.8087917447538912,50.3688014694603,-6572.4337290590565
11.577242736781516,4.683704290626699,0.8087917447538912,50.3688014694603,-6572.4337290590565
11.08541855788662,4.928162768591927,0.8162722426369738,50.15070824391119,-6572.753985380829
11.08541855788662,4.928162768591927,0.8162722426369738,50.15070824391119,-6572.753985380829
10.756871506661112,5.896550403330998,0.856777306833134,49.550263827295765,-6572.371021359879
10.756871506661112,5.896550403330998,0.856777306833134,49.550263827295765,-6572.371021359879
10.756871506661112,5.896550403330998,0.856777306833134,49.550263827295765,-6572.371021359879
10.756871506661112,5.896550403330998,0.856777306833134,49.550263827295765,-6572.371021359879
10.805863281262438,6.111774982544557,0.7952378318998018,49.62781056367145,-6572.134906977946
10.805863281262438,6.111774982544557,0.7952378318998018,49.62781056367145,-6572.134906977946
10.767967972624918,8.085672051811864,0.8032119285280166,49.37387678527034,-6572.38191296019
10.767967972624918,8.085672051811864,0.8032119285280166,49.37387678527034,-6572.38191296019
10.767967972624918,8.085672051811864,0.8032119285280166,49.37387678527034,-6572.38191296019
10.989659988052967,8.437924096968771,0.7474308602632583,49.32709830887998,-6573.11447764165
10.989659988052967,8.437924096968771,0.7474308602632583,49.32709830887998,-6573.11447764165
10.989659988052967,8.437924096968771,0.7474308602632583,49.32709830887998,-6573.11447764165
10.989659988052967,8.437924096968771,0.7474308602632583,49.32709830887998,-6573.11447764165
10.042954096816612,7.323007815448143,0.854830274793241,49.79192219512367,-6571.214041954364
9.605094032771625,8.598874836765711,0.7724851400480048,49.66042072491663,-6571.45575944555
9.605094032771625,8.598874836765711,0.7724851400480048,49.66042072491663,-6571.45575944555
9.605094032771625,8.598874836765711,0.7724851400480048,49.66042072491663,-6571.45575944555
9.605094032771625,8.598874836765711,0.7724851400480048,49.66042072491663,-6571.45575944555
9.605094032771625,8.598874836765711,0.7724851400480048,49.66042072491663,-6571.45575944555
10.20214246468066,7.932759716228529,0.910494873922912,50.65592461833375,-6570.949901029211
10.20214246468066,7.932759716228529,0.910494873922912,50.65592461833375,-6570.949901029211
10.20214246468066,7.932759716228529,0.910494873922912,50.65592461833375,-6570.949901029211
10.652945712365133,8.097109339571618,0.9391034830548988,50.580664505466544,-6572.4029201027115
10.652945712365133,8.097109339571618,0.9391034830548988,50.580664505466544,-6572.4029201027115
10.174145032850298,8.826614799097156,0.9420832661183794,49.89317988558742,-6572.284218173792
9.444268092222357,8.18048511888311,0.9357533399843825,49.73546378853713,-6571.829463396169
9.119294424681877,8.330894799018619,0.9460660393338468,50.3236067864618,-6572.091622198004
9.119294424681877,8.330894799018619,0.9460660393338468,50.3236067864618,-6572.091622198004
9.119294424681877,8.330894799018619,0.9460660393338468,50.3236067864618,-6572.091622198004
9.119294424681877,8.330894799018619,0.9460660393338468,50.3236067864618,-6572.091622198004
9.119294424681877,8.330894799018619,0.9460660393338468,50.3236067864618,-6572.091622198004
9.119294424681877,8.330894799018619,0.9460660393338468,50.3236067864618,-6572.091622198004
9.119294424681877,8.330894799018619,0.9460660393338468,50.3236067864618,-6572.091622198004
9.119294424681877,8.330894799018619,0.9460660393338468,50.3236067864618,-6572.091622198004
8.918858392831385,9.080733678029198,1.0383024937303218,50.42541949762738,-6572.862855434843
8.918858392831385,9.080733678029198,1.0383024937303218,50.42541949762738,-6572.862855434843
8.918858392831385,9.080733678029198,1.0383024937303218,50.42541949762738,-6572.862855434843
8.918858392831385,9.080733678029198,1.0383024937303218,50.42541949762738,-6572.862855434843
8.918858392831385,9.080733678029198,1.0383024937303218,50.42541949762738,-6572.862855434843
8.918858392831385,9.080733678029198,1.0383024937303218,50.42541949762738,-6572.862855434843
8.918858392831385,9.080733678029198,1.0383024937303218,50.42541949762738,-6572.862855434843
8.918858392831385,9.080733678029198,1.0383024937303218,50.42541949762738,-6572.862855434843
8.918858392831385,9.080733678029198,1.0383024937303218,50.42541949762738,-6572.862855434843
8.918858392831385,9.080733678029198,1.0383024937303218,50.42541949762738,-6572.862855434843
8.918858392831385,9.080733678029198,1.0383024937303218,50.42541949762738,-6572.862855434843
8.918858392831385,9.080733678029198,1.0383024937303218,50.42541949762738,-6572.862855434843
8.918858392831385,9.080733678029198,1.0383024937303218,50.42541949762738,-6572.862855434843
8.918858392831385,9.080733678029198,1.0383024937303218,50.42541949762738,-6572.862855434843
9.649722571216222,9.217272718862581,1.0495326711178719,50.86493093688571,-6573.737984958326
10.662979117814762,8.6300658177603,0.9343108977799655,51.08213012865363,-6573.926067855897
10.26290325672,8.428384467371592,0.9394669040571114,51.174758394414496,-6572.700867333568
9.55771438720478,9.246130738235712,0.9168874925721325,50.68154081166873,-6571.367166154587
9.66388889296372,8.895990664482786,0.7696872897284308,50.226056261608846,-6570.4139888683685
9.3426149741529,9.505249406384209,0.9078841286886931,49.68845263111277,-6571.7413187161865
9.3426149741529,9.505249406384209,0.9078841286886931,49.68845263111277,-6571.7413187161865
9.08324797834956,10.064945056703364,0.8820734385610479,49.435304301457016,-6572.461206347203
9.08324797834956,10.064945056703364,0.8820734385610479,49.435304301457016,-6572.461206347203
9.08324797834956,10.064945056703364,0.8820734385610479,49.435304301457016,-6572.461206347203
8.860543748786652,9.154934381512456,0.849031987204854,50.038958571933,-6572.286042883554
8.860543748786652,9.154934381512456,0.849031987204854,50.038958571933,-6572.286042883554
8.681261946425462,10.104773737354925,0.917233295066614,50.03952913621162,-6572.280373768623
8.681261946425462,10.104773737354925,0.917233295066614,50.03952913621162,-6572.280373768623
8.681261946425462,10.104773737354925,0.917233295066614,50.03952913621162,-6572.280373768623
8.681261946425462,10.104773737354925,0.917233295066614,50.03952913621162,-6572.280373768623
8.681261946425462,10.104773737354925,0.917233295066614,50.03952913621162,-6572.280373768623
8.681261946425462,10.104773737354925,0.917233295066614,50.03952913621162,-6572.280373768623
8.681261946425462,10.104773737354925,0.917233295066614,50.03952913621162,-6572.280373768623
8.681261946425462,10.104773737354925,0.917233295066614,50.03952913621162,-6572.280373768623
8.681261946425462,10.104773737354925,0.917233295066614,50.03952913621162,-6572.280373768623
10.217028506266692,8.128317638671811,0.9368278456454845,49.769449356971805,-6571.708216191909
10.217028506266692,8.128317638671811,0.9368278456454845,49.769449356971805,-6571.708216191909
10.217028506266692,8.128317638671811,0.9368278456454845,49.769449356971805,-6571.708216191909
10.217028506266692,8.128317638671811,0.9368278456454845,49.769449356971805,-6571.708216191909
10.191605518378456,7.591193375226783,0.9937055839287995,49.74855784998365,-6572.069227745827
9.837174343352482,6.4997343674516195,0.9782132529593072,49.657510038473134,-6573.013952685038
9.837174343352482,6.4997343674516195,0.9782132529593072,49.657510038473134,-6573.013952685038
9.450033252286637,6.835351095113936,0.9632018864924505,50.1068093470848,-6573.23044236333
10.671403841022117,6.96390121973097,0.8597470086183983,49.7392834236176,-6571.213862209833
10.318135251099672,8.54252249063769,0.8556341520717056,49.48260613702616,-6571.95092744234
10.318135251099672,8.54252249063769,0.8556341520717056,49.48260613702616,-6571.95092744234
10.318135251099672,8.54252249063769,0.8556341520717056,49.48260613702616,-6571.95092744234
9.571633018698261,9.613527224595067,0.8152758826995308,49.80930653621378,-6570.9365659711075
9.38914596381597,8.278759696640915,0.8347838363202384,49.8442228234072,-6571.725540374874
9.38914596381597,8.278759696640915,0.8347838363202384,49.8442228234072,-6571.725540374874
9.167196265001252,8.808021689812572,0.9891870609509728,50.031471885733104,-6572.0407284573685
9.167196265001252,8.808021689812572,0.9891870609509728,50.031471885733104,-6572.0407284573685
10.122926895704433,9.783133750027876,0.8615485938968834,51.11073621300158,-6572.924714400146
10.122926895704433,9.783133750027876,0.8615485938968834,51.11073621300158,-6572.924714400146
10.122926895704433,9.783133750027876,0.8615485938968834,51.11073621300158,-6572.924714400146
10.122926895704433,9.783133750027876,0.8615485938968834,51.11073621300158,-6572.924714400146
9.088601481239838,9.958808236168895,0.7114979859533769,51.054223849156116,-6572.293576726914
9.088601481239838,9.958808236168895,0.7114979859533769,51.054223849156116,-6572.293576726914
9.088601481239838,9.958808236168895,0.7114979859533769,51.054223849156116,-6572.293576726914
9.367098975889805,10.244172280397633,0.7237163927695981,50.594263662797474,-6570.74860915598
9.367098975889805,10.244172280397633,0.7237163927695981,50.594263662797474,-6570.74860915598
9.367098975889805,10.244172280397633,0.7237163927695981,50.594263662797474,-6570.74860915598
9.923817987789393,7.935291284661874,0.7967585008752308,50.589739168167604,-6570.591868249636
9.923817987789393,7.935291284661874,0.7967585008752308,50.589739168167604,-6570.591868249636
9.338506196845582,8.643103580920425,0.7027622254421184,50.484812689273724,-6572.484216736593
9.338506196845582,8.643103580920425,0.7027622254421184,50.484812689273724,-6572.484216736593
9.468023242063813,9.291950353249716,0.6404639212413279,51.08572799976441,-6572.808021723995
9.468023242063813,9.291950353249716,0.6404639212413279,51.08572799976441,-6572.808021723995
9.468023242063813,9.291950353249716,0.6404639212413279,51.08572799976441,-6572.808021723995
9.741605443110279,8.369814380536116,0.6785935320847486,50.65634280343356,-6571.8236398487
9.023734810418377,8.355209650443843,0.6974475282961354,50.81172018844421,-6575.761472818443
10.208923027332784,7.533548762499308,0.7441724722221769,50.04829154838014,-6570.901425196243
10.208923027332784,7.533548762499308,0.7441724722221769,50.04829154838014,-6570.901425196243
10.208923027332784,7.533548762499308,0.7441724722221769,50.04829154838014,-6570.901425196243
10.208923027332784,7.533548762499308,0.7441724722221769,50.04829154838014,-6570.901425196243
10.208923027332784,7.533548762499308,0.7441724722221769,50.04829154838014,-6570.901425196243
10.208923027332784,7.533548762499308,0.7441724722221769,50.04829154838014,-6570.901425196243
10.208923027332784,7.533548762499308,0.7441724722221769,50.04829154838014,-6570.901425196243
10.603284899088491,8.340915995172349,0.7453329040347177,49.88242613229279,-6570.795770147119
10.603284899088491,8.340915995172349,0.7453329040347177,49.88242613229279,-6570.795770147119
10.603284899088491,8.340915995172349,0.7453329040347177,49.88242613229279,-6570.795770147119
10.603284899088491,8.340915995172349,0.7453329040347177,49.88242613229279,-6570.795770147119
10.603284899088491,8.340915995172349,0.7453329040347177,49.88242613229279,-6570.795770147119
10.603284899088491,8.340915995172349,0.7453329040347177,49.88242613229279,-6570.795770147119
10.603284899088491,8.340915995172349,0.7453329040347177,49.88242613229279,-6570.795770147119
10.603284899088491,8.340915995172349,0.7453329040347177,49.88242613229279,-6570.795770147119
10.603284899088491,8.340915995172349,0.7453329040347177,49.88242613229279,-6570.795770147119
10.603284899088491,8.340915995172349,0.7453329040347177,49.88242613229279,-6570.795770147119
10.603284899088491,8.340915995172349,0.7453329040347177,49.88242613229279,-6570.795770147119
10.603284899088491,8.340915995172349,0.7453329040347177,49.88242613229279,-6570.795770147119
10.603284899088491,8.340915995172349,0.7453329040347177,49.88242613229279,-6570.795770147119
10.462665334512348,7.740904096383894,0.7915884967435466,49.391303905389705,-6571.729332211931
10.148304390572141,8.521981174544415,0.8335969200016042,49.63158929351206,-6571.168652657934
9.342312019168803,8.994525118846386,0.866549903692953,49.98093358190641,-6571.044699722195
9.631183316524913,8.554348917190797,0.7307656239087579,49.66255180739666,-6571.818761458795
9.631183316524913,8.554348917190797,0.7307656239087579,49.66255180739666,-6571.818761458795
9.631183316524913,8.554348917190797,0.7307656239087579,49.66255180739666,-6571.818761458795
9.631183316524913,8.554348917190797,0.7307656239087579,49.66255180739666,-6571.818761458795
10.491068856245358,6.909122172559268,0.6636293073090088,50.19430913678902,-6572.393780632909
10.365851884271162,7.8429332882693314,1.0157421210636097,50.398596818485814,-6572.474107643082
9.503679861406093,7.383940004999595,0.9309468011951237,49.97582714750303,-6572.165172013452
9.503679861406093,7.383940004999595,0.9309468011951237,49.97582714750303,-6572.165172013452
9.598270816189999,6.543662089928145,1.0959157358392453,49.83838203108145,-6573.803112264777
9.598270816189999,6.543662089928145,1.0959157358392453,49.83838203108145,-6573.803112264777
9.902942881921101,6.882141215581377,1.0626841560591334,50.76749975709011,-6572.639439142705
9.902942881921101,6.882141215581377,1.0626841560591334,50.76749975709011,-6572.639439142705
9.902942881921101,6.882141215581377,1.0626841560591334,50.76749975709011,-6572.639439142705
9.902942881921101,6.882141215581377,1.0626841560591334,50.76749975709011,-6572.639439142705
9.902942881921101,6.882141215581377,1.0626841560591334,50.76749975709011,-6572.639439142705
9.902942881921101,6.882141215581377,1.0626841560591334,50.76749975709011,-6572.639439142705
9.902942881921101,6.882141215581377,1.0626841560591334,50.76749975709011,-6572.639439142705
9.638815722098224,6.507294223214251,1.0474293051318144,49.86442788524469,-6573.4303515006495
9.69989325954909,7.098855953200027,1.100636376287149,50.17641135526241,-6572.86474359962
9.69989325954909,7.098855953200027,1.100636376287149,50.17641135526241,-6572.86474359962
9.69989325954909,7.098855953200027,1.100636376287149,50.17641135526241,-6572.86474359962
9.264255928509789,8.5059412202587,1.0152668658926456,50.23718967379043,-6572.095345269843
9.919122094976586,9.457827804838512,0.9317117175842605,50.53829087800126,-6572.189955687209
9.919122094976586,9.457827804838512,0.9317117175842605,50.53829087800126,-6572.189955687209
9.919122094976586,9.457827804838512,0.9317117175842605,50.53829087800126,-6572.189955687209
9.919122094976586,9.457827804838512,0.9317117175842605,50.53829087800126,-6572.189955687209
9.919122094976586,9.457827804838512,0.9317117175842605,50.53829087800126,-6572.189955687209
10.272177805768646,9.754856923007214,0.8625610790268002,50.941469874953256,-6573.041152516478
10.272177805768646,9.754856923007214,0.8625610790268002,50.941469874953256,-6573.041152516478
10.272177805768646,9.754856923007214,0.8625610790268002,50.941469874953256,-6573.041152516478
9.966871315126188,9.847891581291012,0.9439676739568794,50.93867938934671,-6573.695010212161
9.966871315126188,9.847891581291012,0.9439676739568794,50.93867938934671,-6573.695010212161
9.966871315126188,9.847891581291012,0.9439676739568794,50.93867938934671,-6573.695010212161
9.966871315126188,9.847891581291012,0.9439676739568794,50.93867938934671,-6573.695010212161
9.966871315126188,9.847891581291012,0.9439676739568794,50.93867938934671,-6573.695010212161
9.966871315126188,9.847891581291012,0.9439676739568794,50.93867938934671,-6573.695010212161
9.241849961479744,9.039024384697537,1.0544896859285686,50.933732986008735,-6573.405955622292
9.241849961479744,9.039024384697537,1.0544896859285686,50.933732986008735,-6573.405955622292
9.241849961479744,9.039024384697537,1.0544896859285686,50.933732986008735,-6573.405955622292
9.241849961479744,9.039024384697537,1.0544896859285686,50.933732986008735,-6573.405955622292
9.241849961479744,9.039024384697537,1.0544896859285686,50.933732986008735,-6573.405955622292
9.241849961479744,9.039024384697537,1.0544896859285686,50.933732986008735,-6573.405955622292
9.241849961479744,9.039024384697537,1.0544896859285686,50.933732986008735,-6573.405955622292
9.241849961479744,9.039024384697537,1.0544896859285686,50.933732986008735,-6573.405955622292
9.241849961479744,9.039024384697537,1.0544896859285686,50.933732986008735,-6573.405955622292
9.241849961479744,9.039024384697537,1.0544896859285686,50.933732986008735,-6573.405955622292
9.241849961479744,9.039024384697537,1.0544896859285686,50.933732986008735,-6573.405955622292
9.241849961479744,9.039024384697537,1.0544896859285686,50.933732986008735,-6573.405955622292
9.241849961479744,9.039024384697537,1.0544896859285686,50.933732986008735,-6573.405955622292
9.241849961479744,9.039024384697537,1.0544896859285686,50.933732986008735,-6573.405955622292
9.137661440457805,8.672827660124009,0.9480580013172999,51.32923118339939,-6573.52072863605
9.137661440457805,8.672827660124009,0.9480580013172999,51.32923118339939,-6573.52072863605
9.137661440457805,8.672827660124009,0.9480580013172999,51.32923118339939,-6573.52072863605
8.936588651664628,8.250216465664828,0.9242701082177532,51.31758676818693,-6574.725899977913
8.967406558900594,8.956509575590458,0.9695198892902575,51.487715819493154,-6574.52774598129
9.512953150085455,9.336018886622158,0.9345604721647922,51.292834659763166,-6572.891908938943
9.512953150085455,9.336018886622158,0.9345604721647922,51.292834659763166,-6572.891908938943
9.65720928001667,6.380677989736912,0.854758668392745,50.41773577813927,-6574.151171880172
9.65720928001667,6.380677989736912,0.854758668392745,50.41773577813927,-6574.151171880172
10.24546171309584,6.361377697811693,1.0514310230464645,50.52549687973245,-6572.255525370643
10.542902821893572,6.351085195330504,1.036453180005592,50.352576487947054,-6572.091689388654
10.209385763913742,7.072790594501903,1.0138280618840936,50.11620754199835,-6571.739017414835
10.209385763913742,7.072790594501903,1.0138280618840936,50.11620754199835,-6571.739017414835
10.209385763913742,7.072790594501903,1.0138280618840936,50.11620754199835,-6571.739017414835
10.209385763913742,7.072790594501903,1.0138280618840936,50.11620754199835,-6571.739017414835
10.209385763913742,7.072790594501903,1.0138280618840936,50.11620754199835,-6571.739017414835
10.209385763913742,7.072790594501903,1.0138280618840936,50.11620754199835,-6571.739017414835
10.209385763913742,7.072790594501903,1.0138280618840936,50.11620754199835,-6571.739017414835
10.62747609053595,7.443404823562081,1.0257498185273406,49.937099461095286,-6573.085178189203
10.36732494097829,8.918207580065467,0.9881644296856285,50.32616187880651,-6573.662490885111
9.556238241706504,10.657638699345105,0.9121591207628735,49.60930792387681,-6573.542651934411
9.556238241706504,10.657638699345105,0.9121591207628735,49.60930792387681,-6573.542651934411
9.556238241706504,10.657638699345105,0.9121591207628735,49.60930792387681,-6573.542651934411
9.556238241706504,10.657638699345105,0.9121591207628735,49.60930792387681,-6573.542651934411
9.01376439456537,8.909612229922764,0.832898404639738,49.561321550306765,-6572.852777905997
9.694223681599873,7.0615614306948356,0.8932068935271292,49.88217242698863,-6572.242903857876
9.694223681599873,7.0615614306948356,0.8932068935271292,49.88217242698863,-6572.242903857876
9.694223681599873,7.0615614306948356,0.8932068935271292,49.88217242698863,-6572.242903857876
9.981335990840446,8.614964328224998,0.7815223865300115,50.84252923956332,-6570.519331549831
9.435108632394641,8.015601834893804,0.7952316170777487,50.34127729700967,-6571.889022288483
9.375055284286569,7.748365143508385,0.8565024622610573,50.32176822157712,-6572.12694890355
9.375055284286569,7.748365143508385,0.8565024622610573,50.32176822157712,-6572.12694890355
9.93358838392178,8.355572990431481,0.7755974895523159,50.44539709530657,-6570.282819923699
9.93358838392178,8.355572990431481,0.7755974895523159,50.44539709530657,-6570.282819923699
9.93358838392178,8.355572990431481,0.7755974895523159,50.44539709530657,-6570.282819923699
10.171762388068448,7.092177309724912,0.8269202206368976,50.228695385334916,-6570.820707463919
10.171762388068448,7.092177309724912,0.8269202206368976,50.228695385334916,-6570.820707463919
10.171762388068448,7.092177309724912,0.8269202206368976,50.228695385334916,-6570.820707463919
10.171762388068448,7.092177309724912,0.8269202206368976,50.228695385334916,-6570.820707463919
10.171762388068448,7.092177309724912,0.8269202206368976,50.228695385334916,-6570.820707463919
10.171762388068448,7.092177309724912,0.8269202206368976,50.228695385334916,-6570.820707463919
10.171762388068448,7.092177309724912,0.8269202206368976,50.228695385334916,-6570.820707463919
10.171762388068448,7.092177309724912,0.8269202206368976,50.228695385334916,-6570.820707463919
10.171762388068448,7.092177309724912,0.8269202206368976,50.228695385334916,-6570.820707463919
10.171762388068448,7.092177309724912,0.8269202206368976,50.228695385334916,-6570.820707463919
10.171762388068448,7.092177309724912,0.8269202206368976,50.228695385334916,-6570.820707463919
10.171762388068448,7.092177309724912,0.8269202206368976,50.228695385334916,-6570.820707463919
10.171762388068448,7.092177309724912,0.8269202206368976,50.228695385334916,-6570.820707463919
10.171762388068448,7.092177309724912,0.8269202206368976,50.228695385334916,-6570.820707463919
10.171762388068448,7.092177309724912,0.8269202206368976,50.228695385334916,-6570.820707463919
10.171762388068448,7.092177309724912,0.8269202206368976,50.228695385334916,-6570.820707463919
10.171762388068448,7.092177309724912,0.8269202206368976,50.228695385334916,-6570.820707463919
10.171762388068448,7.092177309724912,0.8269202206368976,50.228695385334916,-6570.820707463919
9.490552163143942,8.276912875729783,0.7583116250611875,50.65190759945273,-6571.767018409034
9.710872607299224,7.959480508214329,0.8802927290241548,50.58749853937547,-6570.899051581245
9.744533615563387,8.557751100985655,0.8168040385037456,50.472560330508124,-6570.392554870083
9.744533615563387,8.557751100985655,0.8168040385037456,50.472560330508124,-6570.392554870083
9.744533615563387,8.557751100985655,0.8168040385037456,50.472560330508124,-6570.392554870083
9.744533615563387,8.557751100985655,0.8168040385037456,50.472560330508124,-6570.392554870083
9.744533615563387,8.557751100985655,0.8168040385037456,50.472560330508124,-6570.392554870083
9.744533615563387,8.557751100985655,0.8168040385037456,50.472560330508124,-6570.392554870083
9.744533615563387,8.557751100985655,0.8168040385037456,50.472560330508124,-6570.392554870083
9.744533615563387,8.557751100985655,0.8168040385037456,50.472560330508124,-6570.392554870083
9.744533615563387,8.557751100985655,0.8168040385037456,50.472560330508124,-6570.392554870083
9.965445388423515,8.204719085872398,0.9650267698438366,50.237897348736084,-6571.341920136199
9.965445388423515,8.204719085872398,0.9650267698438366,50.237897348736084,-6571.341920136199
9.965445388423515,8.204719085872398,0.9650267698438366,50.237897348736084,-6571.341920136199
9.965445388423515,8.204719085872398,0.9650267698438366,50.237897348736084,-6571.341920136199
9.965445388423515,8.204719085872398,0.9650267698438366,50.237897348736084,-6571.341920136199
9.965445388423515,8.204719085872398,0.9650267698438366,50.237897348736084,-6571.341920136199
9.965445388423515,8.204719085872398,0.9650267698438366,50.237897348736084,-6571.341920136199
9.965445388423515,8.204719085872398,0.9650267698438366,50.237897348736084,-6571.341920136199
9.965445388423515,8.204719085872398,0.9650267698438366,50.237897348736084,-6571.341920136199
10.4728711449071,8.397617724012099,0.8795486418382478,50.444267549691496,-6571.3137697816
9.954458048799227,8.58867340324356,0.8784449811856722,49.786934057225466,-6571.061271790378
9.954458048799227,8.58867340324356,0.8784449811856722,49.786934057225466,-6571.061271790378
9.954458048799227,8.58867340324356,0.8784449811856722,49.786934057225466,-6571.061271790378
9.37072429246141,7.679240298395856,0.7950686562299397,50.13802580700233,-6573.015095890588
10.241587843166847,8.079945078045101,0.8667612040506181,49.809926448957754,-6570.949495065585
10.241587843166847,8.079945078045101,0.8667612040506181,49.809926448957754,-6570.949495065585
10.241587843166847,8.079945078045101,0.8667612040506181,49.809926448957754,-6570.949495065585
10.241587843166847,8.079945078045101,0.8667612040506181,49.809926448957754,-6570.949495065585
10.241587843166847,8.079945078045101,0.8667612040506181,49.809926448957754,-6570.949495065585
10.241587843166847,8.079945078045101,0.8667612040506181,49.809926448957754,-6570.949495065585
10.241587843166847,8.079945078045101,0.8667612040506181,49.809926448957754,-6570.949495065585
10.216804697458826,9.535041469864879,0.8042225549668693,49.85010094943291,-6571.581913360587
10.216804697458826,9.535041469864879,0.8042225549668693,49.85010094943291,-6571.581913360587
10.216804697458826,9.535041469864879,0.8042225549668693,49.85010094943291,-6571.581913360587
9.867338588603673,8.835848896110107,0.8536534551974447,49.86602502041868,-6570.815523432204
9.867338588603673,8.835848896110107,0.8536534551974447,49.86602502041868,-6570.815523432204
9.867338588603673,8.835848896110107,0.8536534551974447,49.86602502041868,-6570.815523432204
10.421793900801676,8.676867866421787,0.8282431778828488,50.97317835560592,-6571.417935249218
9.712051487048017,8.387436437464471,0.8940886070336159,51.05498060671682,-6571.528491136441
9.712051487048017,8.387436437464471,0.8940886070336159,51.05498060671682,-6571.528491136441
9.712051487048017,8.387436437464471,0.8940886070336159,51.05498060671682,-6571.528491136441
10.088217284506094,9.594951431617035,0.7491926604531145,50.97830776807673,-6571.082766202266
10.125894163953529,9.323139694531902,0.7505448456305426,51.590053648475966,-6572.586366868796
10.125894163953529,9.323139694531902,0.7505448456305426,51.590053648475966,-6572.586366868796
10.125894163953529,9.323139694531902,0.7505448456305426,51.590053648475966,-6572.586366868796
10.125894163953529,9.323139694531902,0.7505448456305426,51.590053648475966,-6572.586366868796
8.48203397514926,10.083138919358618,0.7536434795870262,51.01207224231381,-6574.422822817897
9.062566106526194,11.000149304719166,0.7349402198564516,50.790597090074975,-6571.458973647048
9.65137238519586,8.44373826942624,0.7155171996382073,50.77988022074517,-6571.58993632638
10.726394100548788,6.878731064595757,0.8205334544576003,50.43486584244751,-6570.506468163237
10.726394100548788,6.878731064595757,0.8205334544576003,50.43486584244751,-6570.506468163237
10.726394100548788,6.878731064595757,0.8205334544576003,50.43486584244751,-6570.506468163237
10.726394100548788,6.878731064595757,0.8205334544576003,50.43486584244751,-6570.506468163237
10.726394100548788,6.878731064595757,0.8205334544576003,50.43486584244751,-6570.506468163237
11.575701314191052,6.7278199280782,0.7222226037208,50.188633570384596,-6571.5615550641505
11.575701314191052,6.7278199280782,0.7222226037208,50.188633570384596,-6571.5615550641505
11.575701314191052,6.7278199280782,0.7222226037208,50.188633570384596,-6571.5615550641505
11.575701314191052,6.7278199280782,0.7222226037208,50.188633570384596,-6571.5615550641505
11.240749912934978,4.9055241438652,0.787345976724428,49.71625899695195,-6573.504154386861
11.240749912934978,4.9055241438652,0.787345976724428,49.71625899695195,-6573.504154386861
11.240749912934978,4.9055241438652,0.787345976724428,49.71625899695195,-6573.504154386861
11.240749912934978,4.9055241438652,0.787345976724428,49.71625899695195,-6573.504154386861
11.240749912934978,4.9055241438652,0.787345976724428,49.71625899695195,-6573.504154386861
11.155590170146654,5.373858297325475,0.9837482453307437,50.61022362647027,-6572.226289711563
11.155590170146654,5.373858297325475,0.9837482453307437,50.61022362647027,-6572.226289711563
11.155590170146654,5.373858297325475,0.9837482453307437,50.61022362647027,-6572.226289711563
11.270504208853172,4.5669453333332255,0.8722889828213458,50.43915247319953,-6572.613142015891
11.270504208853172,4.5669453333332255,0.8722889828213458,50.43915247319953,-6572.613142015891
11.270504208853172,4.5669453333332255,0.8722889828213458,50.43915247319953,-6572.613142015891
11.270504208853172,4.5669453333332255,0.8722889828213458,50.43915247319953,-6572.613142015891
11.482596035217746,6.275324661785592,0.7221266589034288,49.91522237718756,-6571.7707266425705
11.193737785700215,7.14005214917321,0.8445571667932419,50.72133254655724,-6571.633538993001
11.193737785700215,7.14005214917321,0.8445571667932419,50.72133254655724,-6571.633538993001
11.193737785700215,7.14005214917321,0.8445571667932419,50.72133254655724,-6571.633538993001
11.193737785700215,7.14005214917321,0.8445571667932419,50.72133254655724,-6571.633538993001
11.193737785700215,7.14005214917321,0.8445571667932419,50.72133254655724,-6571.633538993001
11.193737785700215,7.14005214917321,0.8445571667932419,50.72133254655724,-6571.633538993001
10.750514303435466,5.893189155400994,0.9083696955766584,50.42278470874293,-6571.28650138224
10.750514303435466,5.893189155400994,0.9083696955766584,50.42278470874293,-6571.28650138224
10.750514303435466,5.893189155400994,0.9083696955766584,50.42278470874293,-6571.28650138224
10.750514303435466,5.893189155400994,0.9083696955766584,50.42278470874293,-6571.28650138224
10.750514303435466,5.893189155400994,0.9083696955766584,50.42278470874293,-6571.28650138224
10.905955658785334,7.478772682605146,0.8056033745184925,50.76719023064876,-6570.905372987602
10.284228731973476,7.145243961248877,0.926777137380072,51.12481769763844,-6571.7858866793895
10.63514705545771,7.45752310847139,0.8859257059735056,50.554806183906955,-6570.932308267349
10.63514705545771,7.45752310847139,0.8859257059735056,50.554806183906955,-6570.932308267349
10.63514705545771,7.45752310847139,0.8859257059735056,50.554806183906955,-6570.932308267349
10.63514705545771,7.45752310847139,0.8859257059735056,50.554806183906955,-6570.932308267349
10.63514705545771,7.45752310847139,0.8859257059735056,50.554806183906955,-6570.932308267349
9.667031537464952,8.063449303142596,0.8877760067534051,50.64243419939955,-6570.979358454799
9.667031537464952,8.063449303142596,0.8877760067534051,50.64243419939955,-6570.979358454799
9.667031537464952,8.063449303142596,0.8877760067534051,50.64243419939955,-6570.979358454799
9.667031537464952,8.063449303142596,0.8877760067534051,50.64243419939955,-6570.979358454799
9.667031537464952,8.063449303142596,0.8877760067534051,50.64243419939955,-6570.979358454799
9.584562691856206,9.722654469673227,0.8066451593270215,50.45493317921917,-6570.555844309873
9.584562691856206,9.722654469673227,0.8066451593270215,50.45493317921917,-6570.555844309873
9.584562691856206,9.722654469673227,0.8066451593270215,50.45493317921917,-6570.555844309873
10.00095544725242,10.242433489804803,0.6797866110637751,50.649202279147204,-6570.85514524228
10.00095544725242,10.242433489804803,0.6797866110637751,50.649202279147204,-6570.85514524228
10.00095544725242,10.242433489804803,0.6797866110637751,50.649202279147204,-6570.85514524228
10.00095544725242,10.242433489804803,0.6797866110637751,50.649202279147204,-6570.85514524228
10.00095544725242,10.242433489804803,0.6797866110637751,50.649202279147204,-6570.85514524228
10.00095544725242,10.242433489804803,0.6797866110637751,50.649202279147204,-6570.85514524228
9.660058912442844,9.857845580380168,0.6783249140506424,50.38992363025652,-6570.555084609532
9.660058912442844,9.857845580380168,0.6783249140506424,50.38992363025652,-6570.555084609532
9.898798969851095,9.958988503681722,0.5759908086859565,50.40705417062626,-6571.44811118146
9.898798969851095,9.958988503681722,0.5759908086859565,50.40705417062626,-6571.44811118146
9.649573201738768,8.142510233108988,0.7642985369951873,50.52265285660926,-6571.226714185152
9.901574250313965,8.320057786973782,0.9180663776012286,49.982119254268355,-6571.003359660278
9.901574250313965,8.320057786973782,0.9180663776012286,49.982119254268355,-6571.003359660278
9.901574250313965,8.320057786973782,0.9180663776012286,49.982119254268355,-6571.003359660278
9.901574250313965,8.320057786973782,0.9180663776012286,49.982119254268355,-6571.003359660278
10.133872521345912,7.47001645021597,1.126541274547557,50.10553852007981,-6573.607210164569
10.133872521345912,7.47001645021597,1.126541274547557,50.10553852007981,-6573.607210164569
10.133872521345912,7.47001645021597,1.126541274547557,50.10553852007981,-6573.607210164569
10.133872521345912,7.47001645021597,1.126541274547557,50.10553852007981,-6573.607210164569
10.133872521345912,7.47001645021597,1.126541274547557,50.10553852007981,-6573.607210164569
10.133872521345912,7.47001645021597,1.126541274547557,50.10553852007981,-6573.607210164569
10.378059685795003,6.821007447012222,1.1015453267090272,49.96280340426887,-6573.195358074268
10.378059685795003,6.821007447012222,1.1015453267090272,49.96280340426887,-6573.195358074268
10.112909086517345,8.7103387931178,1.0411777908741744,50.737486293502705,-6573.753020227568
9.374076367556837,7.869226155771688,1.0492282774359203,51.185616616105165,-6573.718698106243
9.374076367556837,7.869226155771688,1.0492282774359203,51.185616616105165,-6573.718698106243
10.464888471368564,8.670234028072132,1.0051736709226409,50.88275948810732,-6574.341102217137
10.155475096883782,8.071835784716875,0.9366316411843478,51.38292573039768,-6572.756017885411
10.155475096883782,8.071835784716875,0.9366316411843478,51.38292573039768,-6572.756017885411
10.155475096883782,8.071835784716875,0.9366316411843478,51.38292573039768,-6572.756017885411
9.838667458601813,8.179072728894994,0.8982122991068242,51.31968764460513,-6572.183529785469
9.838667458601813,8.179072728894994,0.8982122991068242,51.31968764460513,-6572.183529785469
9.838667458601813,8.179072728894994,0.8982122991068242,51.31968764460513,-6572.183529785469
9.838667458601813,8.179072728894994,0.8982122991068242,51.31968764460513,-6572.183529785469
9.838667458601813,8.179072728894994,0.8982122991068242,51.31968764460513,-6572.183529785469
9.838667458601813,8.179072728894994,0.8982122991068242,51.31968764460513,-6572.183529785469
9.838667458601813,8.179072728894994,0.8982122991068242,51.31968764460513,-6572.183529785469
9.979872948866992,6.874735535223574,0.8184892144298914,50.53325854600378,-6571.76137278883
10.026586806197418,7.17846623684426,0.8460796779612554,50.74472550392909,-6571.169627147503
10.026586806197418,7.17846623684426,0.8460796779612554,50.74472550392909,-6571.169627147503
10.026586806197418,7.17846623684426,0.8460796779612554,50.74472550392909,-6571.169627147503
10.026586806197418,7.17846623684426,0.8460796779612554,50.74472550392909,-6571.169627147503
10.52319629337203,6.177041047925626,0.8755680376207917,50.378012800193645,-6571.186551767109
10.52319629337203,6.177041047925626,0.8755680376207917,50.378012800193645,-6571.186551767109
10.52319629337203,6.177041047925626,0.8755680376207917,50.378012800193645,-6571.186551767109
10.52319629337203,6.177041047925626,0.8755680376207917,50.378012800193645,-6571.186551767109
10.52319629337203,6.177041047925626,0.8755680376207917,50.378012800193645,-6571.186551767109
10.929473020077538,6.599758324105302,0.8526207219190614,50.716353608347504,-6570.938536292075
10.929473020077538,6.599758324105302,0.8526207219190614,50.716353608347504,-6570.938536292075
10.929473020077538,6.599758324105302,0.8526207219190614,50.716353608347504,-6570.938536292075
10.929473020077538,6.599758324105302,0.8526207219190614,50.716353608347504,-6570.938536292075
10.929473020077538,6.599758324105302,0.8526207219190614,50.716353608347504,-6570.938536292075
10.929473020077538,6.599758324105302,0.8526207219190614,50.716353608347504,-6570.938536292075
10.929473020077538,6.599758324105302,0.8526207219190614,50.716353608347504,-6570.938536292075
10.929473020077538,6.599758324105302,0.8526207219190614,50.716353608347504,-6570.938536292075
10.929473020077538,6.599758324105302,0.8526207219190614,50.716353608347504,-6570.938536292075
10.929473020077538,6.599758324105302,0.8526207219190614,50.716353608347504,-6570.938536292075
10.626233583347611,6.524229721993211,0.945662715075605,50.03089467595206,-6571.350426191914
10.718014328414462,7.1054844916543685,0.9452718510210784,49.75794862736138,-6572.011720652813
10.947920775478144,6.571640247449217,1.0655862258460957,50.17245152180664,-6573.551779329816
10.127930787803884,6.00818265729567,1.0314907385370444,49.780276379898375,-6572.935746859599
10.127930787803884,6.00818265729567,1.0314907385370444,49.780276379898375,-6572.935746859599
10.554723640938823,6.67256479319641,0.9625275250527496,50.13185469607322,-6571.363534079039
9.866285670697902,8.765486522911965,1.025556824637421,49.934788389903765,-6572.820822448484
9.866285670697902,8.765486522911965,1.025556824637421,49.934788389903765,-6572.820822448484
9.866285670697902,8.765486522911965,1.025556824637421,49.934788389903765,-6572.820822448484
9.866285670697902,8.765486522911965,1.025556824637421,49.934788389903765,-6572.820822448484
9.754917087040692,9.816848631304232,0.9172193914798816,50.44392826755362,-6572.060994490548
9.754917087040692,9.816848631304232,0.9172193914798816,50.44392826755362,-6572.060994490548
9.754917087040692,9.816848631304232,0.9172193914798816,50.44392826755362,-6572.060994490548
9.754917087040692,9.816848631304232,0.9172193914798816,50.44392826755362,-6572.060994490548
9.299392850495744,9.691847036710596,0.8518740077613848,49.801934035658846,-6571.241960481706
9.299392850495744,9.691847036710596,0.8518740077613848,49.801934035658846,-6571.241960481706
9.299392850495744,9.691847036710596,0.8518740077613848,49.801934035658846,-6571.241960481706
9.299392850495744,9.691847036710596,0.8518740077613848,49.801934035658846,-6571.241960481706
9.299392850495744,9.691847036710596,0.8518740077613848,49.801934035658846,-6571.241960481706
9.299392850495744,9.691847036710596,0.8518740077613848,49.801934035658846,-6571.241960481706
9.039655356869314,9.488675876242477,0.9206524227512565,49.709945032056396,-6572.066778570864
9.039655356869314,9.488675876242477,0.9206524227512565,49.709945032056396,-6572.066778570864
9.039655356869314,9.488675876242477,0.9206524227512565,49.709945032056396,-6572.066778570864
9.524949235026506,8.431122131935041,0.9268292461561882,50.51042589628449,-6571.116384237435
10.210181156874624,6.4064682025689805,0.8501808559682095,50.92954635271476,-6572.126463235769
10.210181156874624,6.4064682025689805,0.8501808559682095,50.92954635271476,-6572.126463235769
10.210181156874624,6.4064682025689805,0.8501808559682095,50.92954635271476,-6572.126463235769
10.210181156874624,6.4064682025689805,0.8501808559682095,50.92954635271476,-6572.126463235769
10.210181156874624,6.4064682025689805,0.8501808559682095,50.92954635271476,-6572.126463235769
9.367984779939142,8.139885882790558,0.9222848529614746,51.34806888747697,-6573.248225063728
9.367984779939142,8.139885882790558,0.9222848529614746,51.34806888747697,-6573.248225063728
10.61925650518124,7.237877681190675,0.891767997475679,51.215348208707944,-6571.873455580582
10.61925650518124,7.237877681190675,0.891767997475679,51.215348208707944,-6571.873455580582
10.61925650518124,7.237877681190675,0.891767997475679,51.215348208707944,-6571.873455580582
10.61925650518124,7.237877681190675,0.891767997475679,51.215348208707944,-6571.873455580582
10.473743136655875,8.565145912309374,0.7483227025155466,51.03602575041125,-6570.937533756671
9.219839243355379,9.501810212266772,0.6215567127125913,50.81740935666463,-6573.485362388421
9.219839243355379,9.501810212266772,0.6215567127125913,50.81740935666463,-6573.485362388421
9.937502572450677,8.568132417918335,0.6856145030109203,50.80284986930335,-6571.035342482997
9.998867288746464,8.429090030472453,0.7863362153135478,50.33151803744172,-6570.175960536956
9.998867288746464,8.429090030472453,0.7863362153135478,50.33151803744172,-6570.175960536956
9.998867288746464,8.429090030472453,0.7863362153135478,50.33151803744172,-6570.175960536956
9.998867288746464,8.429090030472453,0.7863362153135478,50.33151803744172,-6570.175960536956
10.635368533049375,7.537481121710111,0.7312725689429614,50.27323994984892,-6570.396112017824
10.635368533049375,7.537481121710111,0.7312725689429614,50.27323994984892,-6570.396112017824
10.635368533049375,7.537481121710111,0.7312725689429614,50.27323994984892,-6570.396112017824
10.635368533049375,7.537481121710111,0.7312725689429614,50.27323994984892,-6570.396112017824
10.635368533049375,7.537481121710111,0.7312725689429614,50.27323994984892,-6570.396112017824
10.635368533049375,7.537481121710111,0.7312725689429614,50.27323994984892,-6570.396112017824
10.635368533049375,7.537481121710111,0.7312725689429614,50.27323994984892,-6570.396112017824
10.635368533049375,7.537481121710111,0.7312725689429614,50.27323994984892,-6570.396112017824
10.625685222368201,7.469622833449088,0.6131400646994829,50.6667791770736,-6572.062195289447
10.625685222368201,7.469622833449088,0.6131400646994829,50.6667791770736,-6572.062195289447
10.625685222368201,7.469622833449088,0.6131400646994829,50.6667791770736,-6572.062195289447
10.625685222368201,7.469622833449088,0.6131400646994829,50.6667791770736,-6572.062195289447
10.625685222368201,7.469622833449088,0.6131400646994829,50.6667791770736,-6572.062195289447
10.293405593396825,7.794318704534186,0.8628959122892185,50.573020738770936,-6570.505832958341
10.293405593396825,7.794318704534186,0.8628959122892185,50.573020738770936,-6570.505832958341
10.293405593396825,7.794318704534186,0.8628959122892185,50.573020738770936,-6570.505832958341
10.551576094164167,6.492528372617745,0.8987569996724214,50.31508107935732,-6570.906409415496
10.551576094164167,6.492528372617745,0.8987569996724214,50.31508107935732,-6570.906409415496
10.3310186552244,8.47149513126701,0.7669076803017687,50.3258962201868,-6570.199204587381
10.3310186552244,8.47149513126701,0.7669076803017687,50.3258962201868,-6570.199204587381
10.3310186552244,8.47149513126701,0.7669076803017687,50.3258962201868,-6570.199204587381
10.3310186552244,8.47149513126701,0.7669076803017687,50.3258962201868,-6570.199204587381
10.3310186552244,8.47149513126701,0.7669076803017687,50.3258962201868,-6570.199204587381
10.3310186552244,8.47149513126701,0.7669076803017687,50.3258962201868,-6570.199204587381
10.3310186552244,8.47149513126701,0.7669076803017687,50.3258962201868,-6570.199204587381
10.114400565666342,8.73602737320945,0.6177000987459035,50.41747867266007,-6571.256040758208
10.114400565666342,8.73602737320945,0.6177000987459035,50.41747867266007,-6571.256040758208
10.647854203705855,7.916547351534561,0.582171898499007,50.557262576112976,-6572.008048280659
10.647854203705855,7.916547351534561,0.582171898499007,50.557262576112976,-6572.008048280659
10.467103247827936,8.177563545178918,0.6199651802961197,50.204923290343295,-6571.291735164813
10.313578140381312,8.7476272151114,0.5779723119279645,50.66753222009029,-6571.745309657737
11.078160221523333,8.94595270968782,0.5838131673356719,50.37095829893045,-6571.800721627884
11.078160221523333,8.94595270968782,0.5838131673356719,50.37095829893045,-6571.800721627884
10.237951702052191,10.222070055252324,0.6564493154200415,50.30419897159485,-6571.100927684005
10.237951702052191,10.222070055252324,0.6564493154200415,50.30419897159485,-6571.100927684005
10.237951702052191,10.222070055252324,0.6564493154200415,50.30419897159485,-6571.100927684005
10.686396274255975,7.813500695777343,0.7841153750255048,50.37471374428803,-6570.400130904632
10.686396274255975,7.813500695777343,0.7841153750255048,50.37471374428803,-6570.400130904632
10.686396274255975,7.813500695777343,0.7841153750255048,50.37471374428803,-6570.400130904632
9.892001565018216,7.871168008287141,0.9842987323379622,50.71262031778892,-6571.624753145051
9.186407481292832,8.37761752513536,0.8739229989997581,50.39407254067917,-6571.817291071694
9.186407481292832,8.37761752513536,0.8739229989997581,50.39407254067917,-6571.817291071694
9.35485499009019,8.420483564880278,0.8851875473653593,49.930810366650185,-6571.44055998891
9.35485499009019,8.420483564880278,0.8851875473653593,49.930810366650185,-6571.44055998891
9.35485499009019,8.420483564880278,0.8851875473653593,49.930810366650185,-6571.44055998891
9.35485499009019,8.420483564880278,0.8851875473653593,49.930810366650185,-6571.44055998891
9.35485499009019,8.420483564880278,0.8851875473653593,49.930810366650185,-6571.44055998891
9.25519862271802,9.706263987590116,1.0101574994701503,50.41276252778674,-6572.62732667922
9.25519862271802,9.706263987590116,1.0101574994701503,50.41276252778674,-6572.62732667922
10.152727580158277,9.610906449949841,0.9078966635884603,50.293557664192264,-6572.657618731272
9.261016831258518,9.65369464729222,0.8731605193365948,50.25802179821898,-6570.998832735975
9.261016831258518,9.65369464729222,0.8731605193365948,50.25802179821898,-6570.998832735975
10.18797308103692,9.194216982086509,0.7643813451561718,50.04669138087249,-6570.594459299674
10.18797308103692,9.194216982086509,0.7643813451561718,50.04669138087249,-6570.594459299674
10.18797308103692,9.194216982086509,0.7643813451561718,50.04669138087249,-6570.594459299674
9.94070638434234,8.299213472362792,0.7473979890039346,50.97779428422066,-6571.016153934996
9.94070638434234,8.299213472362792,0.7473979890039346,50.97779428422066,-6571.016153934996
9.94070638434234,8.299213472362792,0.7473979890039346,50.97779428422066,-6571.016153934996
9.94070638434234,8.299213472362792,0.7473979890039346,50.97779428422066,-6571.016153934996
9.94070638434234,8.299213472362792,0.7473979890039346,50.97779428422066,-6571.016153934996
9.94070638434234,8.299213472362792,0.7473979890039346,50.97779428422066,-6571.016153934996
9.94070638434234,8.299213472362792,0.7473979890039346,50.97779428422066,-6571.016153934996
9.94070638434234,8.299213472362792,0.7473979890039346,50.97779428422066,-6571.016153934996
9.94070638434234,8.299213472362792,0.7473979890039346,50.97779428422066,-6571.016153934996
10.012563479550359,8.089426612184372,0.8433198229461318,50.787932016233384,-6570.625128030648
10.113129697811509,7.004834327990743,0.7787908023128306,50.543335396534694,-6571.4615050798175
9.988414685162256,7.2418341320057795,0.7704034568158346,50.60363946469084,-6571.569082732282
9.988414685162256,7.2418341320057795,0.7704034568158346,50.60363946469084,-6571.569082732282
9.927409932444345,6.812878609718332,0.8322569047809231,50.44953409056972,-6571.921580247464
9.663407739656263,8.136001165341765,0.7897268494489622,50.449822663103994,-6570.95116422974
10.382845546319988,6.4932415768462715,0.8810732694598573,51.08970239484772,-6571.84079195181
10.382845546319988,6.4932415768462715,0.8810732694598573,51.08970239484772,-6571.84079195181
10.382845546319988,6.4932415768462715,0.8810732694598573,51.08970239484772,-6571.84079195181
10.744999973411472,6.828736088484675,0.8195148389490993,50.61438385110246,-6570.596335830714
10.744999973411472,6.828736088484675,0.8195148389490993,50.61438385110246,-6570.596335830714
10.744999973411472,6.828736088484675,0.8195148389490993,50.61438385110246,-6570.596335830714
10.553897272174952,6.469510817035212,0.7972075880133414,50.68484603915315,-6571.177135620654
10.553897272174952,6.469510817035212,0.7972075880133414,50.68484603915315,-6571.177135620654
10.177727077599744,7.179585910581832,0.9165985643430291,50.3389501374297,-6570.811821168931
10.177727077599744,7.179585910581832,0.9165985643430291,50.3389501374297,-6570.811821168931
10.177727077599744,7.179585910581832,0.9165985643430291,50.3389501374297,-6570.811821168931
9.673416182721645,7.249186359607337,1.0146483462334348,50.87414463578311,-6572.4920933599
9.673416182721645,7.249186359607337,1.0146483462334348,50.87414463578311,-6572.4920933599
9.673416182721645,7.249186359607337,1.0146483462334348,50.87414463578311,-6572.4920933599
9.673416182721645,7.249186359607337,1.0146483462334348,50.87414463578311,-6572.4920933599
9.673416182721645,7.249186359607337,1.0146483462334348,50.87414463578311,-6572.4920933599
9.673416182721645,7.249186359607337,1.0146483462334348,50.87414463578311,-6572.4920933599
9.673416182721645,7.249186359607337,1.0146483462334348,50.87414463578311,-6572.4920933599
9.673416182721645,7.249186359607337,1.0146483462334348,50.87414463578311,-6572.4920933599
9.673416182721645,7.249186359607337,1.0146483462334348,50.87414463578311,-6572.4920933599
9.673416182721645,7.249186359607337,1.0146483462334348,50.87414463578311,-6572.4920933599
9.673416182721645,7.249186359607337,1.0146483462334348,50.87414463578311,-6572.4920933599
10.4364469901853,5.718526173376273,1.048170220020289,50.32501626898433,-6572.450793989766
10.4364469901853,5.718526173376273,1.048170220020289,50.32501626898433,-6572.450793989766
10.4364469901853,5.718526173376273,1.048170220020289,50.32501626898433,-6572.450793989766
10.4364469901853,5.718526173376273,1.048170220020289,50.32501626898433,-6572.450793989766
10.4364469901853,5.718526173376273,1.048170220020289,50.32501626898433,-6572.450793989766
10.4364469901853,5.718526173376273,1.048170220020289,50.32501626898433,-6572.450793989766
10.249287770930033,7.7759090858581885,0.9959818732142321,50.292430156078744,-6571.8305991952
10.249287770930033,7.7759090858581885,0.9959818732142321,50.292430156078744,-6571.8305991952
9.680075460838113,7.606174626080963,1.0516376616722252,49.8195133432146,-6572.511092344152
10.446266432293264,9.006171109679432,0.8908352060428678,49.71707914328858,-6572.851779889863
10.446266432293264,9.006171109679432,0.8908352060428678,49.71707914328858,-6572.851779889863
10.446266432293264,9.006171109679432,0.8908352060428678,49.71707914328858,-6572.851779889863
10.446266432293264,9.006171109679432,0.8908352060428678,49.71707914328858,-6572.851779889863
9.867749661935513,8.270824757475827,0.8099582654719096,49.136026849701345,-6572.658470559837
9.867749661935513,8.270824757475827,0.8099582654719096,49.136026849701345,-6572.658470559837
9.597474323231229,8.346330427564023,0.7539052548407907,49.17857269703798,-6573.43327283247
10.183816994139264,6.702203060775622,0.8091640431044592,49.343730493786914,-6573.192169209801
10.183816994139264,6.702203060775622,0.8091640431044592,49.343730493786914,-6573.192169209801
10.183816994139264,6.702203060775622,0.8091640431044592,49.343730493786914,-6573.192169209801
10.183816994139264,6.702203060775622,0.8091640431044592,49.343730493786914,-6573.192169209801
10.183816994139264,6.702203060775622,0.8091640431044592,49.343730493786914,-6573.192169209801
10.183816994139264,6.702203060775622,0.8091640431044592,49.343730493786914,-6573.192169209801
11.139236138564609,8.254573951067847,0.6532012430154588,49.39425039335912,-6572.944503416146
11.139236138564609,8.254573951067847,0.6532012430154588,49.39425039335912,-6572.944503416146
11.036879160662743,9.56359495973142,0.5969838266646931,49.68278003143937,-6573.213332401925
11.381073897208191,9.44718641675345,0.5399694843345876,50.411234673509206,-6573.2971570065265
11.381073897208191,9.44718641675345,0.5399694843345876,50.411234673509206,-6573.2971570065265
11.381073897208191,9.44718641675345,0.5399694843345876,50.411234673509206,-6573.2971570065265
11.35999838368106,6.953368188575865,0.6714412538194028,50.525257688336566,-6571.233265450925
11.35999838368106,6.953368188575865,0.6714412538194028,50.525257688336566,-6571.233265450925
11.35999838368106,6.953368188575865,0.6714412538194028,50.525257688336566,-6571.233265450925
11.35999838368106,6.953368188575865,0.6714412538194028,50.525257688336566,-6571.233265450925
11.35999838368106,6.953368188575865,0.6714412538194028,50.525257688336566,-6571.233265450925
11.35999838368106,6.953368188575865,0.6714412538194028,50.525257688336566,-6571.233265450925
11.35999838368106,6.953368188575865,0.6714412538194028,50.525257688336566,-6571.233265450925
11.35999838368106,6.953368188575865,0.6714412538194028,50.525257688336566,-6571.233265450925
11.35999838368106,6.953368188575865,0.6714412538194028,50.525257688336566,-6571.233265450925
10.129988593181997,7.442068267319589,0.7339882698172746,50.359827723373144,-6571.142416384857
10.333184284159104,8.513246046723545,0.7851647677846252,50.18726473856411,-6570.33567277327
10.333184284159104,8.513246046723545,0.7851647677846252,50.18726473856411,-6570.33567277327
10.333184284159104,8.513246046723545,0.7851647677846252,50.18726473856411,-6570.33567277327
10.333184284159104,8.513246046723545,0.7851647677846252,50.18726473856411,-6570.33567277327
9.996331147309139,9.46795607659873,0.6648655546522746,49.566650087894345,-6571.53515948524
9.996331147309139,9.46795607659873,0.6648655546522746,49.566650087894345,-6571.53515948524
9.996331147309139,9.46795607659873,0.6648655546522746,49.566650087894345,-6571.53515948524
9.996331147309139,9.46795607659873,0.6648655546522746,49.566650087894345,-6571.53515948524
9.996331147309139,9.46795607659873,0.6648655546522746,49.566650087894345,-6571.53515948524
9.996331147309139,9.46795607659873,0.6648655546522746,49.566650087894345,-6571.53515948524
9.996331147309139,9.46795607659873,0.6648655546522746,49.566650087894345,-6571.53515948524
10.663047995018564,8.346780884188501,0.6703209237852997,49.75177146110686,-6571.231804975377
10.213967547584609,8.39849377147444,0.8462390067817727,49.236726667629405,-6572.347017219429
10.213967547584609,8.39849377147444,0.8462390067817727,49.236726667629405,-6572.347017219429
10.213967547584609,8.39849377147444,0.8462390067817727,49.236726667629405,-6572.347017219429
10.213967547584609,8.39849377147444,0.8462390067817727,49.236726667629405,-6572.347017219429
10.213967547584609,8.39849377147444,0.8462390067817727,49.236726667629405,-6572.347017219429
9.621742616565678,8.467639433169577,0.9477557006886861,49.26363217862936,-6572.798315073656
9.415952331299811,8.15901396493054,0.8470944727201536,49.4193391132739,-6572.700566608053
9.651090719433846,8.193114037421399,0.8267919627654614,50.15581140111938,-6570.7875188175
9.651090719433846,8.193114037421399,0.8267919627654614,50.15581140111938,-6570.7875188175
8.69934133755816,9.817417357355525,0.7579843591222724,50.100745969324144,-6572.7751494758395
8.825930956537462,10.272763672881439,0.7628355301468377,49.87333668973704,-6571.946779353471
8.825930956537462,10.272763672881439,0.7628355301468377,49.87333668973704,-6571.946779353471
8.825930956537462,10.272763672881439,0.7628355301468377,49.87333668973704,-6571.946779353471
8.825930956537462,10.272763672881439,0.7628355301468377,49.87333668973704,-6571.946779353471
8.825930956537462,10.272763672881439,0.7628355301468377,49.87333668973704,-6571.946779353471
8.825930956537462,10.272763672881439,0.7628355301468377,49.87333668973704,-6571.946779353471
9.20186852838152,10.613167737254033,0.7839172797453867,49.37176234434427,-6572.335566627946
8.440584338853606,11.236802383427118,0.8485354775522853,49.85487340137814,-6572.7125745839985
8.440584338853606,11.236802383427118,0.8485354775522853,49.85487340137814,-6572.7125745839985
8.611328293497321,11.8767103383202,0.811358535876831,49.912891199093195,-6572.503391595908
8.611328293497321,11.8767103383202,0.811358535876831,49.912891199093195,-6572.503391595908
8.611328293497321,11.8767103383202,0.811358535876831,49.912891199093195,-6572.503391595908
8.190939239341613,13.09022418117109,0.8328569110108066,49.67202663908926,-6574.518510134261
8.190939239341613,13.09022418117109,0.8328569110108066,49.67202663908926,-6574.518510134261
7.982258085603611,13.477981308188488,0.6774068050912672,49.895718604607396,-6574.465757425662
7.982258085603611,13.477981308188488,0.6774068050912672,49.895718604607396,-6574.465757425662
8.353393479415404,13.386382145665447,0.6418428692666241,50.25299635192998,-6573.468174598507
8.353393479415404,13.386382145665447,0.6418428692666241,50.25299635192998,-6573.468174598507
8.353393479415404,13.386382145665447,0.6418428692666241,50.25299635192998,-6573.468174598507
8.353393479415404,13.386382145665447,0.6418428692666241,50.25299635192998,-6573.468174598507
8.353393479415404,13.386382145665447,0.6418428692666241,50.25299635192998,-6573.468174598507
8.353393479415404,13.386382145665447,0.6418428692666241,50.25299635192998,-6573.468174598507
8.353393479415404,13.386382145665447,0.6418428692666241,50.25299635192998,-6573.468174598507
8.353393479415404,13.386382145665447,0.6418428692666241,50.25299635192998,-6573.468174598507
9.317467685293597,12.1943414200448,0.5191570388044248,50.596912053050914,-6572.958854884939
9.317467685293597,12.1943414200448,0.5191570388044248,50.596912053050914,-6572.958854884939
9.317467685293597,12.1943414200448,0.5191570388044248,50.596912053050914,-6572.958854884939
9.317467685293597,12.1943414200448,0.5191570388044248,50.596912053050914,-6572.958854884939
9.317467685293597,12.1943414200448,0.5191570388044248,50.596912053050914,-6572.958854884939
9.131947627312673,11.273535720758439,0.5747152695635088,50.94369494375942,-6572.869453745907
9.131947627312673,11.273535720758439,0.5747152695635088,50.94369494375942,-6572.869453745907
9.778712312859025,9.301013606495086,0.7343558838195727,49.33970741745152,-6571.904210003094
10.310900707077941,8.538235689993463,0.7868158336681623,50.623003904621164,-6570.367580566557
10.310900707077941,8.538235689993463,0.7868158336681623,50.623003904621164,-6570.367580566557
10.310900707077941,8.538235689993463,0.7868158336681623,50.623003904621164,-6570.367580566557
10.310900707077941,8.538235689993463,0.7868158336681623,50.623003904621164,-6570.367580566557
10.310900707077941,8.538235689993463,0.7868158336681623,50.623003904621164,-6570.367580566557
10.310900707077941,8.538235689993463,0.7868158336681623,50.623003904621164,-6570.367580566557
10.310900707077941,8.538235689993463,0.7868158336681623,50.623003904621164,-6570.367580566557
10.310900707077941,8.538235689993463,0.7868158336681623,50.623003904621164,-6570.367580566557
10.310900707077941,8.538235689993463,0.7868158336681623,50.623003904621164,-6570.367580566557
10.310900707077941,8.538235689993463,0.7868158336681623,50.623003904621164,-6570.367580566557
9.644770962771862,8.052419404710795,0.9092653843066054,50.40472779064135,-6570.940861668471
10.329776551046157,7.142937347010041,0.880027159415455,50.06006005815402,-6570.726382647603
10.329776551046157,7.142937347010041,0.880027159415455,50.06006005815402,-6570.726382647603
10.329776551046157,7.142937347010041,0.880027159415455,50.06006005815402,-6570.726382647603
10.329776551046157,7.142937347010041,0.880027159415455,50.06006005815402,-6570.726382647603
10.745991196982535,7.215006951389022,0.7497990766779283,50.57744454071659,-6570.470264602306
10.838348810383415,8.078072491055778,0.687126401428235,50.272476976938314,-6570.617090706783
10.838348810383415,8.078072491055778,0.687126401428235,50.272476976938314,-6570.617090706783
10.596255231335405,7.35099534826161,0.8034628780545662,50.08544426620698,-6570.465653539077
10.596255231335405,7.35099534826161,0.8034628780545662,50.08544426620698,-6570.465653539077
10.596255231335405,7.35099534826161,0.8034628780545662,50.08544426620698,-6570.465653539077
10.596255231335405,7.35099534826161,0.8034628780545662,50.08544426620698,-6570.465653539077
10.596255231335405,7.35099534826161,0.8034628780545662,50.08544426620698,-6570.465653539077
10.596255231335405,7.35099534826161,0.8034628780545662,50.08544426620698,-6570.465653539077
10.596255231335405,7.35099534826161,0.8034628780545662,50.08544426620698,-6570.465653539077
10.936951641986475,5.761190880603698,0.8500301264896638,50.56627665938216,-6571.294705986482
10.840387722513325,6.257970847061785,0.8310382600120122,50.400235740723424,-6570.852898664942
10.840387722513325,6.257970847061785,0.8310382600120122,50.400235740723424,-6570.852898664942
10.840387722513325,6.257970847061785,0.8310382600120122,50.400235740723424,-6570.852898664942
10.840387722513325,6.257970847061785,0.8310382600120122,50.400235740723424,-6570.852898664942
10.840387722513325,6.257970847061785,0.8310382600120122,50.400235740723424,-6570.852898664942
10.840387722513325,6.257970847061785,0.8310382600120122,50.400235740723424,-6570.852898664942
11.237371955182093,5.391654987344246,0.8467647768268108,49.6194034793622,-6572.50642024937
11.237371955182093,5.391654987344246,0.8467647768268108,49.6194034793622,-6572.50642024937
11.237371955182093,5.391654987344246,0.8467647768268108,49.6194034793622,-6572.50642024937
11.757762511790853,6.236291748050427,0.8112273377614888,50.619857657981804,-6572.144941102699
11.2795955108838,6.846264401040802,0.6772278134096941,50.06605977025714,-6571.4192249882035
11.2795955108838,6.846264401040802,0.6772278134096941,50.06605977025714,-6571.4192249882035
11.2795955108838,6.846264401040802,0.6772278134096941,50.06605977025714,-6571.4192249882035
10.874835536423856,7.278995757520255,0.7377775817322563,50.28156198291784,-6570.513840217654
10.874835536423856,7.278995757520255,0.7377775817322563,50.28156198291784,-6570.513840217654
10.874835536423856,7.278995757520255,0.7377775817322563,50.28156198291784,-6570.513840217654
10.06835008689484,7.062922816626984,0.8152176761056256,49.82031097864067,-6571.6101279847435
9.356613288471678,7.85743000934903,1.076504353090765,49.42276077457975,-6573.881200734759
9.356613288471678,7.85743000934903,1.076504353090765,49.42276077457975,-6573.881200734759
9.356613288471678,7.85743000934903,1.076504353090765,49.42276077457975,-6573.881200734759
9.356613288471678,7.85743000934903,1.076504353090765,49.42276077457975,-6573.881200734759
9.356613288471678,7.85743000934903,1.076504353090765,49.42276077457975,-6573.881200734759
8.929550132751388,7.726739032807719,1.157617907379371,49.98904743038891,-6574.846121669982
8.929550132751388,7.726739032807719,1.157617907379371,49.98904743038891,-6574.846121669982
9.216557992029996,8.759237724013703,1.205946680296578,50.02178020576801,-6575.196891267113
9.216557992029996,8.759237724013703,1.205946680296578,50.02178020576801,-6575.196891267113
9.216557992029996,8.759237724013703,1.205946680296578,50.02178020576801,-6575.196891267113
9.357148035076525,6.512926485205856,1.1070075186331922,50.12059716931693,-6574.4897859304765
9.091364288091395,7.619615446468878,1.1314196233555494,50.06221407958944,-6574.123795595857
9.091364288091395,7.619615446468878,1.1314196233555494,50.06221407958944,-6574.123795595857
9.091364288091395,7.619615446468878,1.1314196233555494,50.06221407958944,-6574.123795595857
9.18607148042245,9.48564988541363,1.0306870565676578,49.64747711098893,-6573.241753420814
9.681780789868176,7.249841575525086,1.0740814759023878,50.58144851583717,-6572.636499244614
9.681780789868176,7.249841575525086,1.0740814759023878,50.58144851583717,-6572.636499244614
9.191115046086875,8.551313676309398,1.0579913246442603,50.67760151550353,-6572.91654936094
9.191115046086875,8.551313676309398,1.0579913246442603,50.67760151550353,-6572.91654936094
10.245261710919316,7.0205003981516105,1.144974053037783,50.91950379007619,-6574.265466804698
10.245261710919316,7.0205003981516105,1.144974053037783,50.91950379007619,-6574.265466804698
10.245261710919316,7.0205003981516105,1.144974053037783,50.91950379007619,-6574.265466804698
10.245261710919316,7.0205003981516105,1.144974053037783,50.91950379007619,-6574.265466804698
9.886271963880354,8.782448799295699,0.9521629224161703,51.24686132554544,-6572.819541524621
9.640410439144349,7.561972024438289,1.047116402082533,51.27546322022655,-6573.655351273741
9.640410439144349,7.561972024438289,1.047116402082533,51.27546322022655,-6573.655351273741
9.640410439144349,7.561972024438289,1.047116402082533,51.27546322022655,-6573.655351273741
10.061069705299273,5.915531697684513,1.0777776430193715,51.47334443569106,-6575.08551904122
10.061069705299273,5.915531697684513,1.0777776430193715,51.47334443569106,-6575.08551904122
10.061069705299273,5.915531697684513,1.0777776430193715,51.47334443569106,-6575.08551904122
10.061069705299273,5.915531697684513,1.0777776430193715,51.47334443569106,-6575.08551904122
10.061069705299273,5.915531697684513,1.0777776430193715,51.47334443569106,-6575.08551904122
9.779683202515159,5.341869351187285,1.1703743640640387,50.97657698190591,-6576.148158762942
9.779683202515159,5.341869351187285,1.1703743640640387,50.97657698190591,-6576.148158762942
10.032817904213543,5.342217054539161,1.2061787034058475,50.50080595078068,-6575.0426568822
10.178817110694382,6.776261425223721,1.14766533343992,50.29571726754993,-6573.5125191854195
10.178817110694382,6.776261425223721,1.14766533343992,50.29571726754993,-6573.5125191854195
10.178817110694382,6.776261425223721,1.14766533343992,50.29571726754993,-6573.5125191854195
10.178817110694382,6.776261425223721,1.14766533343992,50.29571726754993,-6573.5125191854195
10.002445431486862,6.802099906452472,1.1811372964396476,50.74170660230403,-6574.25409365877
9.662321904502665,8.987715493815767,1.1840470350193402,50.98869271432233,-6576.502681073497
9.662321904502665,8.987715493815767,1.1840470350193402,50.98869271432233,-6576.502681073497
10.930689865487055,7.977824323069271,1.0193027084585817,51.31187239729584,-6576.089260695639
10.930689865487055,7.977824323069271,1.0193027084585817,51.31187239729584,-6576.089260695639
10.930689865487055,7.977824323069271,1.0193027084585817,51.31187239729584,-6576.089260695639
10.930689865487055,7.977824323069271,1.0193027084585817,51.31187239729584,-6576.089260695639
10.930689865487055,7.977824323069271,1.0193027084585817,51.31187239729584,-6576.089260695639
10.518892405526568,8.402648301538152,0.9027473999436549,51.23762686968124,-6572.872237035912
10.516976584810307,7.791182696091762,0.7888747176879948,50.92306548854712,-6570.671671867391
10.516976584810307,7.791182696091762,0.7888747176879948,50.92306548854712,-6570.671671867391
10.516976584810307,7.791182696091762,0.7888747176879948,50.92306548854712,-6570.671671867391
11.1690306953548,7.479166901595705,0.6714466620483717,50.757996449603226,-6571.077000280393
10.821677966273954,5.984850808093338,0.719664567953143,50.60954672189307,-6572.292060562639
10.821677966273954,5.984850808093338,0.719664567953143,50.60954672189307,-6572.292060562639
10.821677966273954,5.984850808093338,0.719664567953143,50.60954672189307,-6572.292060562639
11.077922363286543,6.516196435614752,0.621892403065167,49.67180693342981,-6573.614533390053
11.077922363286543,6.516196435614752,0.621892403065167,49.67180693342981,-6573.614533390053
11.216359417249265,7.218298891698197,0.5746416400396478,49.36086313500619,-6574.463813307034
11.243966553724578,6.894504408241281,0.67714209900848,48.9702348243651,-6574.55772349513
10.735641502490438,6.079555920054416,0.719081449923599,49.59596256954751,-6573.434250582161
11.611095729382068,5.019647759430187,0.7369341131215136,51.02138356647518,-6572.935286612546
11.242359644752852,7.247406526596451,0.659187965699263,49.7683372740317,-6571.898800452504
10.737060486351437,6.1743636147424485,0.7438962507680628,50.52684096767589,-6571.708127937622
10.709241289472688,8.910158527960798,0.6823116556401578,50.29509679282198,-6570.8306540919675
10.13523083799571,10.704857730409312,0.6163525582481657,50.50074389415397,-6571.402957443681
10.13523083799571,10.704857730409312,0.6163525582481657,50.50074389415397,-6571.402957443681
10.13523083799571,10.704857730409312,0.6163525582481657,50.50074389415397,-6571.402957443681
10.13523083799571,10.704857730409312,0.6163525582481657,50.50074389415397,-6571.402957443681
10.13523083799571,10.704857730409312,0.6163525582481657,50.50074389415397,-6571.402957443681
10.13523083799571,10.704857730409312,0.6163525582481657,50.50074389415397,-6571.402957443681
10.13523083799571,10.704857730409312,0.6163525582481657,50.50074389415397,-6571.402957443681
10.13523083799571,10.704857730409312,0.6163525582481657,50.50074389415397,-6571.402957443681
10.13523083799571,10.704857730409312,0.6163525582481657,50.50074389415397,-6571.402957443681
10.13523083799571,10.704857730409312,0.6163525582481657,50.50074389415397,-6571.402957443681
10.13523083799571,10.704857730409312,0.6163525582481657,50.50074389415397,-6571.402957443681
10.13523083799571,10.704857730409312,0.6163525582481657,50.50074389415397,-6571.402957443681
10.822030277824979,8.564954087411236,0.6514964407274637,50.632766920266874,-6570.850992626025
10.311434313436541,9.03842523314944,0.6814542353084733,50.698552557708034,-6570.476952259869
11.463570852830895,8.464758681470704,0.6733688301034741,50.884751814983375,-6572.712256342991
11.463570852830895,8.464758681470704,0.6733688301034741,50.884751814983375,-6572.712256342991
11.463570852830895,8.464758681470704,0.6733688301034741,50.884751814983375,-6572.712256342991
10.713509345660672,5.504718391700255,0.8204508928618822,50.91782936051088,-6572.664408090481
10.711265814701166,6.5087318773415035,0.752843870459559,51.24779252527291,-6572.175388943696
10.711265814701166,6.5087318773415035,0.752843870459559,51.24779252527291,-6572.175388943696
10.862638141506629,6.490629211063377,0.8642922066032538,51.37645502741736,-6572.257396788576
10.862638141506629,6.490629211063377,0.8642922066032538,51.37645502741736,-6572.257396788576
10.862638141506629,6.490629211063377,0.8642922066032538,51.37645502741736,-6572.257396788576
11.442593029354803,5.790093139824677,1.002748749654412,51.23480195416225,-6574.162840444366
10.423175280056846,5.4627560542463325,1.0204023373224755,50.99764103980019,-6573.2291827301
10.423175280056846,5.4627560542463325,1.0204023373224755,50.99764103980019,-6573.2291827301
10.423175280056846,5.4627560542463325,1.0204023373224755,50.99764103980019,-6573.2291827301
10.536922249222327,6.264530022587244,1.1063161583511512,49.98690226238853,-6573.220296587437
10.536922249222327,6.264530022587244,1.1063161583511512,49.98690226238853,-6573.220296587437
10.536922249222327,6.264530022587244,1.1063161583511512,49.98690226238853,-6573.220296587437
11.08469136929465,6.405367131043145,0.9851878548361257,50.85910735096257,-6572.711930024228
10.751802620763772,7.354248139656331,0.8597187511582808,50.47579223950976,-6570.792198631373
10.751802620763772,7.354248139656331,0.8597187511582808,50.47579223950976,-6570.792198631373
11.060417607444988,7.481161673750999,0.8357207388012455,50.491967803876484,-6571.363007431659
11.23401550745573,5.810138527197928,0.871666877697417,50.35788690293283,-6571.311690040702
11.148431083326102,6.782064481928128,0.906814400915069,50.46725793588754,-6571.786521871147
11.148431083326102,6.782064481928128,0.906814400915069,50.46725793588754,-6571.786521871147
11.148431083326102,6.782064481928128,0.906814400915069,50.46725793588754,-6571.786521871147
11.148431083326102,6.782064481928128,0.906814400915069,50.46725793588754,-6571.786521871147
11.148431083326102,6.782064481928128,0.906814400915069,50.46725793588754,-6571.786521871147
11.148431083326102,6.782064481928128,0.906814400915069,50.46725793588754,-6571.786521871147
11.148431083326102,6.782064481928128,0.906814400915069,50.46725793588754,-6571.786521871147
11.301802958055575,6.426359324393382,0.8034974704250099,51.33038960884228,-6572.231446157466
11.301802958055575,6.426359324393382,0.8034974704250099,51.33038960884228,-6572.231446157466
11.28874738908622,5.57821842735731,0.7550381840834441,50.82844025533753,-6571.911880350528
11.28874738908622,5.57821842735731,0.7550381840834441,50.82844025533753,-6571.911880350528
12.009765045734847,4.7103070786946715,0.7549008668429451,50.48481284740495,-6572.698602299461
11.646076889350859,6.8214306362519785,0.790125605403177,49.88553371381544,-6572.526197027202
12.93020550405927,6.594445833979708,0.716003779365915,50.55566612670273,-6577.069344232481
12.115884311536199,6.768206519014704,0.556723893350227,49.850333226848946,-6574.329455103356
11.640645317110106,6.355914208497737,0.6058939399409627,49.977529050387616,-6573.036956317754
12.31943405403149,5.003298326409782,0.8344629947414028,50.52803381283731,-6573.346539467675
11.620188183495038,5.0819636108343,0.7729639913665439,50.33114897558414,-6572.096202177101
11.620188183495038,5.0819636108343,0.7729639913665439,50.33114897558414,-6572.096202177101
11.526834009337206,5.356313909483521,0.7520744806280797,50.05874897660394,-6572.148891749597
11.190587675855511,5.326748627383745,0.805282211792545,49.770546016267296,-6572.464884834192
11.190587675855511,5.326748627383745,0.805282211792545,49.770546016267296,-6572.464884834192
11.190587675855511,5.326748627383745,0.805282211792545,49.770546016267296,-6572.464884834192
11.053412170302934,7.828672206427269,0.7961439514754618,49.84032172743158,-6571.770252593889
11.053412170302934,7.828672206427269,0.7961439514754618,49.84032172743158,-6571.770252593889
11.053412170302934,7.828672206427269,0.7961439514754618,49.84032172743158,-6571.770252593889
11.053412170302934,7.828672206427269,0.7961439514754618,49.84032172743158,-6571.770252593889
10.268569990533221,9.586194287866423,0.7374557893308338,50.23018670159885,-6570.819495659251
10.268569990533221,9.586194287866423,0.7374557893308338,50.23018670159885,-6570.819495659251
10.268569990533221,9.586194287866423,0.7374557893308338,50.23018670159885,-6570.819495659251
10.55026650987715,7.785836170466115,0.717181176803765,49.91164240075528,-6570.734901239923
10.65946346518497,6.960616394469682,0.8337095687079333,49.931192404004655,-6570.806542958908
10.65946346518497,6.960616394469682,0.8337095687079333,49.931192404004655,-6570.806542958908
10.11118604203288,9.558804068185196,0.7342994369086752,50.105244482470475,-6570.590415595781
10.11118604203288,9.558804068185196,0.7342994369086752,50.105244482470475,-6570.590415595781
9.158185456742013,10.17917450795633,0.6623521685798501,50.08630364590225,-6571.715057974115
9.396433718045085,10.837235060981692,0.7543254560313181,49.8606395704077,-6571.336263869478
9.396433718045085,10.837235060981692,0.7543254560313181,49.8606395704077,-6571.336263869478
9.396433718045085,10.837235060981692,0.7543254560313181,49.8606395704077,-6571.336263869478
9.766706515517422,10.595699354144216,0.7949326032173033,49.994013729216526,-6571.737307960217
9.766706515517422,10.595699354144216,0.7949326032173033,49.994013729216526,-6571.737307960217
9.766706515517422,10.595699354144216,0.7949326032173033,49.994013729216526,-6571.737307960217
9.189180755574927,10.445441942606298,0.8838548365357317,50.53166278637494,-6571.678522672122
9.434634748493446,8.26813189667908,0.9644539429619656,50.39342871501235,-6571.4829459401935
9.434634748493446,8.26813189667908,0.9644539429619656,50.39342871501235,-6571.4829459401935
9.434634748493446,8.26813189667908,0.9644539429619656,50.39342871501235,-6571.4829459401935
9.434634748493446,8.26813189667908,0.9644539429619656,50.39342871501235,-6571.4829459401935
8.98646367191711,8.93691589808259,0.9309126876258129,50.1646322224378,-6571.951189881223
8.98646367191711,8.93691589808259,0.9309126876258129,50.1646322224378,-6571.951189881223
8.98646367191711,8.93691589808259,0.9309126876258129,50.1646322224378,-6571.951189881223
8.734441687073415,9.966639848047027,0.9379270667569298,49.63997777112169,-6572.843846445017
8.150232467992781,10.639239420828853,0.8531600871165276,49.96155028686461,-6573.9461827273935
8.150232467992781,10.639239420828853,0.8531600871165276,49.96155028686461,-6573.9461827273935
8.21555803894598,10.908920993609065,0.9094652236044374,49.59500719947272,-6574.069805399775
8.21555803894598,10.908920993609065,0.9094652236044374,49.59500719947272,-6574.069805399775
9.096369399502636,12.623573160876862,0.8935085302597127,50.095954133367385,-6575.380744150691
8.814283788357647,13.507990109932978,0.8254738676399831,50.467428810695196,-6575.350102690871
9.332434837921234,12.106833967891228,0.6881508386408242,50.678792983807476,-6572.2198975489
8.942280839352351,9.901684731738216,0.6774296443313583,50.586011746971515,-6572.66873480175
8.942280839352351,9.901684731738216,0.6774296443313583,50.586011746971515,-6572.66873480175
9.055879785173113,10.703035591306982,0.6769801393418479,49.52097452623011,-6572.48858508311
9.055879785173113,10.703035591306982,0.6769801393418479,49.52097452623011,-6572.48858508311
9.055879785173113,10.703035591306982,0.6769801393418479,49.52097452623011,-6572.48858508311
9.055879785173113,10.703035591306982,0.6769801393418479,49.52097452623011,-6572.48858508311
9.055879785173113,10.703035591306982,0.6769801393418479,49.52097452623011,-6572.48858508311
9.055879785173113,10.703035591306982,0.6769801393418479,49.52097452623011,-6572.48858508311
9.055879785173113,10.703035591306982,0.6769801393418479,49.52097452623011,-6572.48858508311
9.055879785173113,10.703035591306982,0.6769801393418479,49.52097452623011,-6572.48858508311
9.055879785173113,10.703035591306982,0.6769801393418479,49.52097452623011,-6572.48858508311
9.055879785173113,10.703035591306982,0.6769801393418479,49.52097452623011,-6572.48858508311
9.055879785173113,10.703035591306982,0.6769801393418479,49.52097452623011,-6572.48858508311
9.22416713457796,11.835898332777377,0.7549203582904791,49.71925938358897,-6572.573682614318
9.22416713457796,11.835898332777377,0.7549203582904791,49.71925938358897,-6572.573682614318
9.22416713457796,11.835898332777377,0.7549203582904791,49.71925938358897,-6572.573682614318
9.666955142049991,10.566822506315132,0.8652358770228985,49.95706171915954,-6572.4058079058495
9.666955142049991,10.566822506315132,0.8652358770228985,49.95706171915954,-6572.4058079058495
10.197425337968271,8.963477230934014,0.9298380085439318,49.85954884237859,-6572.394235733225
10.631728798338655,7.944850298929067,0.7558000686200714,50.07135301002019,-6570.462406372357
10.631728798338655,7.944850298929067,0.7558000686200714,50.07135301002019,-6570.462406372357
10.631728798338655,7.944850298929067,0.7558000686200714,50.07135301002019,-6570.462406372357
10.631728798338655,7.944850298929067,0.7558000686200714,50.07135301002019,-6570.462406372357
10.114560760450884,7.84020433825913,0.8562743328840627,50.06728007311961,-6570.495614579261
10.114560760450884,7.84020433825913,0.8562743328840627,50.06728007311961,-6570.495614579261
9.99903861066586,9.70084194690267,0.8296798329041396,50.925426017973905,-6571.690219749946
9.99903861066586,9.70084194690267,0.8296798329041396,50.925426017973905,-6571.690219749946
9.99903861066586,9.70084194690267,0.8296798329041396,50.925426017973905,-6571.690219749946
10.504815784966501,9.201676927222238,0.8129431004576594,51.16543195290376,-6572.504430285323
10.892684192482283,8.697807254588815,0.7901175698371872,51.50626124169576,-6573.541071320949
11.159066948311903,8.34723351331195,0.790906100677707,51.67427192179369,-6574.467516821259
11.159066948311903,8.34723351331195,0.790906100677707,51.67427192179369,-6574.467516821259
11.804552160779167,7.557540170573136,0.7802016737377142,51.15656848989913,-6574.30839985358
11.931161266429848,5.340919486324752,0.7625847612556603,50.50057675342588,-6572.13183922053
11.535366136137908,5.099579347236467,0.7766809032102462,51.126015624757564,-6572.70947563011
11.535366136137908,5.099579347236467,0.7766809032102462,51.126015624757564,-6572.70947563011
11.535366136137908,5.099579347236467,0.7766809032102462,51.126015624757564,-6572.70947563011
11.535366136137908,5.099579347236467,0.7766809032102462,51.126015624757564,-6572.70947563011
11.535366136137908,5.099579347236467,0.7766809032102462,51.126015624757564,-6572.70947563011
11.845250483935965,6.303734698558661,0.7994534634609662,51.02106990918059,-6572.773549050207
11.845250483935965,6.303734698558661,0.7994534634609662,51.02106990918059,-6572.773549050207
11.515108983749222,7.678789127508543,0.9011291060957698,51.13409021990794,-6575.280337760166
11.515108983749222,7.678789127508543,0.9011291060957698,51.13409021990794,-6575.280337760166
10.72918819580182,5.4507994155107475,0.897270739543981,51.26051963865155,-6573.052915554393
12.462150122103486,5.306827541092315,0.6984662044873321,51.31821343605237,-6574.187532505855
12.462150122103486,5.306827541092315,0.6984662044873321,51.31821343605237,-6574.187532505855
12.011484061688877,4.504986878281125,0.8429927056150356,51.2165567428238,-6573.501923989603
12.011484061688877,4.504986878281125,0.8429927056150356,51.2165567428238,-6573.501923989603
12.077319781034838,5.27797411825473,0.7731508969350327,51.274741411667875,-6573.298879129599
12.077319781034838,5.27797411825473,0.7731508969350327,51.274741411667875,-6573.298879129599
12.077319781034838,5.27797411825473,0.7731508969350327,51.274741411667875,-6573.298879129599
11.694399909500651,6.824146733297487,0.8855243464378951,50.78436345203854,-6573.71222573751
11.694399909500651,6.824146733297487,0.8855243464378951,50.78436345203854,-6573.71222573751
11.694399909500651,6.824146733297487,0.8855243464378951,50.78436345203854,-6573.71222573751
11.694399909500651,6.824146733297487,0.8855243464378951,50.78436345203854,-6573.71222573751
10.994938501273797,7.183311227036417,0.9398262922615191,50.60202484700214,-6572.286119311621
10.994938501273797,7.183311227036417,0.9398262922615191,50.60202484700214,-6572.286119311621
10.994938501273797,7.183311227036417,0.9398262922615191,50.60202484700214,-6572.286119311621
10.096129600911652,9.600652887966152,0.8196402503193512,50.91849238321041,-6571.6302415035625
10.502356802152004,8.237303995329539,0.9552915100346298,51.11644699728383,-6573.180340906389
10.502356802152004,8.237303995329539,0.9552915100346298,51.11644699728383,-6573.180340906389
9.706710534319777,6.988740067744136,0.8487297450220385,51.241388297752735,-6573.637057286645
9.706710534319777,6.988740067744136,0.8487297450220385,51.241388297752735,-6573.637057286645
9.912249774571414,8.540178637967472,0.7167318437079466,50.618125381072765,-6570.601850645647
9.912249774571414,8.540178637967472,0.7167318437079466,50.618125381072765,-6570.601850645647
9.912249774571414,8.540178637967472,0.7167318437079466,50.618125381072765,-6570.601850645647
9.912249774571414,8.540178637967472,0.7167318437079466,50.618125381072765,-6570.601850645647
9.912249774571414,8.540178637967472,0.7167318437079466,50.618125381072765,-6570.601850645647
9.912249774571414,8.540178637967472,0.7167318437079466,50.618125381072765,-6570.601850645647
10.259735772353118,9.171954151754672,0.6949938461231963,49.93293966604333,-6570.676005231682
10.259735772353118,9.171954151754672,0.6949938461231963,49.93293966604333,-6570.676005231682
10.259735772353118,9.171954151754672,0.6949938461231963,49.93293966604333,-6570.676005231682
10.259735772353118,9.171954151754672,0.6949938461231963,49.93293966604333,-6570.676005231682
10.259735772353118,9.171954151754672,0.6949938461231963,49.93293966604333,-6570.676005231682
10.259735772353118,9.171954151754672,0.6949938461231963,49.93293966604333,-6570.676005231682
10.259735772353118,9.171954151754672,0.6949938461231963,49.93293966604333,-6570.676005231682
10.378447528321193,8.787891448016675,0.7302639428711074,49.98201541520462,-6570.55048217294
9.978268902577167,9.449753158137254,0.7513143471908641,49.991733514801915,-6570.538388366051
9.848371815444915,9.928905513427923,0.7938465557239572,50.489022407272955,-6570.85993091418
9.848371815444915,9.928905513427923,0.7938465557239572,50.489022407272955,-6570.85993091418
9.848371815444915,9.928905513427923,0.7938465557239572,50.489022407272955,-6570.85993091418
9.848371815444915,9.928905513427923,0.7938465557239572,50.489022407272955,-6570.85993091418
9.650615073212853,9.464516124225023,0.6586654536895942,49.985305629004586,-6571.176193146419
9.650615073212853,9.464516124225023,0.6586654536895942,49.985305629004586,-6571.176193146419
9.39719517328996,9.047604166827336,0.6715959689579347,50.12770697768631,-6572.108389295985
10.233623957357487,9.815268052233854,0.5978856638868539,49.63566299945163,-6572.0325230544995
10.541262684337802,9.862687946006536,0.6837342532648711,50.35793013643135,-6571.468928857828
10.0947262353746,9.602225318022898,0.5805378120645096,50.44423308663057,-6571.299182509199
10.678844337544389,10.064407377966475,0.5955798558838711,49.57581883240068,-6573.059391608352
10.678844337544389,10.064407377966475,0.5955798558838711,49.57581883240068,-6573.059391608352
11.400984290203326,8.023122461002364,0.5442625127489138,49.07115381871714,-6575.755978419584
11.400984290203326,8.023122461002364,0.5442625127489138,49.07115381871714,-6575.755978419584
12.651498025621539,6.736769528183981,0.7438270553929368,48.94251257371548,-6579.381957638084
12.651498025621539,6.736769528183981,0.7438270553929368,48.94251257371548,-6579.381957638084
12.468752640412381,7.687576350265189,0.6424605539262123,49.13729134769215,-6578.372675404411
12.468752640412381,7.687576350265189,0.6424605539262123,49.13729134769215,-6578.372675404411
12.295894461869292,7.700060331724422,0.7518646415959485,50.01870875215051,-6576.58641225236
12.295894461869292,7.700060331724422,0.7518646415959485,50.01870875215051,-6576.58641225236
11.59535097634444,8.585301407295201,0.7942423272330799,50.2494879764844,-6575.081832326797
11.59535097634444,8.585301407295201,0.7942423272330799,50.2494879764844,-6575.081832326797
11.153886644814305,7.804748116508901,0.692804878749942,51.23129027371216,-6571.837164964442
11.153886644814305,7.804748116508901,0.692804878749942,51.23129027371216,-6571.837164964442
12.08081264296216,6.3448781753131325,0.5960993410196072,50.6190639996037,-6573.067377575117
12.030749806766272,7.47850729055595,0.6069975761609573,49.53443962591993,-6574.676818414873
11.118836893470325,8.516861538584353,0.6102670279026114,49.19373880831144,-6573.975462744025
11.118836893470325,8.516861538584353,0.6102670279026114,49.19373880831144,-6573.975462744025
11.118836893470325,8.516861538584353,0.6102670279026114,49.19373880831144,-6573.975462744025
11.568784391005618,7.956863871448959,0.6493895265994498,49.70112522191001,-6573.066092036571
11.568784391005618,7.956863871448959,0.6493895265994498,49.70112522191001,-6573.066092036571
11.568784391005618,7.956863871448959,0.6493895265994498,49.70112522191001,-6573.066092036571
11.568784391005618,7.956863871448959,0.6493895265994498,49.70112522191001,-6573.066092036571
11.568784391005618,7.956863871448959,0.6493895265994498,49.70112522191001,-6573.066092036571
11.350279334763318,8.108174426030667,0.7127316967652745,49.69586169354719,-6572.71701885225
11.350279334763318,8.108174426030667,0.7127316967652745,49.69586169354719,-6572.71701885225
11.350279334763318,8.108174426030667,0.7127316967652745,49.69586169354719,-6572.71701885225
11.350279334763318,8.108174426030667,0.7127316967652745,49.69586169354719,-6572.71701885225
11.341269099525768,7.966973854739619,0.9057651566037559,49.922603584665616,-6574.714747219249
11.558448339641277,7.702786807656273,0.6926360272559594,50.323134186553624,-6572.027264010062
11.558448339641277,7.702786807656273,0.6926360272559594,50.323134186553624,-6572.027264010062
12.325811484926879,5.894358375874874,0.7183444874432142,49.85997871457383,-6573.768924736671
12.325811484926879,5.894358375874874,0.7183444874432142,49.85997871457383,-6573.768924736671
12.325811484926879,5.894358375874874,0.7183444874432142,49.85997871457383,-6573.768924736671
12.347089060464148,6.248024737332984,0.7692970261018971,49.64961772034812,-6574.986835780683
12.347089060464148,6.248024737332984,0.7692970261018971,49.64961772034812,-6574.986835780683
12.074114975676434,6.777106945661605,0.6861310693452827,50.029843914333426,-6573.172824162051
12.074114975676434,6.777106945661605,0.6861310693452827,50.029843914333426,-6573.172824162051
12.074114975676434,6.777106945661605,0.6861310693452827,50.029843914333426,-6573.172824162051
12.074114975676434,6.777106945661605,0.6861310693452827,50.029843914333426,-6573.172824162051
12.074114975676434,6.777106945661605,0.6861310693452827,50.029843914333426,-6573.172824162051
12.074114975676434,6.777106945661605,0.6861310693452827,50.029843914333426,-6573.172824162051
12.074114975676434,6.777106945661605,0.6861310693452827,50.029843914333426,-6573.172824162051
12.074114975676434,6.777106945661605,0.6861310693452827,50.029843914333426,-6573.172824162051
11.251105404049136,7.487606460504507,0.728033802960575,51.14359169955191,-6571.7586080627425
11.251105404049136,7.487606460504507,0.728033802960575,51.14359169955191,-6571.7586080627425
10.04664929274919,8.571291134408773,0.6645941515493876,51.3778990077664,-6572.346410738093
10.04664929274919,8.571291134408773,0.6645941515493876,51.3778990077664,-6572.346410738093
10.04664929274919,8.571291134408773,0.6645941515493876,51.3778990077664,-6572.346410738093
10.259457363487792,8.995137376380407,0.6444716956978884,52.089500571679494,-6574.89491479712
10.259457363487792,8.995137376380407,0.6444716956978884,52.089500571679494,-6574.89491479712
10.259457363487792,8.995137376380407,0.6444716956978884,52.089500571679494,-6574.89491479712
9.443293025311498,9.817681655813967,0.7673497913239486,52.41656093922579,-6577.315317104624
9.443293025311498,9.817681655813967,0.7673497913239486,52.41656093922579,-6577.315317104624
9.443293025311498,9.817681655813967,0.7673497913239486,52.41656093922579,-6577.315317104624
9.443293025311498,9.817681655813967,0.7673497913239486,52.41656093922579,-6577.315317104624
9.443293025311498,9.817681655813967,0.7673497913239486,52.41656093922579,-6577.315317104624
9.443293025311498,9.817681655813967,0.7673497913239486,52.41656093922579,-6577.315317104624
9.766149601560489,11.628569049677692,0.6294857615922332,52.075279919447425,-6575.969752719569
9.590463740161427,12.012914568406433,0.555366186890027,51.96668043522552,-6575.889428430085
9.590463740161427,12.012914568406433,0.555366186890027,51.96668043522552,-6575.889428430085
9.32727224700658,11.51985544739497,0.6094876855086485,52.131014493039615,-6576.36086226487
9.32727224700658,11.51985544739497,0.6094876855086485,52.131014493039615,-6576.36086226487
9.03186997249259,11.211982680143718,0.5851363530320661,52.09165646793757,-6577.3944529046275
9.98330030370568,12.519272258416967,0.534607547806089,52.017954465717594,-6577.047992901767
9.67699732147328,12.016161350400958,0.6560254334224092,52.27475647939165,-6577.511959451886
9.67699732147328,12.016161350400958,0.6560254334224092,52.27475647939165,-6577.511959451886
9.67699732147328,12.016161350400958,0.6560254334224092,52.27475647939165,-6577.511959451886
9.67699732147328,12.016161350400958,0.6560254334224092,52.27475647939165,-6577.511959451886
9.67699732147328,12.016161350400958,0.6560254334224092,52.27475647939165,-6577.511959451886
9.404641189473,11.207876560834682,0.5755808375243263,52.27032932585087,-6577.398991149233
9.404641189473,11.207876560834682,0.5755808375243263,52.27032932585087,-6577.398991149233
9.404641189473,11.207876560834682,0.5755808375243263,52.27032932585087,-6577.398991149233
9.404641189473,11.207876560834682,0.5755808375243263,52.27032932585087,-6577.398991149233
9.4901764796197,12.003165701816943,0.5394539153023514,52.11078312218679,-6576.812921477374
9.4901764796197,12.003165701816943,0.5394539153023514,52.11078312218679,-6576.812921477374
9.4901764796197,12.003165701816943,0.5394539153023514,52.11078312218679,-6576.812921477374
8.71871556988279,11.739730738970518,0.7355490174220783,51.60494008349907,-6574.49923331352
8.71871556988279,11.739730738970518,0.7355490174220783,51.60494008349907,-6574.49923331352
8.848159963584061,10.16012741794413,0.9051464042437171,50.16843159125767,-6571.814385287644
8.848159963584061,10.16012741794413,0.9051464042437171,50.16843159125767,-6571.814385287644
8.848159963584061,10.16012741794413,0.9051464042437171,50.16843159125767,-6571.814385287644
8.848159963584061,10.16012741794413,0.9051464042437171,50.16843159125767,-6571.814385287644
8.848159963584061,10.16012741794413,0.9051464042437171,50.16843159125767,-6571.814385287644
9.047500780832634,10.745122078786899,0.8773424342029037,50.137248144220656,-6571.788646706538
9.047500780832634,10.745122078786899,0.8773424342029037,50.137248144220656,-6571.788646706538
9.047500780832634,10.745122078786899,0.8773424342029037,50.137248144220656,-6571.788646706538
9.047500780832634,10.745122078786899,0.8773424342029037,50.137248144220656,-6571.788646706538
9.047500780832634,10.745122078786899,0.8773424342029037,50.137248144220656,-6571.788646706538
9.145288998334383,9.66688599005422,0.7088998245505649,50.3960048053748,-6571.55604488594
9.145288998334383,9.66688599005422,0.7088998245505649,50.3960048053748,-6571.55604488594
9.122171351902221,10.567523091789088,0.7055567801857973,50.10805831888371,-6571.150193421567
9.122171351902221,10.567523091789088,0.7055567801857973,50.10805831888371,-6571.150193421567
9.122171351902221,10.567523091789088,0.7055567801857973,50.10805831888371,-6571.150193421567
9.122171351902221,10.567523091789088,0.7055567801857973,50.10805831888371,-6571.150193421567
9.122171351902221,10.567523091789088,0.7055567801857973,50.10805831888371,-6571.150193421567
9.122171351902221,10.567523091789088,0.7055567801857973,50.10805831888371,-6571.150193421567
9.122171351902221,10.567523091789088,0.7055567801857973,50.10805831888371,-6571.150193421567
9.122171351902221,10.567523091789088,0.7055567801857973,50.10805831888371,-6571.150193421567
9.122171351902221,10.567523091789088,0.7055567801857973,50.10805831888371,-6571.150193421567
9.122171351902221,10.567523091789088,0.7055567801857973,50.10805831888371,-6571.150193421567
9.122171351902221,10.567523091789088,0.7055567801857973,50.10805831888371,-6571.150193421567
9.122171351902221,10.567523091789088,0.7055567801857973,50.10805831888371,-6571.150193421567
9.122171351902221,10.567523091789088,0.7055567801857973,50.10805831888371,-6571.150193421567
9.122171351902221,10.567523091789088,0.7055567801857973,50.10805831888371,-6571.150193421567
9.122171351902221,10.567523091789088,0.7055567801857973,50.10805831888371,-6571.150193421567
9.627994783590346,11.20749396791807,0.5700178674271076,50.35090565052169,-6571.701106700725
9.627994783590346,11.20749396791807,0.5700178674271076,50.35090565052169,-6571.701106700725
9.627994783590346,11.20749396791807,0.5700178674271076,50.35090565052169,-6571.701106700725
9.627994783590346,11.20749396791807,0.5700178674271076,50.35090565052169,-6571.701106700725
9.627994783590346,11.20749396791807,0.5700178674271076,50.35090565052169,-6571.701106700725
9.627994783590346,11.20749396791807,0.5700178674271076,50.35090565052169,-6571.701106700725
9.627994783590346,11.20749396791807,0.5700178674271076,50.35090565052169,-6571.701106700725
9.627994783590346,11.20749396791807,0.5700178674271076,50.35090565052169,-6571.701106700725
9.627994783590346,11.20749396791807,0.5700178674271076,50.35090565052169,-6571.701106700725
10.254403141372551,9.731864957517864,0.6263321908265799,50.34591710342421,-6570.797269768627
10.254403141372551,9.731864957517864,0.6263321908265799,50.34591710342421,-6570.797269768627
10.008971438251914,10.859504610218519,0.4728194397388481,50.44243995360902,-6573.247576897153
10.008971438251914,10.859504610218519,0.4728194397388481,50.44243995360902,-6573.247576897153
10.008971438251914,10.859504610218519,0.4728194397388481,50.44243995360902,-6573.247576897153
10.008971438251914,10.859504610218519,0.4728194397388481,50.44243995360902,-6573.247576897153
10.008971438251914,10.859504610218519,0.4728194397388481,50.44243995360902,-6573.247576897153
10.008971438251914,10.859504610218519,0.4728194397388481,50.44243995360902,-6573.247576897153
9.550239068325867,10.743219425015624,0.6650623918287143,50.30054793922375,-6570.856590766875
9.550239068325867,10.743219425015624,0.6650623918287143,50.30054793922375,-6570.856590766875
9.550239068325867,10.743219425015624,0.6650623918287143,50.30054793922375,-6570.856590766875
9.887590814240278,10.594009571283637,0.747985760498012,50.287581203058885,-6571.3486943584085
9.887590814240278,10.594009571283637,0.747985760498012,50.287581203058885,-6571.3486943584085
10.155136381848507,9.068268255695541,0.8218766898266102,50.73720911521496,-6570.910925571843
10.705707051759601,8.60437553784501,0.7311086199023308,50.04824847429094,-6570.89584297643
10.705707051759601,8.60437553784501,0.7311086199023308,50.04824847429094,-6570.89584297643
10.705707051759601,8.60437553784501,0.7311086199023308,50.04824847429094,-6570.89584297643
10.2374652486962,8.68454060154689,0.8330452349520232,49.7975727838739,-6571.06012994597
10.768828280928899,7.508072172234098,0.7296890020717195,50.06309405047429,-6570.600721744078
10.768828280928899,7.508072172234098,0.7296890020717195,50.06309405047429,-6570.600721744078
10.914256684851916,6.611850314247187,0.7101024472085189,50.57847406451014,-6571.154378005138
10.914256684851916,6.611850314247187,0.7101024472085189,50.57847406451014,-6571.154378005138
10.914256684851916,6.611850314247187,0.7101024472085189,50.57847406451014,-6571.154378005138
10.914256684851916,6.611850314247187,0.7101024472085189,50.57847406451014,-6571.154378005138
10.914256684851916,6.611850314247187,0.7101024472085189,50.57847406451014,-6571.154378005138
10.914256684851916,6.611850314247187,0.7101024472085189,50.57847406451014,-6571.154378005138
10.914256684851916,6.611850314247187,0.7101024472085189,50.57847406451014,-6571.154378005138
10.914256684851916,6.611850314247187,0.7101024472085189,50.57847406451014,-6571.154378005138
10.914256684851916,6.611850314247187,0.7101024472085189,50.57847406451014,-6571.154378005138
10.914256684851916,6.611850314247187,0.7101024472085189,50.57847406451014,-6571.154378005138
10.914256684851916,6.611850314247187,0.7101024472085189,50.57847406451014,-6571.154378005138
10.914256684851916,6.611850314247187,0.7101024472085189,50.57847406451014,-6571.154378005138
10.914256684851916,6.611850314247187,0.7101024472085189,50.57847406451014,-6571.154378005138
10.914256684851916,6.611850314247187,0.7101024472085189,50.57847406451014,-6571.154378005138
10.914256684851916,6.611850314247187,0.7101024472085189,50.57847406451014,-6571.154378005138
10.914256684851916,6.611850314247187,0.7101024472085189,50.57847406451014,-6571.154378005138
11.141373342396017,6.6929942724284555,0.6899247467860877,50.703754490776426,-6571.209854317987
11.141373342396017,6.6929942724284555,0.6899247467860877,50.703754490776426,-6571.209854317987
11.141373342396017,6.6929942724284555,0.6899247467860877,50.703754490776426,-6571.209854317987
11.141373342396017,6.6929942724284555,0.6899247467860877,50.703754490776426,-6571.209854317987
11.141373342396017,6.6929942724284555,0.6899247467860877,50.703754490776426,-6571.209854317987
11.141373342396017,6.6929942724284555,0.6899247467860877,50.703754490776426,-6571.209854317987
11.141373342396017,6.6929942724284555,0.6899247467860877,50.703754490776426,-6571.209854317987
10.629074082790346,8.568956747889718,0.7805059063888874,49.83330584248937,-6571.271770611573
10.629074082790346,8.568956747889718,0.7805059063888874,49.83330584248937,-6571.271770611573
10.629074082790346,8.568956747889718,0.7805059063888874,49.83330584248937,-6571.271770611573
10.522656329748838,6.605017350688315,0.8383126668035384,49.40812842072577,-6572.249625841183
9.92365882932829,7.5390022553394545,0.7280321315163204,50.09888858365162,-6571.8535143739755
10.596071331613928,8.61168273829075,0.7215239634685775,50.54857054863554,-6570.487272467565
10.596071331613928,8.61168273829075,0.7215239634685775,50.54857054863554,-6570.487272467565
10.431030017628018,7.6524482897867925,0.8504114875082631,50.33960245777184,-6570.422381102899
10.431030017628018,7.6524482897867925,0.8504114875082631,50.33960245777184,-6570.422381102899
10.431030017628018,7.6524482897867925,0.8504114875082631,50.33960245777184,-6570.422381102899
10.431030017628018,7.6524482897867925,0.8504114875082631,50.33960245777184,-6570.422381102899
10.431030017628018,7.6524482897867925,0.8504114875082631,50.33960245777184,-6570.422381102899
9.31063188668272,9.039942188451654,0.8102627795723384,49.61023375853712,-6571.7175369725555
9.31063188668272,9.039942188451654,0.8102627795723384,49.61023375853712,-6571.7175369725555
9.65916355251578,11.24978654723163,0.6677280447127479,49.73468291166403,-6571.968066529302
9.65916355251578,11.24978654723163,0.6677280447127479,49.73468291166403,-6571.968066529302
9.65916355251578,11.24978654723163,0.6677280447127479,49.73468291166403,-6571.968066529302
9.65916355251578,11.24978654723163,0.6677280447127479,49.73468291166403,-6571.968066529302
9.65916355251578,11.24978654723163,0.6677280447127479,49.73468291166403,-6571.968066529302
9.65916355251578,11.24978654723163,0.6677280447127479,49.73468291166403,-6571.968066529302
9.65916355251578,11.24978654723163,0.6677280447127479,49.73468291166403,-6571.968066529302
9.65916355251578,11.24978654723163,0.6677280447127479,49.73468291166403,-6571.968066529302
9.65916355251578,11.24978654723163,0.6677280447127479,49.73468291166403,-6571.968066529302
9.65916355251578,11.24978654723163,0.6677280447127479,49.73468291166403,-6571.968066529302
9.65916355251578,11.24978654723163,0.6677280447127479,49.73468291166403,-6571.968066529302
9.65916355251578,11.24978654723163,0.6677280447127479,49.73468291166403,-6571.968066529302
9.65916355251578,11.24978654723163,0.6677280447127479,49.73468291166403,-6571.968066529302
9.65916355251578,11.24978654723163,0.6677280447127479,49.73468291166403,-6571.968066529302
9.49683310513549,10.306923704844253,0.6657168864087313,50.7720629404162,-6571.036401761121
10.006681279413202,9.481811326798057,0.6112296168366632,50.52863991262433,-6570.992796605258
10.006681279413202,9.481811326798057,0.6112296168366632,50.52863991262433,-6570.992796605258
10.006681279413202,9.481811326798057,0.6112296168366632,50.52863991262433,-6570.992796605258
10.006681279413202,9.481811326798057,0.6112296168366632,50.52863991262433,-6570.992796605258
10.006681279413202,9.481811326798057,0.6112296168366632,50.52863991262433,-6570.992796605258
10.006681279413202,9.481811326798057,0.6112296168366632,50.52863991262433,-6570.992796605258
10.006681279413202,9.481811326798057,0.6112296168366632,50.52863991262433,-6570.992796605258
9.877566889126168,8.851273692796406,0.6604700979516249,50.98171530691222,-6571.502196418159
9.877566889126168,8.851273692796406,0.6604700979516249,50.98171530691222,-6571.502196418159
9.877566889126168,8.851273692796406,0.6604700979516249,50.98171530691222,-6571.502196418159
9.877566889126168,8.851273692796406,0.6604700979516249,50.98171530691222,-6571.502196418159
9.877566889126168,8.851273692796406,0.6604700979516249,50.98171530691222,-6571.502196418159
10.0627272682703,9.197004059282106,0.6717333438639056,51.05155657681349,-6571.0543937296225
10.0627272682703,9.197004059282106,0.6717333438639056,51.05155657681349,-6571.0543937296225
9.643555809779377,10.824739191502946,0.6413020619245144,50.757291731029625,-6571.182005866072
9.643555809779377,10.824739191502946,0.6413020619245144,50.757291731029625,-6571.182005866072
10.129162897869632,10.614596548815587,0.6214055580346717,50.31621080317303,-6571.31069560492
10.129162897869632,10.614596548815587,0.6214055580346717,50.31621080317303,-6571.31069560492
10.129162897869632,10.614596548815587,0.6214055580346717,50.31621080317303,-6571.31069560492
10.687468726945236,8.517584681980946,0.7041080479942234,49.79871539502176,-6571.114852922245
10.687468726945236,8.517584681980946,0.7041080479942234,49.79871539502176,-6571.114852922245
9.983827723070164,9.191876064325063,0.6646316386787307,49.91256671125532,-6570.87589432144
9.983827723070164,9.191876064325063,0.6646316386787307,49.91256671125532,-6570.87589432144
9.983827723070164,9.191876064325063,0.6646316386787307,49.91256671125532,-6570.87589432144
9.983827723070164,9.191876064325063,0.6646316386787307,49.91256671125532,-6570.87589432144
10.076359994905863,11.059343630543257,0.7961064951103383,49.801318565984985,-6573.875430158278
10.076359994905863,11.059343630543257,0.7961064951103383,49.801318565984985,-6573.875430158278
9.623094903261984,10.200574335756627,0.9530003117817714,50.45581940315057,-6572.98024376096
9.623094903261984,10.200574335756627,0.9530003117817714,50.45581940315057,-6572.98024376096
9.623094903261984,10.200574335756627,0.9530003117817714,50.45581940315057,-6572.98024376096
9.623094903261984,10.200574335756627,0.9530003117817714,50.45581940315057,-6572.98024376096
9.623094903261984,10.200574335756627,0.9530003117817714,50.45581940315057,-6572.98024376096
9.01695341672929,9.685332485602045,0.8795710713594285,50.04328874467637,-6571.442877500789
9.01695341672929,9.685332485602045,0.8795710713594285,50.04328874467637,-6571.442877500789
9.01695341672929,9.685332485602045,0.8795710713594285,50.04328874467637,-6571.442877500789
8.762428365638678,9.594075490053465,0.8564188761516365,50.937154578401405,-6572.78381815455
8.762428365638678,9.594075490053465,0.8564188761516365,50.937154578401405,-6572.78381815455
8.762428365638678,9.594075490053465,0.8564188761516365,50.937154578401405,-6572.78381815455
8.762428365638678,9.594075490053465,0.8564188761516365,50.937154578401405,-6572.78381815455
8.762428365638678,9.594075490053465,0.8564188761516365,50.937154578401405,-6572.78381815455
9.357798428354085,8.611524200474971,0.8467024623492228,50.23036148773676,-6571.062341430507
9.703433483954681,7.760625667813457,0.8198765489942159,50.50973336515645,-6571.166780506335
9.703433483954681,7.760625667813457,0.8198765489942159,50.50973336515645,-6571.166780506335
10.71347557741009,9.87023636151626,0.8437677104709257,50.39072950241258,-6574.389073456837
10.130022609471897,9.626380817432041,0.8311547652609909,50.720595873404136,-6571.621721178299
10.130022609471897,9.626380817432041,0.8311547652609909,50.720595873404136,-6571.621721178299
10.130022609471897,9.626380817432041,0.8311547652609909,50.720595873404136,-6571.621721178299
9.534241047805322,9.800505418371442,0.7635785371516045,50.1797963286246,-6570.46764562985
9.95209299749992,10.598417533275438,0.5816242685220754,50.615176895180305,-6571.376484196343
9.95209299749992,10.598417533275438,0.5816242685220754,50.615176895180305,-6571.376484196343
9.95209299749992,10.598417533275438,0.5816242685220754,50.615176895180305,-6571.376484196343
9.95209299749992,10.598417533275438,0.5816242685220754,50.615176895180305,-6571.376484196343
9.95209299749992,10.598417533275438,0.5816242685220754,50.615176895180305,-6571.376484196343
9.95209299749992,10.598417533275438,0.5816242685220754,50.615176895180305,-6571.376484196343
9.95209299749992,10.598417533275438,0.5816242685220754,50.615176895180305,-6571.376484196343
9.95209299749992,10.598417533275438,0.5816242685220754,50.615176895180305,-6571.376484196343
9.95209299749992,10.598417533275438,0.5816242685220754,50.615176895180305,-6571.376484196343
9.95209299749992,10.598417533275438,0.5816242685220754,50.615176895180305,-6571.376484196343
10.095751171523057,10.12748034306951,0.7197137330318673,49.98702391429974,-6571.185990196605
10.095751171523057,10.12748034306951,0.7197137330318673,49.98702391429974,-6571.185990196605
10.569589237818754,9.045806608717479,0.703122206809859,49.21432180494097,-6572.847312154121
10.569589237818754,9.045806608717479,0.703122206809859,49.21432180494097,-6572.847312154121
10.569589237818754,9.045806608717479,0.703122206809859,49.21432180494097,-6572.847312154121
10.569589237818754,9.045806608717479,0.703122206809859,49.21432180494097,-6572.847312154121
10.71352363461891,8.733133376278666,0.6426961025251618,49.4012203226676,-6572.443594061865
10.71352363461891,8.733133376278666,0.6426961025251618,49.4012203226676,-6572.443594061865
10.71352363461891,8.733133376278666,0.6426961025251618,49.4012203226676,-6572.443594061865
10.71352363461891,8.733133376278666,0.6426961025251618,49.4012203226676,-6572.443594061865
9.382958825557346,8.282880077526936,0.7837976009634624,49.782720540123314,-6572.257284013587
9.382958825557346,8.282880077526936,0.7837976009634624,49.782720540123314,-6572.257284013587
9.384337601921235,9.229723577281199,0.7493463798571108,49.736653982721315,-6571.440433741826
9.384337601921235,9.229723577281199,0.7493463798571108,49.736653982721315,-6571.440433741826
9.384337601921235,9.229723577281199,0.7493463798571108,49.736653982721315,-6571.440433741826
9.683130047307186,10.903344567523167,0.6748748941170868,49.7491990406962,-6571.619256659051
8.993797271235708,10.787103003431309,0.7450456086608286,50.21113625794333,-6571.166052374991
8.993797271235708,10.787103003431309,0.7450456086608286,50.21113625794333,-6571.166052374991
8.993797271235708,10.787103003431309,0.7450456086608286,50.21113625794333,-6571.166052374991
8.993797271235708,10.787103003431309,0.7450456086608286,50.21113625794333,-6571.166052374991
9.719870937928965,9.713119695015159,0.8221819132343953,50.0801457825889,-6570.7999431659155
9.719870937928965,9.713119695015159,0.8221819132343953,50.0801457825889,-6570.7999431659155
9.719870937928965,9.713119695015159,0.8221819132343953,50.0801457825889,-6570.7999431659155
9.719870937928965,9.713119695015159,0.8221819132343953,50.0801457825889,-6570.7999431659155
9.719870937928965,9.713119695015159,0.8221819132343953,50.0801457825889,-6570.7999431659155
10.147581909925654,9.921004502712446,0.7195816437279906,50.495899249705616,-6570.823187851751
10.147581909925654,9.921004502712446,0.7195816437279906,50.495899249705616,-6570.823187851751
10.326582976573718,10.945946462390687,0.5884217098891433,50.671565235557175,-6572.154881385368
10.326582976573718,10.945946462390687,0.5884217098891433,50.671565235557175,-6572.154881385368
10.326582976573718,10.945946462390687,0.5884217098891433,50.671565235557175,-6572.154881385368
10.165112697152805,11.176083329143038,0.5815667579144355,51.13949111076974,-6572.7183891975665
8.953154386105242,12.375390095137718,0.5107123035596661,50.753642395108955,-6573.9414396100865
8.953154386105242,12.375390095137718,0.5107123035596661,50.753642395108955,-6573.9414396100865
8.953154386105242,12.375390095137718,0.5107123035596661,50.753642395108955,-6573.9414396100865
8.953154386105242,12.375390095137718,0.5107123035596661,50.753642395108955,-6573.9414396100865
8.953154386105242,12.375390095137718,0.5107123035596661,50.753642395108955,-6573.9414396100865
9.01919672204362,12.466707808651973,0.48623758881947554,50.806296229288584,-6574.398909679744
9.166927296296183,12.28100900649346,0.5754957109900701,51.228052259978284,-6573.419411664647
9.540500095517036,12.023957022893626,0.6500972569734975,51.435843698742076,-6573.715683450973
9.540500095517036,12.023957022893626,0.6500972569734975,51.435843698742076,-6573.715683450973
10.684686964357258,10.657983775125771,0.6521057751924026,51.09176538909897,-6573.622538784268
10.684686964357258,10.657983775125771,0.6521057751924026,51.09176538909897,-6573.622538784268
10.684686964357258,10.657983775125771,0.6521057751924026,51.09176538909897,-6573.622538784268
11.306900612541927,8.918250809510504,0.7263272695838447,51.07251756283875,-6573.657362430843
11.192180628055814,8.626066934076784,0.6474887189390331,50.73835593931275,-6571.752605287455
10.14091097580449,8.706922874199844,0.7130838194817859,50.003527532789164,-6570.442821074492
10.14091097580449,8.706922874199844,0.7130838194817859,50.003527532789164,-6570.442821074492
10.14091097580449,8.706922874199844,0.7130838194817859,50.003527532789164,-6570.442821074492
10.466647557345963,9.604609526950462,0.7166457526549095,49.678781903505275,-6571.9094453385405
10.167861598007486,8.391161019008985,0.7356976231132426,48.51497321075727,-6575.663770191733
10.167861598007486,8.391161019008985,0.7356976231132426,48.51497321075727,-6575.663770191733
10.167861598007486,8.391161019008985,0.7356976231132426,48.51497321075727,-6575.663770191733
10.167861598007486,8.391161019008985,0.7356976231132426,48.51497321075727,-6575.663770191733
10.167861598007486,8.391161019008985,0.7356976231132426,48.51497321075727,-6575.663770191733
10.259478051302528,7.601063249356755,0.6867270434836041,49.015773582807455,-6574.391453851075
10.224162126126421,8.831961261764107,0.5327445195407889,49.243392636511565,-6575.4706302966715
10.165053037432376,11.580030532311039,0.6831790555033788,48.740984105157594,-6577.267056848063
10.184958034728949,12.906929175966056,0.5808887460454542,49.39575016198016,-6577.042021934803
10.184958034728949,12.906929175966056,0.5808887460454542,49.39575016198016,-6577.042021934803
10.184958034728949,12.906929175966056,0.5808887460454542,49.39575016198016,-6577.042021934803
10.184958034728949,12.906929175966056,0.5808887460454542,49.39575016198016,-6577.042021934803
10.416454049486696,11.148179351311393,0.7312515422963155,48.959206125958985,-6576.944309076955
10.416454049486696,11.148179351311393,0.7312515422963155,48.959206125958985,-6576.944309076955
9.475164277243426,11.292770147812366,0.9091011329892758,48.70069900581616,-6577.428965267845
9.476966744942331,9.905904687970548,0.8838323444889447,48.55066308002215,-6575.890165545015
9.476966744942331,9.905904687970548,0.8838323444889447,48.55066308002215,-6575.890165545015
9.476966744942331,9.905904687970548,0.8838323444889447,48.55066308002215,-6575.890165545015
9.476966744942331,9.905904687970548,0.8838323444889447,48.55066308002215,-6575.890165545015
9.153073050471171,11.889247431148096,0.8803103888223004,49.4745111931223,-6574.591575412091
9.153073050471171,11.889247431148096,0.8803103888223004,49.4745111931223,-6574.591575412091
9.153073050471171,11.889247431148096,0.8803103888223004,49.4745111931223,-6574.591575412091
9.153073050471171,11.889247431148096,0.8803103888223004,49.4745111931223,-6574.591575412091
9.153073050471171,11.889247431148096,0.8803103888223004,49.4745111931223,-6574.591575412091
9.364580627365982,9.609735783166174,0.8404659227849688,49.687089692386415,-6571.329035896453
8.951407205644264,9.930214771554857,0.863289727072355,50.792314837371514,-6571.790766253806
8.951407205644264,9.930214771554857,0.863289727072355,50.792314837371514,-6571.790766253806
8.951407205644264,9.930214771554857,0.863289727072355,50.792314837371514,-6571.790766253806
8.951407205644264,9.930214771554857,0.863289727072355,50.792314837371514,-6571.790766253806
8.951407205644264,9.930214771554857,0.863289727072355,50.792314837371514,-6571.790766253806
8.951407205644264,9.930214771554857,0.863289727072355,50.792314837371514,-6571.790766253806
8.951407205644264,9.930214771554857,0.863289727072355,50.792314837371514,-6571.790766253806
8.951407205644264,9.930214771554857,0.863289727072355,50.792314837371514,-6571.790766253806
8.951407205644264,9.930214771554857,0.863289727072355,50.792314837371514,-6571.790766253806
8.951407205644264,9.930214771554857,0.863289727072355,50.792314837371514,-6571.790766253806
8.951407205644264,9.930214771554857,0.863289727072355,50.792314837371514,-6571.790766253806
8.863492929302362,10.940345931006442,0.8584542669615248,50.45989970062695,-6571.819864125455
9.214615300309134,11.079966982085208,0.8181275464075999,50.429441476215544,-6571.618899894056
9.214615300309134,11.079966982085208,0.8181275464075999,50.429441476215544,-6571.618899894056
10.13921462148819,10.840009865596956,0.6058607250385768,49.815808144183,-6572.15818486655
10.335622269464677,10.146254899907134,0.6001355593417599,49.65515238818811,-6572.217416474188
10.335622269464677,10.146254899907134,0.6001355593417599,49.65515238818811,-6572.217416474188
9.596874634231677,11.764988000627287,0.5589211127025357,49.842793571301,-6572.635150548533
9.788277179540758,10.782264714770102,0.5618102233130375,49.135086283174275,-6574.324250181289
9.788277179540758,10.782264714770102,0.5618102233130375,49.135086283174275,-6574.324250181289
9.788277179540758,10.782264714770102,0.5618102233130375,49.135086283174275,-6574.324250181289
9.620141509519655,9.932733739767407,0.7010274316424553,49.702089441518964,-6571.1648326959585
9.620141509519655,9.932733739767407,0.7010274316424553,49.702089441518964,-6571.1648326959585
10.536861807285435,10.086370988667369,0.6634493269193662,49.52263883108745,-6572.878060311305
9.377858561405834,10.049467865887031,0.6745172915236779,49.59021300642987,-6571.924992236371
9.32532541182685,10.749376023417476,0.8106037329448483,49.77267542379841,-6571.696465539031
9.54363994785151,10.568303112937752,0.8131874289633922,50.355534445787114,-6571.30874174662
9.54363994785151,10.568303112937752,0.8131874289633922,50.355534445787114,-6571.30874174662
9.54363994785151,10.568303112937752,0.8131874289633922,50.355534445787114,-6571.30874174662
10.506282104216721,9.308763965131675,0.7621971933480938,49.64819405466159,-6572.026370499991
10.57886712143898,9.915343387678288,0.694722053796217,50.13693778614643,-6571.85710553353
10.57886712143898,9.915343387678288,0.694722053796217,50.13693778614643,-6571.85710553353
10.050133254221835,9.903958057865314,0.607928275233379,49.98387320861652,-6571.2238515676745
10.050133254221835,9.903958057865314,0.607928275233379,49.98387320861652,-6571.2238515676745
10.050133254221835,9.903958057865314,0.607928275233379,49.98387320861652,-6571.2238515676745
10.050133254221835,9.903958057865314,0.607928275233379,49.98387320861652,-6571.2238515676745
10.050133254221835,9.903958057865314,0.607928275233379,49.98387320861652,-6571.2238515676745
10.050133254221835,9.903958057865314,0.607928275233379,49.98387320861652,-6571.2238515676745
9.80349056200866,9.203482103526373,0.6352326323583835,49.19379155313112,-6573.520541739561
10.331637042198377,8.317225890660609,0.7094291676651867,49.692385503701296,-6571.04054389301
10.331637042198377,8.317225890660609,0.7094291676651867,49.692385503701296,-6571.04054389301
10.664172008216783,8.943913053862248,0.6539008751267973,49.9364666146034,-6571.14542640046
10.664172008216783,8.943913053862248,0.6539008751267973,49.9364666146034,-6571.14542640046
10.664172008216783,8.943913053862248,0.6539008751267973,49.9364666146034,-6571.14542640046
10.499502963472466,7.733546573664899,0.6655962309843854,49.52063989236077,-6572.222693868423
10.499502963472466,7.733546573664899,0.6655962309843854,49.52063989236077,-6572.222693868423
10.499502963472466,7.733546573664899,0.6655962309843854,49.52063989236077,-6572.222693868423
10.499502963472466,7.733546573664899,0.6655962309843854,49.52063989236077,-6572.222693868423
10.221068335236032,7.491686642927592,0.8269937903965873,49.90822701987122,-6570.704138266321
10.221068335236032,7.491686642927592,0.8269937903965873,49.90822701987122,-6570.704138266321
10.221068335236032,7.491686642927592,0.8269937903965873,49.90822701987122,-6570.704138266321
10.221068335236032,7.491686642927592,0.8269937903965873,49.90822701987122,-6570.704138266321
10.221068335236032,7.491686642927592,0.8269937903965873,49.90822701987122,-6570.704138266321
10.30268990669298,7.67666669439243,0.8939809080493717,49.99211046715641,-6570.833162892033
10.30268990669298,7.67666669439243,0.8939809080493717,49.99211046715641,-6570.833162892033
10.30268990669298,7.67666669439243,0.8939809080493717,49.99211046715641,-6570.833162892033
10.30268990669298,7.67666669439243,0.8939809080493717,49.99211046715641,-6570.833162892033
10.30268990669298,7.67666669439243,0.8939809080493717,49.99211046715641,-6570.833162892033
10.91777762919831,6.365500067704355,0.7345067772145708,49.84675913817585,-6571.723438302584
10.91777762919831,6.365500067704355,0.7345067772145708,49.84675913817585,-6571.723438302584
10.91777762919831,6.365500067704355,0.7345067772145708,49.84675913817585,-6571.723438302584
11.019975190779922,6.258329613525952,0.7806180600162177,50.01303893100715,-6571.172140144787
11.019975190779922,6.258329613525952,0.7806180600162177,50.01303893100715,-6571.172140144787
10.937050492601296,6.018815727244616,0.8014496281428173,50.105961625191654,-6571.25739400209
10.197106430925455,6.606000578004613,0.8322166222100413,50.13904346991,-6571.4980731718715
10.197106430925455,6.606000578004613,0.8322166222100413,50.13904346991,-6571.4980731718715
10.083196216581914,6.910534835753803,0.9058575230643147,49.30721147442977,-6572.769782378698
10.083196216581914,6.910534835753803,0.9058575230643147,49.30721147442977,-6572.769782378698
10.083196216581914,6.910534835753803,0.9058575230643147,49.30721147442977,-6572.769782378698
10.083196216581914,6.910534835753803,0.9058575230643147,49.30721147442977,-6572.769782378698
10.083196216581914,6.910534835753803,0.9058575230643147,49.30721147442977,-6572.769782378698
10.083196216581914,6.910534835753803,0.9058575230643147,49.30721147442977,-6572.769782378698
10.083196216581914,6.910534835753803,0.9058575230643147,49.30721147442977,-6572.769782378698
11.525997447701975,6.23230143079327,0.71808054953174,49.819177014511006,-6572.029537477849
11.525997447701975,6.23230143079327,0.71808054953174,49.819177014511006,-6572.029537477849
11.525997447701975,6.23230143079327,0.71808054953174,49.819177014511006,-6572.029537477849
11.525997447701975,6.23230143079327,0.71808054953174,49.819177014511006,-6572.029537477849
11.525997447701975,6.23230143079327,0.71808054953174,49.819177014511006,-6572.029537477849
11.525997447701975,6.23230143079327,0.71808054953174,49.819177014511006,-6572.029537477849
11.525997447701975,6.23230143079327,0.71808054953174,49.819177014511006,-6572.029537477849
11.161661784876854,5.497667228372242,0.9092646728325724,50.557223460659806,-6571.596435764679
11.117018559392772,5.693571790245546,0.7937725833492569,51.262185878477474,-6572.460992896573
11.117018559392772,5.693571790245546,0.7937725833492569,51.262185878477474,-6572.460992896573
11.117018559392772,5.693571790245546,0.7937725833492569,51.262185878477474,-6572.460992896573
11.117018559392772,5.693571790245546,0.7937725833492569,51.262185878477474,-6572.460992896573
11.02475705412941,7.459824596503558,0.7630398810066343,51.44779474266042,-6572.232054873096
10.934700766053336,7.743998514230135,0.8211249023107006,50.850442535475274,-6571.40266006092
10.934700766053336,7.743998514230135,0.8211249023107006,50.850442535475274,-6571.40266006092
10.934700766053336,7.743998514230135,0.8211249023107006,50.850442535475274,-6571.40266006092
10.934700766053336,7.743998514230135,0.8211249023107006,50.850442535475274,-6571.40266006092
10.934700766053336,7.743998514230135,0.8211249023107006,50.850442535475274,-6571.40266006092
10.934700766053336,7.743998514230135,0.8211249023107006,50.850442535475274,-6571.40266006092
10.849186852441855,8.128985038786382,0.7089311775703003,51.21714766774745,-6571.487934438172
10.849186852441855,8.128985038786382,0.7089311775703003,51.21714766774745,-6571.487934438172
10.849186852441855,8.128985038786382,0.7089311775703003,51.21714766774745,-6571.487934438172
10.849186852441855,8.128985038786382,0.7089311775703003,51.21714766774745,-6571.487934438172
10.849186852441855,8.128985038786382,0.7089311775703003,51.21714766774745,-6571.487934438172
10.849186852441855,8.128985038786382,0.7089311775703003,51.21714766774745,-6571.487934438172
10.849186852441855,8.128985038786382,0.7089311775703003,51.21714766774745,-6571.487934438172
9.916880822544798,11.039850493786396,0.7215394920292248,50.8983424985838,-6572.241954309547
9.684274288691919,9.376530198192551,0.6085728971108195,50.95177049670833,-6572.273906185901
9.684274288691919,9.376530198192551,0.6085728971108195,50.95177049670833,-6572.273906185901
9.684274288691919,9.376530198192551,0.6085728971108195,50.95177049670833,-6572.273906185901
9.256994268151603,9.635396430798425,0.7835004702440674,50.65526578102361,-6570.947249538744
9.526401324795302,10.596412518986062,0.7963304891388165,51.24404376089115,-6572.404620580146
9.526401324795302,10.596412518986062,0.7963304891388165,51.24404376089115,-6572.404620580146
9.526401324795302,10.596412518986062,0.7963304891388165,51.24404376089115,-6572.404620580146
9.526401324795302,10.596412518986062,0.7963304891388165,51.24404376089115,-6572.404620580146
9.355033902280653,9.782147546516029,0.8336339202380485,50.5105506909828,-6570.803842877655
9.349098459281603,10.003399431560057,0.7389396147394642,50.553258063616084,-6570.706549823593
9.349098459281603,10.003399431560057,0.7389396147394642,50.553258063616084,-6570.706549823593
9.349098459281603,10.003399431560057,0.7389396147394642,50.553258063616084,-6570.706549823593
9.349098459281603,10.003399431560057,0.7389396147394642,50.553258063616084,-6570.706549823593
9.349098459281603,10.003399431560057,0.7389396147394642,50.553258063616084,-6570.706549823593
9.349098459281603,10.003399431560057,0.7389396147394642,50.553258063616084,-6570.706549823593
9.349098459281603,10.003399431560057,0.7389396147394642,50.553258063616084,-6570.706549823593
9.92085529164306,7.402452887577255,0.7592416967701424,50.957231646063015,-6572.122743312453
9.92085529164306,7.402452887577255,0.7592416967701424,50.957231646063015,-6572.122743312453
9.92085529164306,7.402452887577255,0.7592416967701424,50.957231646063015,-6572.122743312453
9.506936691089367,8.521895803931217,0.7338760930930637,51.06463987838199,-6572.303521217378
10.834400808045666,9.680475402024152,0.6762966628640766,51.58560644821196,-6573.859467478455
10.834400808045666,9.680475402024152,0.6762966628640766,51.58560644821196,-6573.859467478455
10.766527742611347,7.402061417906809,0.6162984177666929,51.669866980643384,-6574.066151852212
10.766527742611347,7.402061417906809,0.6162984177666929,51.669866980643384,-6574.066151852212
10.766527742611347,7.402061417906809,0.6162984177666929,51.669866980643384,-6574.066151852212
10.766527742611347,7.402061417906809,0.6162984177666929,51.669866980643384,-6574.066151852212
10.766527742611347,7.402061417906809,0.6162984177666929,51.669866980643384,-6574.066151852212
11.673117333543601,5.796955983263551,0.6765775516762828,51.417346835759076,-6573.380927571694
11.673117333543601,5.796955983263551,0.6765775516762828,51.417346835759076,-6573.380927571694
11.982348249078568,6.051418659555806,0.6735298950010556,50.82722542014917,-6572.434860239434
12.021644825543031,6.009616765690594,0.644305384258967,50.13120342653965,-6572.829439977384
12.021644825543031,6.009616765690594,0.644305384258967,50.13120342653965,-6572.829439977384
11.799700126407906,5.460245282384627,0.7574849566731938,49.63480700801491,-6572.965184098749
11.799700126407906,5.460245282384627,0.7574849566731938,49.63480700801491,-6572.965184098749
11.799700126407906,5.460245282384627,0.7574849566731938,49.63480700801491,-6572.965184098749
12.350984502926751,4.759605253830551,0.7614404997205415,49.746937808112776,-6573.934694844276
12.350984502926751,4.759605253830551,0.7614404997205415,49.746937808112776,-6573.934694844276
12.350984502926751,4.759605253830551,0.7614404997205415,49.746937808112776,-6573.934694844276
12.350984502926751,4.759605253830551,0.7614404997205415,49.746937808112776,-6573.934694844276
12.250299395997956,4.4501018183664725,0.7631503147597818,49.8386391909076,-6573.773272784431
12.250299395997956,4.4501018183664725,0.7631503147597818,49.8386391909076,-6573.773272784431
12.250299395997956,4.4501018183664725,0.7631503147597818,49.8386391909076,-6573.773272784431
10.736030538725359,5.351716573805466,0.9494923826191886,49.98841582498196,-6572.23699546794
10.739993651239626,6.488284299626174,0.886146419512594,50.09196375901266,-6570.972871534557
10.739993651239626,6.488284299626174,0.886146419512594,50.09196375901266,-6570.972871534557
10.628486782630459,5.095113432347538,0.9486997833447215,50.49474347518501,-6572.655165844868
10.628486782630459,5.095113432347538,0.9486997833447215,50.49474347518501,-6572.655165844868
10.628486782630459,5.095113432347538,0.9486997833447215,50.49474347518501,-6572.655165844868
10.628486782630459,5.095113432347538,0.9486997833447215,50.49474347518501,-6572.655165844868
10.628486782630459,5.095113432347538,0.9486997833447215,50.49474347518501,-6572.655165844868
10.788397897804522,4.950487711669122,0.967590389042815,51.272146953932214,-6573.797676916003
10.788397897804522,4.950487711669122,0.967590389042815,51.272146953932214,-6573.797676916003
10.788397897804522,4.950487711669122,0.967590389042815,51.272146953932214,-6573.797676916003
10.10631360076155,5.68199595972226,0.9488347150171913,51.05497630663169,-6573.819908717873
10.720616047276602,7.138901635421184,1.000333937517733,51.31238319354456,-6573.660044128178
10.720616047276602,7.138901635421184,1.000333937517733,51.31238319354456,-6573.660044128178
10.720616047276602,7.138901635421184,1.000333937517733,51.31238319354456,-6573.660044128178
10.720616047276602,7.138901635421184,1.000333937517733,51.31238319354456,-6573.660044128178
9.903278440125137,7.4270721952785825,1.0735770329724472,51.29649731258608,-6573.902474756995
9.903278440125137,7.4270721952785825,1.0735770329724472,51.29649731258608,-6573.902474756995
10.562173032045589,6.5097819900174745,0.992167792123272,50.46871604867999,-6571.620075170169
10.562173032045589,6.5097819900174745,0.992167792123272,50.46871604867999,-6571.620075170169
10.562173032045589,6.5097819900174745,0.992167792123272,50.46871604867999,-6571.620075170169
10.205866553721062,6.105044257355204,1.0542300863396241,50.325581625441814,-6572.405617993829
10.512274754370011,5.622516129579472,1.1085520455374225,49.98857886178946,-6573.278297833494
10.512274754370011,5.622516129579472,1.1085520455374225,49.98857886178946,-6573.278297833494
10.512274754370011,5.622516129579472,1.1085520455374225,49.98857886178946,-6573.278297833494
10.512274754370011,5.622516129579472,1.1085520455374225,49.98857886178946,-6573.278297833494
10.512274754370011,5.622516129579472,1.1085520455374225,49.98857886178946,-6573.278297833494
10.512274754370011,5.622516129579472,1.1085520455374225,49.98857886178946,-6573.278297833494
10.512274754370011,5.622516129579472,1.1085520455374225,49.98857886178946,-6573.278297833494
10.512274754370011,5.622516129579472,1.1085520455374225,49.98857886178946,-6573.278297833494
10.512274754370011,5.622516129579472,1.1085520455374225,49.98857886178946,-6573.278297833494
10.512274754370011,5.622516129579472,1.1085520455374225,49.98857886178946,-6573.278297833494
11.099412650560415,6.924767124126189,0.8797088311159736,50.17520129514361,-6571.510863247435
11.099412650560415,6.924767124126189,0.8797088311159736,50.17520129514361,-6571.510863247435
10.188636126539624,9.11522179471615,0.916483546004743,49.96394164289895,-6572.260811353529
9.76887291359315,8.057977921328511,0.8674761583722936,49.71590198344164,-6571.210013947244
9.76887291359315,8.057977921328511,0.8674761583722936,49.71590198344164,-6571.210013947244
9.76887291359315,8.057977921328511,0.8674761583722936,49.71590198344164,-6571.210013947244
9.76887291359315,8.057977921328511,0.8674761583722936,49.71590198344164,-6571.210013947244
9.76887291359315,8.057977921328511,0.8674761583722936,49.71590198344164,-6571.210013947244
9.76887291359315,8.057977921328511,0.8674761583722936,49.71590198344164,-6571.210013947244
9.76887291359315,8.057977921328511,0.8674761583722936,49.71590198344164,-6571.210013947244
9.76887291359315,8.057977921328511,0.8674761583722936,49.71590198344164,-6571.210013947244
9.76887291359315,8.057977921328511,0.8674761583722936,49.71590198344164,-6571.210013947244
9.76887291359315,8.057977921328511,0.8674761583722936,49.71590198344164,-6571.210013947244
9.76887291359315,8.057977921328511,0.8674761583722936,49.71590198344164,-6571.210013947244
10.054493466912634,7.002587866013655,0.9663814568784919,50.225519147969244,-6571.299573098578
10.054493466912634,7.002587866013655,0.9663814568784919,50.225519147969244,-6571.299573098578
10.054493466912634,7.002587866013655,0.9663814568784919,50.225519147969244,-6571.299573098578
10.343829582919318,6.732204509488329,1.0328643371664403,49.84743071657658,-6572.2801498324
10.889781814710723,7.93373190780445,0.8715890602962169,49.9724038303824,-6572.060237668071
10.889781814710723,7.93373190780445,0.8715890602962169,49.9724038303824,-6572.060237668071
10.869059153212277,7.593808836549692,0.6918455626177971,50.02157569469038,-6570.856416407266
10.869059153212277,7.593808836549692,0.6918455626177971,50.02157569469038,-6570.856416407266
10.869059153212277,7.593808836549692,0.6918455626177971,50.02157569469038,-6570.856416407266
11.00318554025419,7.937814077047856,0.6673389675086435,50.44519409767326,-6570.810321972628
11.00318554025419,7.937814077047856,0.6673389675086435,50.44519409767326,-6570.810321972628
11.00318554025419,7.937814077047856,0.6673389675086435,50.44519409767326,-6570.810321972628
11.00318554025419,7.937814077047856,0.6673389675086435,50.44519409767326,-6570.810321972628
11.00318554025419,7.937814077047856,0.6673389675086435,50.44519409767326,-6570.810321972628
11.00318554025419,7.937814077047856,0.6673389675086435,50.44519409767326,-6570.810321972628
11.00318554025419,7.937814077047856,0.6673389675086435,50.44519409767326,-6570.810321972628
11.00318554025419,7.937814077047856,0.6673389675086435,50.44519409767326,-6570.810321972628
10.665267282467783,8.314246001514501,0.6309924543175948,50.284085955119046,-6570.86707684787
10.665267282467783,8.314246001514501,0.6309924543175948,50.284085955119046,-6570.86707684787
10.665267282467783,8.314246001514501,0.6309924543175948,50.284085955119046,-6570.86707684787
10.665267282467783,8.314246001514501,0.6309924543175948,50.284085955119046,-6570.86707684787
10.665267282467783,8.314246001514501,0.6309924543175948,50.284085955119046,-6570.86707684787
10.665267282467783,8.314246001514501,0.6309924543175948,50.284085955119046,-6570.86707684787
10.665267282467783,8.314246001514501,0.6309924543175948,50.284085955119046,-6570.86707684787
10.665267282467783,8.314246001514501,0.6309924543175948,50.284085955119046,-6570.86707684787
10.665267282467783,8.314246001514501,0.6309924543175948,50.284085955119046,-6570.86707684787
10.665267282467783,8.314246001514501,0.6309924543175948,50.284085955119046,-6570.86707684787
10.665267282467783,8.314246001514501,0.6309924543175948,50.284085955119046,-6570.86707684787
10.665267282467783,8.314246001514501,0.6309924543175948,50.284085955119046,-6570.86707684787
10.453316921106238,8.373503326194815,0.7520122207534049,49.99485714976634,-6570.477843564313
10.453316921106238,8.373503326194815,0.7520122207534049,49.99485714976634,-6570.477843564313
10.453316921106238,8.373503326194815,0.7520122207534049,49.99485714976634,-6570.477843564313
10.453316921106238,8.373503326194815,0.7520122207534049,49.99485714976634,-6570.477843564313
10.453316921106238,8.373503326194815,0.7520122207534049,49.99485714976634,-6570.477843564313
10.602177540005886,7.781772020902649,0.7601271064358492,50.18972410346666,-6570.322385842021
10.602177540005886,7.781772020902649,0.7601271064358492,50.18972410346666,-6570.322385842021
10.602177540005886,7.781772020902649,0.7601271064358492,50.18972410346666,-6570.322385842021
10.602177540005886,7.781772020902649,0.7601271064358492,50.18972410346666,-6570.322385842021
10.602177540005886,7.781772020902649,0.7601271064358492,50.18972410346666,-6570.322385842021
10.602177540005886,7.781772020902649,0.7601271064358492,50.18972410346666,-6570.322385842021
10.602177540005886,7.781772020902649,0.7601271064358492,50.18972410346666,-6570.322385842021
10.602177540005886,7.781772020902649,0.7601271064358492,50.18972410346666,-6570.322385842021
10.602177540005886,7.781772020902649,0.7601271064358492,50.18972410346666,-6570.322385842021
10.602177540005886,7.781772020902649,0.7601271064358492,50.18972410346666,-6570.322385842021
10.602177540005886,7.781772020902649,0.7601271064358492,50.18972410346666,-6570.322385842021
10.602177540005886,7.781772020902649,0.7601271064358492,50.18972410346666,-6570.322385842021
10.602177540005886,7.781772020902649,0.7601271064358492,50.18972410346666,-6570.322385842021
10.602177540005886,7.781772020902649,0.7601271064358492,50.18972410346666,-6570.322385842021
10.499146963788311,6.856422532622176,0.8088598536490554,51.05846299937911,-6571.320376949518
10.499146963788311,6.856422532622176,0.8088598536490554,51.05846299937911,-6571.320376949518
10.499146963788311,6.856422532622176,0.8088598536490554,51.05846299937911,-6571.320376949518
10.824579571939237,6.98840742522083,0.896732666119652,51.271554244022795,-6572.231931823911
10.639755052405656,6.580297819866493,0.8102212663232956,51.05767031177882,-6571.417147246608
10.639755052405656,6.580297819866493,0.8102212663232956,51.05767031177882,-6571.417147246608
11.142147442791723,5.48520017207163,0.8429513361914669,50.3955308645803,-6571.453895904732
11.142147442791723,5.48520017207163,0.8429513361914669,50.3955308645803,-6571.453895904732
11.142147442791723,5.48520017207163,0.8429513361914669,50.3955308645803,-6571.453895904732
11.142147442791723,5.48520017207163,0.8429513361914669,50.3955308645803,-6571.453895904732
11.142147442791723,5.48520017207163,0.8429513361914669,50.3955308645803,-6571.453895904732
11.142147442791723,5.48520017207163,0.8429513361914669,50.3955308645803,-6571.453895904732
11.142147442791723,5.48520017207163,0.8429513361914669,50.3955308645803,-6571.453895904732
11.142147442791723,5.48520017207163,0.8429513361914669,50.3955308645803,-6571.453895904732
11.142147442791723,5.48520017207163,0.8429513361914669,50.3955308645803,-6571.453895904732
11.142147442791723,5.48520017207163,0.8429513361914669,50.3955308645803,-6571.453895904732
11.142147442791723,5.48520017207163,0.8429513361914669,50.3955308645803,-6571.453895904732
11.056206771455225,5.985355859924301,0.8482887532530248,50.98015710853497,-6571.531849484193
11.056206771455225,5.985355859924301,0.8482887532530248,50.98015710853497,-6571.531849484193
11.056206771455225,5.985355859924301,0.8482887532530248,50.98015710853497,-6571.531849484193
11.056206771455225,5.985355859924301,0.8482887532530248,50.98015710853497,-6571.531849484193
11.056206771455225,5.985355859924301,0.8482887532530248,50.98015710853497,-6571.531849484193
11.056206771455225,5.985355859924301,0.8482887532530248,50.98015710853497,-6571.531849484193
11.056206771455225,5.985355859924301,0.8482887532530248,50.98015710853497,-6571.531849484193
11.056206771455225,5.985355859924301,0.8482887532530248,50.98015710853497,-6571.531849484193
11.056206771455225,5.985355859924301,0.8482887532530248,50.98015710853497,-6571.531849484193
11.056206771455225,5.985355859924301,0.8482887532530248,50.98015710853497,-6571.531849484193
11.056206771455225,5.985355859924301,0.8482887532530248,50.98015710853497,-6571.531849484193
11.056206771455225,5.985355859924301,0.8482887532530248,50.98015710853497,-6571.531849484193
11.056206771455225,5.985355859924301,0.8482887532530248,50.98015710853497,-6571.531849484193
10.332023002175129,8.545805738083176,0.721428176051895,50.39225343768278,-6570.187322018588
10.332023002175129,8.545805738083176,0.721428176051895,50.39225343768278,-6570.187322018588
10.332023002175129,8.545805738083176,0.721428176051895,50.39225343768278,-6570.187322018588
10.332023002175129,8.545805738083176,0.721428176051895,50.39225343768278,-6570.187322018588
10.124838830359325,7.239297444920393,0.6968465381209771,50.29755912970249,-6572.17407932202
10.124838830359325,7.239297444920393,0.6968465381209771,50.29755912970249,-6572.17407932202
10.124838830359325,7.239297444920393,0.6968465381209771,50.29755912970249,-6572.17407932202
10.124838830359325,7.239297444920393,0.6968465381209771,50.29755912970249,-6572.17407932202
10.037276523505996,8.450240569465825,0.655146192435872,50.40071148657962,-6571.098174003466
9.905363536460827,9.076864871593388,0.6435244123315007,50.59417973549488,-6570.980226663211
9.905363536460827,9.076864871593388,0.6435244123315007,50.59417973549488,-6570.980226663211
9.905363536460827,9.076864871593388,0.6435244123315007,50.59417973549488,-6570.980226663211
9.905363536460827,9.076864871593388,0.6435244123315007,50.59417973549488,-6570.980226663211
9.609708191359783,8.722114586629672,0.6778656280630084,50.91820349683167,-6572.105424794045
9.609708191359783,8.722114586629672,0.6778656280630084,50.91820349683167,-6572.105424794045
9.609708191359783,8.722114586629672,0.6778656280630084,50.91820349683167,-6572.105424794045
9.609708191359783,8.722114586629672,0.6778656280630084,50.91820349683167,-6572.105424794045
9.470693895615122,9.070193468750173,0.7588936364291282,50.56257406245943,-6570.785345192324
9.470693895615122,9.070193468750173,0.7588936364291282,50.56257406245943,-6570.785345192324
9.470693895615122,9.070193468750173,0.7588936364291282,50.56257406245943,-6570.785345192324
9.470693895615122,9.070193468750173,0.7588936364291282,50.56257406245943,-6570.785345192324
9.470693895615122,9.070193468750173,0.7588936364291282,50.56257406245943,-6570.785345192324
10.108016425221503,9.072288676572532,0.7927041079434202,50.72723488878775,-6570.602119572934
10.108016425221503,9.072288676572532,0.7927041079434202,50.72723488878775,-6570.602119572934
10.108016425221503,9.072288676572532,0.7927041079434202,50.72723488878775,-6570.602119572934
10.108016425221503,9.072288676572532,0.7927041079434202,50.72723488878775,-6570.602119572934
10.108016425221503,9.072288676572532,0.7927041079434202,50.72723488878775,-6570.602119572934
10.108016425221503,9.072288676572532,0.7927041079434202,50.72723488878775,-6570.602119572934
10.108016425221503,9.072288676572532,0.7927041079434202,50.72723488878775,-6570.602119572934
10.108016425221503,9.072288676572532,0.7927041079434202,50.72723488878775,-6570.602119572934
10.108016425221503,9.072288676572532,0.7927041079434202,50.72723488878775,-6570.602119572934
10.108016425221503,9.072288676572532,0.7927041079434202,50.72723488878775,-6570.602119572934
9.165815921030092,10.453543776149155,0.7464593594969732,50.21562057221714,-6570.883880090707
9.165815921030092,10.453543776149155,0.7464593594969732,50.21562057221714,-6570.883880090707
9.165815921030092,10.453543776149155,0.7464593594969732,50.21562057221714,-6570.883880090707
9.026524197567328,8.95636820573465,0.8506395160549629,49.88354028189436,-6572.036003744774
8.96874372365839,10.639822749766967,0.8342660993923631,49.85578953182563,-6571.6486613718835
8.96874372365839,10.639822749766967,0.8342660993923631,49.85578953182563,-6571.6486613718835
8.96874372365839,10.639822749766967,0.8342660993923631,49.85578953182563,-6571.6486613718835
9.06726477743003,10.923265609290937,0.9511254821233209,50.23150456602342,-6572.979962078503
8.607355630300333,10.870460883483391,0.8314813943310327,50.266581421351574,-6571.967833815328
8.607355630300333,10.870460883483391,0.8314813943310327,50.266581421351574,-6571.967833815328
8.607355630300333,10.870460883483391,0.8314813943310327,50.266581421351574,-6571.967833815328
8.607355630300333,10.870460883483391,0.8314813943310327,50.266581421351574,-6571.967833815328
8.607355630300333,10.870460883483391,0.8314813943310327,50.266581421351574,-6571.967833815328
9.103550038693552,9.542966591947808,0.7476886822738514,50.68752030903429,-6571.651165235266
9.103550038693552,9.542966591947808,0.7476886822738514,50.68752030903429,-6571.651165235266
9.633826055981466,8.247995802284853,0.8375355013909603,50.69071817781845,-6570.91931800616
9.633826055981466,8.247995802284853,0.8375355013909603,50.69071817781845,-6570.91931800616
9.633826055981466,8.247995802284853,0.8375355013909603,50.69071817781845,-6570.91931800616
9.633826055981466,8.247995802284853,0.8375355013909603,50.69071817781845,-6570.91931800616
10.562571395975827,8.313223231122064,0.8226331894670207,50.59557319315588,-6570.845600908229
10.562571395975827,8.313223231122064,0.8226331894670207,50.59557319315588,-6570.845600908229
10.562571395975827,8.313223231122064,0.8226331894670207,50.59557319315588,-6570.845600908229
10.64197989352598,9.439391175806627,0.6540528104506117,50.97390470315425,-6571.493661360158
10.64197989352598,9.439391175806627,0.6540528104506117,50.97390470315425,-6571.493661360158
10.64197989352598,9.439391175806627,0.6540528104506117,50.97390470315425,-6571.493661360158
10.64197989352598,9.439391175806627,0.6540528104506117,50.97390470315425,-6571.493661360158
10.64197989352598,9.439391175806627,0.6540528104506117,50.97390470315425,-6571.493661360158
9.970327854949081,9.572523118153516,0.8080198690206352,50.32658482006835,-6570.769270469993
9.970327854949081,9.572523118153516,0.8080198690206352,50.32658482006835,-6570.769270469993
9.970327854949081,9.572523118153516,0.8080198690206352,50.32658482006835,-6570.769270469993
9.970327854949081,9.572523118153516,0.8080198690206352,50.32658482006835,-6570.769270469993
9.970327854949081,9.572523118153516,0.8080198690206352,50.32658482006835,-6570.769270469993
9.970327854949081,9.572523118153516,0.8080198690206352,50.32658482006835,-6570.769270469993
10.334516619451696,8.964254664226274,0.7591243066229383,49.612241691360495,-6571.336339470748
10.117628288828204,8.82853229033424,0.6886488934252668,49.998148263501015,-6570.575919450603
10.117628288828204,8.82853229033424,0.6886488934252668,49.998148263501015,-6570.575919450603
10.117628288828204,8.82853229033424,0.6886488934252668,49.998148263501015,-6570.575919450603
10.117628288828204,8.82853229033424,0.6886488934252668,49.998148263501015,-6570.575919450603
10.117628288828204,8.82853229033424,0.6886488934252668,49.998148263501015,-6570.575919450603
10.117628288828204,8.82853229033424,0.6886488934252668,49.998148263501015,-6570.575919450603
9.323058701207067,11.03069122571069,0.7077816338157554,48.986420195393165,-6573.869072493635
9.323058701207067,11.03069122571069,0.7077816338157554,48.986420195393165,-6573.869072493635
9.323058701207067,11.03069122571069,0.7077816338157554,48.986420195393165,-6573.869072493635
9.323058701207067,11.03069122571069,0.7077816338157554,48.986420195393165,-6573.869072493635
9.323058701207067,11.03069122571069,0.7077816338157554,48.986420195393165,-6573.869072493635
9.323058701207067,11.03069122571069,0.7077816338157554,48.986420195393165,-6573.869072493635
9.159586853230984,12.296233415744705,0.8994863653923991,50.46976223855283,-6574.922700318242
9.09923937843667,13.169602654045137,0.6871927486343741,49.95394574175677,-6573.672780914294
9.09923937843667,13.169602654045137,0.6871927486343741,49.95394574175677,-6573.672780914294
9.115651594107826,11.997161402419094,0.7736712095660169,49.821075279446376,-6572.65388554865
9.115651594107826,11.997161402419094,0.7736712095660169,49.821075279446376,-6572.65388554865
9.892175407847143,10.404185426583537,0.7349212794960257,49.674473804136106,-6571.718936520514
9.892175407847143,10.404185426583537,0.7349212794960257,49.674473804136106,-6571.718936520514
9.892175407847143,10.404185426583537,0.7349212794960257,49.674473804136106,-6571.718936520514
9.892175407847143,10.404185426583537,0.7349212794960257,49.674473804136106,-6571.718936520514
9.892175407847143,10.404185426583537,0.7349212794960257,49.674473804136106,-6571.718936520514
9.892175407847143,10.404185426583537,0.7349212794960257,49.674473804136106,-6571.718936520514
8.75710880789908,10.040078952599817,0.8226229934376406,50.2499826821747,-6571.805527910823
8.75710880789908,10.040078952599817,0.8226229934376406,50.2499826821747,-6571.805527910823
9.018520028933606,9.926519695075473,0.8574399522567153,49.35362546950042,-6572.633747363407
9.236183960268026,9.97391396476228,0.7343067008216594,49.73882111406581,-6571.419969360088
8.813050015510477,12.7205149805108,0.7468402874992295,49.780105083359175,-6573.218989116938
8.813050015510477,12.7205149805108,0.7468402874992295,49.780105083359175,-6573.218989116938
8.813050015510477,12.7205149805108,0.7468402874992295,49.780105083359175,-6573.218989116938
9.20360157595164,9.617857563024039,0.7218310303248056,50.384962785588826,-6571.265133046652
9.42207579578646,9.517552690763955,0.84634942446425,50.93624799876871,-6571.304183651444
9.42207579578646,9.517552690763955,0.84634942446425,50.93624799876871,-6571.304183651444
9.42207579578646,9.517552690763955,0.84634942446425,50.93624799876871,-6571.304183651444
9.42207579578646,9.517552690763955,0.84634942446425,50.93624799876871,-6571.304183651444
9.573871586046955,9.44707842477674,0.9273490930239795,50.16367561293544,-6571.467932232772
9.573871586046955,9.44707842477674,0.9273490930239795,50.16367561293544,-6571.467932232772
8.945498962756107,9.218670637605367,0.9549817643040068,50.63457883156745,-6572.223835498239
8.945498962756107,9.218670637605367,0.9549817643040068,50.63457883156745,-6572.223835498239
9.781945795253835,7.632819263187881,0.9817660557411462,50.87652304072694,-6571.888543301398
9.781945795253835,7.632819263187881,0.9817660557411462,50.87652304072694,-6571.888543301398
9.781945795253835,7.632819263187881,0.9817660557411462,50.87652304072694,-6571.888543301398
10.479944838780895,7.438690330081306,1.0631805665730614,50.814248821490295,-6573.480169940321
10.369265139533526,7.7973122371351895,0.8526609561288004,51.52859013239602,-6572.465536438697
10.127115743692576,8.579683623587574,0.7951682852975098,51.59900841917505,-6572.514126689428
10.127115743692576,8.579683623587574,0.7951682852975098,51.59900841917505,-6572.514126689428
10.75180594304696,9.53791209691403,0.7283002100542383,51.28063551201511,-6573.0340518539
11.1057187104686,9.717807728235886,0.6109220035435937,50.520429293324675,-6572.721614537688
10.3976346207682,10.330644506267978,0.5945423461082399,50.315864354653215,-6571.558728049682
10.474331072860128,9.138483612783595,0.5951558347449913,50.0256920669904,-6571.343354725324
10.474331072860128,9.138483612783595,0.5951558347449913,50.0256920669904,-6571.343354725324
10.474331072860128,9.138483612783595,0.5951558347449913,50.0256920669904,-6571.343354725324
10.474331072860128,9.138483612783595,0.5951558347449913,50.0256920669904,-6571.343354725324
10.474331072860128,9.138483612783595,0.5951558347449913,50.0256920669904,-6571.343354725324
10.474331072860128,9.138483612783595,0.5951558347449913,50.0256920669904,-6571.343354725324
10.474331072860128,9.138483612783595,0.5951558347449913,50.0256920669904,-6571.343354725324
11.230396648214908,9.215369275756393,0.5195888398834941,50.25827151629374,-6572.939266881514
11.230396648214908,9.215369275756393,0.5195888398834941,50.25827151629374,-6572.939266881514
11.230396648214908,9.215369275756393,0.5195888398834941,50.25827151629374,-6572.939266881514
11.230396648214908,9.215369275756393,0.5195888398834941,50.25827151629374,-6572.939266881514
11.230396648214908,9.215369275756393,0.5195888398834941,50.25827151629374,-6572.939266881514
11.230396648214908,9.215369275756393,0.5195888398834941,50.25827151629374,-6572.939266881514
11.230396648214908,9.215369275756393,0.5195888398834941,50.25827151629374,-6572.939266881514
10.06881010872885,11.191637362409917,0.7335621591598714,49.786896537735856,-6573.2655769503945
10.06881010872885,11.191637362409917,0.7335621591598714,49.786896537735856,-6573.2655769503945
10.01614410147017,10.78503360905022,0.6190611571148746,49.53963761679818,-6572.490653106586
9.760144142111407,10.331406840733628,0.7961515533557729,49.34674994324778,-6572.655254623192
9.760144142111407,10.331406840733628,0.7961515533557729,49.34674994324778,-6572.655254623192
9.103469715923241,11.014141812114236,0.9525041088633666,50.90788070897122,-6573.789749976322
9.103469715923241,11.014141812114236,0.9525041088633666,50.90788070897122,-6573.789749976322
9.968726287212316,11.403217723385756,0.8233765946875419,50.67738344459213,-6574.428886938363
9.968726287212316,11.403217723385756,0.8233765946875419,50.67738344459213,-6574.428886938363
9.968726287212316,11.403217723385756,0.8233765946875419,50.67738344459213,-6574.428886938363
9.968726287212316,11.403217723385756,0.8233765946875419,50.67738344459213,-6574.428886938363
9.968726287212316,11.403217723385756,0.8233765946875419,50.67738344459213,-6574.428886938363
9.731198491182976,11.528738284336908,0.8074790713498503,50.20071712240544,-6573.399818611819
9.731198491182976,11.528738284336908,0.8074790713498503,50.20071712240544,-6573.399818611819
9.616440126604733,11.874049009178245,0.5732323409596584,49.709547401350186,-6572.87885911545
9.616440126604733,11.874049009178245,0.5732323409596584,49.709547401350186,-6572.87885911545
9.616440126604733,11.874049009178245,0.5732323409596584,49.709547401350186,-6572.87885911545
9.616440126604733,11.874049009178245,0.5732323409596584,49.709547401350186,-6572.87885911545
9.616440126604733,11.874049009178245,0.5732323409596584,49.709547401350186,-6572.87885911545
9.616440126604733,11.874049009178245,0.5732323409596584,49.709547401350186,-6572.87885911545
9.616440126604733,11.874049009178245,0.5732323409596584,49.709547401350186,-6572.87885911545
9.616440126604733,11.874049009178245,0.5732323409596584,49.709547401350186,-6572.87885911545
9.032374782168636,12.40249312730536,0.5675924742153868,50.220757168869405,-6572.642617890759
9.032374782168636,12.40249312730536,0.5675924742153868,50.220757168869405,-6572.642617890759
9.032374782168636,12.40249312730536,0.5675924742153868,50.220757168869405,-6572.642617890759
9.525790309358205,11.529414591188589,0.6050761968819689,49.47994087952566,-6572.9016459269715
9.525790309358205,11.529414591188589,0.6050761968819689,49.47994087952566,-6572.9016459269715
9.525790309358205,11.529414591188589,0.6050761968819689,49.47994087952566,-6572.9016459269715
9.019238049615092,12.166667919219782,0.6367954481617474,50.38365343602472,-6571.9417604463415
9.019238049615092,12.166667919219782,0.6367954481617474,50.38365343602472,-6571.9417604463415
9.019238049615092,12.166667919219782,0.6367954481617474,50.38365343602472,-6571.9417604463415
9.019238049615092,12.166667919219782,0.6367954481617474,50.38365343602472,-6571.9417604463415
9.019238049615092,12.166667919219782,0.6367954481617474,50.38365343602472,-6571.9417604463415
9.019238049615092,12.166667919219782,0.6367954481617474,50.38365343602472,-6571.9417604463415
9.019238049615092,12.166667919219782,0.6367954481617474,50.38365343602472,-6571.9417604463415
9.38409216550924,11.968143247001432,0.7578764740324306,50.56112027495014,-6572.618348992796
9.38409216550924,11.968143247001432,0.7578764740324306,50.56112027495014,-6572.618348992796
9.38409216550924,11.968143247001432,0.7578764740324306,50.56112027495014,-6572.618348992796
9.38409216550924,11.968143247001432,0.7578764740324306,50.56112027495014,-6572.618348992796
8.840458462052466,12.174207194851874,0.7875118330087316,50.13538631761389,-6572.441524480062
8.840458462052466,12.174207194851874,0.7875118330087316,50.13538631761389,-6572.441524480062
8.840458462052466,12.174207194851874,0.7875118330087316,50.13538631761389,-6572.441524480062
9.163919505391522,9.592576863593633,0.6199766888280247,49.973579349846055,-6573.546916968125
10.100375124636901,9.16939852263158,0.6445017851578501,50.091829885609286,-6570.769215310467
10.100375124636901,9.16939852263158,0.6445017851578501,50.091829885609286,-6570.769215310467
10.100375124636901,9.16939852263158,0.6445017851578501,50.091829885609286,-6570.769215310467
10.100375124636901,9.16939852263158,0.6445017851578501,50.091829885609286,-6570.769215310467
10.100375124636901,9.16939852263158,0.6445017851578501,50.091829885609286,-6570.769215310467
10.100375124636901,9.16939852263158,0.6445017851578501,50.091829885609286,-6570.769215310467
10.100375124636901,9.16939852263158,0.6445017851578501,50.091829885609286,-6570.769215310467
10.100375124636901,9.16939852263158,0.6445017851578501,50.091829885609286,-6570.769215310467
10.100375124636901,9.16939852263158,0.6445017851578501,50.091829885609286,-6570.769215310467
10.100375124636901,9.16939852263158,0.6445017851578501,50.091829885609286,-6570.769215310467
10.100375124636901,9.16939852263158,0.6445017851578501,50.091829885609286,-6570.769215310467
10.214104487286564,8.122564321126841,0.6103406515043261,50.27996668762494,-6572.054123337798
10.223577275700311,7.875015958579446,0.7332600620446845,49.96935505120665,-6570.716805134324
10.223577275700311,7.875015958579446,0.7332600620446845,49.96935505120665,-6570.716805134324
10.223577275700311,7.875015958579446,0.7332600620446845,49.96935505120665,-6570.716805134324
10.223577275700311,7.875015958579446,0.7332600620446845,49.96935505120665,-6570.716805134324
10.223577275700311,7.875015958579446,0.7332600620446845,49.96935505120665,-6570.716805134324
9.518443409759373,8.002516735143534,0.6717848465218377,49.81268643243872,-6574.329474871338
9.922747320862623,7.123994556300336,0.8158448047936326,49.859636936407256,-6571.870027423187
11.149573670616704,5.3643281327603365,0.8176723100273275,50.410870492498425,-6571.689870063859
11.149573670616704,5.3643281327603365,0.8176723100273275,50.410870492498425,-6571.689870063859
11.149573670616704,5.3643281327603365,0.8176723100273275,50.410870492498425,-6571.689870063859
11.240977323363564,4.717854077656219,0.9055078430762469,50.704761949100345,-6572.441492199097
11.240977323363564,4.717854077656219,0.9055078430762469,50.704761949100345,-6572.441492199097
11.240977323363564,4.717854077656219,0.9055078430762469,50.704761949100345,-6572.441492199097
11.240977323363564,4.717854077656219,0.9055078430762469,50.704761949100345,-6572.441492199097
11.240977323363564,4.717854077656219,0.9055078430762469,50.704761949100345,-6572.441492199097
11.240977323363564,4.717854077656219,0.9055078430762469,50.704761949100345,-6572.441492199097
11.240977323363564,4.717854077656219,0.9055078430762469,50.704761949100345,-6572.441492199097
11.240977323363564,4.717854077656219,0.9055078430762469,50.704761949100345,-6572.441492199097
11.240977323363564,4.717854077656219,0.9055078430762469,50.704761949100345,-6572.441492199097
11.240977323363564,4.717854077656219,0.9055078430762469,50.704761949100345,-6572.441492199097
10.95579416041667,5.659985811988408,1.0378518196341795,49.89069528991958,-6572.823200422342
10.95579416041667,5.659985811988408,1.0378518196341795,49.89069528991958,-6572.823200422342
10.52397189126831,5.6847669043560725,1.074009190604419,49.528886881174174,-6573.660351181994
10.52397189126831,5.6847669043560725,1.074009190604419,49.528886881174174,-6573.660351181994
10.52397189126831,5.6847669043560725,1.074009190604419,49.528886881174174,-6573.660351181994
10.56211199690486,5.101672397095584,1.1427787290901843,49.37193040479407,-6575.2208288433985
10.56211199690486,5.101672397095584,1.1427787290901843,49.37193040479407,-6575.2208288433985
10.4656051710358,5.632243829622696,1.105550904770911,49.00045667022162,-6575.732372638711
10.485390846308725,5.319232573004895,1.1280575574508982,49.288482432785756,-6575.172950935976
10.485390846308725,5.319232573004895,1.1280575574508982,49.288482432785756,-6575.172950935976
10.262141322371725,6.62341975341682,1.1160311197119681,49.53273899429667,-6573.907841201373
10.262141322371725,6.62341975341682,1.1160311197119681,49.53273899429667,-6573.907841201373
10.262141322371725,6.62341975341682,1.1160311197119681,49.53273899429667,-6573.907841201373
10.262141322371725,6.62341975341682,1.1160311197119681,49.53273899429667,-6573.907841201373
10.262141322371725,6.62341975341682,1.1160311197119681,49.53273899429667,-6573.907841201373
10.419144774293214,8.817063653717478,0.9605431791698434,49.32706572445571,-6574.515324745587
10.419144774293214,8.817063653717478,0.9605431791698434,49.32706572445571,-6574.515324745587
10.740045736017088,7.865235363776648,0.9882258200612052,50.22266056573958,-6573.184661996256
11.690286242545527,7.515626165893649,0.7529197119449204,50.354315821059245,-6572.755919293953
11.690286242545527,7.515626165893649,0.7529197119449204,50.354315821059245,-6572.755919293953
11.67926790956751,4.821256556327484,0.7259414658532339,50.926554939903944,-6573.218859734138
11.67926790956751,4.821256556327484,0.7259414658532339,50.926554939903944,-6573.218859734138
11.67926790956751,4.821256556327484,0.7259414658532339,50.926554939903944,-6573.218859734138
10.72372673811862,7.112583498266857,0.7255469174136504,50.82640271791699,-6570.882046209983
10.995061850181822,7.468994429766913,0.5609865879513409,50.75114904496212,-6572.701647680248
11.040858136170597,6.969713169607261,0.6974104251210185,50.70003461132313,-6570.952085068368
11.040858136170597,6.969713169607261,0.6974104251210185,50.70003461132313,-6570.952085068368
11.567306192640276,8.2314890751204,0.5886192752507104,50.30925496762804,-6572.504285112085
11.567306192640276,8.2314890751204,0.5886192752507104,50.30925496762804,-6572.504285112085
11.567306192640276,8.2314890751204,0.5886192752507104,50.30925496762804,-6572.504285112085
11.567306192640276,8.2314890751204,0.5886192752507104,50.30925496762804,-6572.504285112085
11.567306192640276,8.2314890751204,0.5886192752507104,50.30925496762804,-6572.504285112085
11.567306192640276,8.2314890751204,0.5886192752507104,50.30925496762804,-6572.504285112085
11.461030429161132,7.745298898267205,0.5159328876669836,49.99942702039161,-6573.677188764493
11.461030429161132,7.745298898267205,0.5159328876669836,49.99942702039161,-6573.677188764493
11.461030429161132,7.745298898267205,0.5159328876669836,49.99942702039161,-6573.677188764493
11.461030429161132,7.745298898267205,0.5159328876669836,49.99942702039161,-6573.677188764493
11.461030429161132,7.745298898267205,0.5159328876669836,49.99942702039161,-6573.677188764493
11.461030429161132,7.745298898267205,0.5159328876669836,49.99942702039161,-6573.677188764493
11.461030429161132,7.745298898267205,0.5159328876669836,49.99942702039161,-6573.677188764493
11.461030429161132,7.745298898267205,0.5159328876669836,49.99942702039161,-6573.677188764493
11.461030429161132,7.745298898267205,0.5159328876669836,49.99942702039161,-6573.677188764493
11.461030429161132,7.745298898267205,0.5159328876669836,49.99942702039161,-6573.677188764493
11.461030429161132,7.745298898267205,0.5159328876669836,49.99942702039161,-6573.677188764493
11.642817158491962,6.068632621935695,0.633212876848323,50.94863186431735,-6572.705563910995
11.642817158491962,6.068632621935695,0.633212876848323,50.94863186431735,-6572.705563910995
11.642817158491962,6.068632621935695,0.633212876848323,50.94863186431735,-6572.705563910995
12.082969188439609,6.8156973849033164,0.7411021791945233,50.746901091100284,-6573.373085979122
12.082969188439609,6.8156973849033164,0.7411021791945233,50.746901091100284,-6573.373085979122
12.082969188439609,6.8156973849033164,0.7411021791945233,50.746901091100284,-6573.373085979122
10.751545964949214,7.012125177639499,0.9248837201645563,50.7856026541832,-6571.503133950229
10.751545964949214,7.012125177639499,0.9248837201645563,50.7856026541832,-6571.503133950229
10.751545964949214,7.012125177639499,0.9248837201645563,50.7856026541832,-6571.503133950229
10.502708451509529,7.258394013139433,0.6650234416819405,50.688857121198645,-6571.659003220695
10.502708451509529,7.258394013139433,0.6650234416819405,50.688857121198645,-6571.659003220695
10.502708451509529,7.258394013139433,0.6650234416819405,50.688857121198645,-6571.659003220695
10.502708451509529,7.258394013139433,0.6650234416819405,50.688857121198645,-6571.659003220695
11.418025835806437,7.211704295056541,0.7449346418678419,50.11779273466706,-6571.5463992079585
11.418025835806437,7.211704295056541,0.7449346418678419,50.11779273466706,-6571.5463992079585
10.174413997575632,8.17916211362141,0.8010407811930028,49.54661543689149,-6571.203294293448
10.174413997575632,8.17916211362141,0.8010407811930028,49.54661543689149,-6571.203294293448
10.174413997575632,8.17916211362141,0.8010407811930028,49.54661543689149,-6571.203294293448
10.174413997575632,8.17916211362141,0.8010407811930028,49.54661543689149,-6571.203294293448
10.174413997575632,8.17916211362141,0.8010407811930028,49.54661543689149,-6571.203294293448
10.786890337434675,7.650788073080638,0.7177590819478685,50.03882132902499,-6570.654341163203
10.786890337434675,7.650788073080638,0.7177590819478685,50.03882132902499,-6570.654341163203
10.453360595970656,6.382575694237859,0.7559452254652803,49.35717686950632,-6573.679468394705
9.7903059546821,8.085391161931517,0.7770498611441032,49.41198944245086,-6572.184246784501
9.7903059546821,8.085391161931517,0.7770498611441032,49.41198944245086,-6572.184246784501
10.030093825501167,7.115109796139631,0.7910033144928393,50.624687723403305,-6571.460154349893
10.030093825501167,7.115109796139631,0.7910033144928393,50.624687723403305,-6571.460154349893
10.030093825501167,7.115109796139631,0.7910033144928393,50.624687723403305,-6571.460154349893
10.030093825501167,7.115109796139631,0.7910033144928393,50.624687723403305,-6571.460154349893
9.638306093343015,8.779144359194449,0.844183863572059,50.74189964132826,-6570.748221617039
9.638306093343015,8.779144359194449,0.844183863572059,50.74189964132826,-6570.748221617039
9.638306093343015,8.779144359194449,0.844183863572059,50.74189964132826,-6570.748221617039
9.638306093343015,8.779144359194449,0.844183863572059,50.74189964132826,-6570.748221617039
9.915042674374046,8.190196681951424,0.8803053915807408,51.16960405099667,-6571.599281018168
9.915042674374046,8.190196681951424,0.8803053915807408,51.16960405099667,-6571.599281018168
9.915042674374046,8.190196681951424,0.8803053915807408,51.16960405099667,-6571.599281018168
9.915042674374046,8.190196681951424,0.8803053915807408,51.16960405099667,-6571.599281018168
9.80899548815884,7.639178131945804,0.9512275952043301,51.10911340419381,-6572.11102222993
9.80899548815884,7.639178131945804,0.9512275952043301,51.10911340419381,-6572.11102222993
9.80899548815884,7.639178131945804,0.9512275952043301,51.10911340419381,-6572.11102222993
9.80899548815884,7.639178131945804,0.9512275952043301,51.10911340419381,-6572.11102222993
9.80899548815884,7.639178131945804,0.9512275952043301,51.10911340419381,-6572.11102222993
9.80899548815884,7.639178131945804,0.9512275952043301,51.10911340419381,-6572.11102222993
9.80899548815884,7.639178131945804,0.9512275952043301,51.10911340419381,-6572.11102222993
9.822731708047405,8.270682033299542,1.0493881340409301,50.61994713843435,-6572.6059542941275
9.822731708047405,8.270682033299542,1.0493881340409301,50.61994713843435,-6572.6059542941275
9.822731708047405,8.270682033299542,1.0493881340409301,50.61994713843435,-6572.6059542941275
9.822731708047405,8.270682033299542,1.0493881340409301,50.61994713843435,-6572.6059542941275
9.512643516774911,8.742557970177012,1.021714550420518,51.05314046345396,-6573.018457838848
8.964006333593545,9.999506301691824,0.9485362961864519,50.907329882214036,-6572.634445024374
10.285358724965555,8.468963288751123,0.964989092289705,50.32483680471024,-6572.194194789323
10.111615504957667,8.156034370300102,0.9086322250442306,49.754891205123215,-6571.304724735666
10.102985371894711,7.234683102929701,0.7722515247791187,50.132903523264595,-6571.215341747611
10.102985371894711,7.234683102929701,0.7722515247791187,50.132903523264595,-6571.215341747611
10.102985371894711,7.234683102929701,0.7722515247791187,50.132903523264595,-6571.215341747611
10.102985371894711,7.234683102929701,0.7722515247791187,50.132903523264595,-6571.215341747611
10.102985371894711,7.234683102929701,0.7722515247791187,50.132903523264595,-6571.215341747611
10.816498717493607,7.326720263516857,0.7342725497485131,50.11454205619016,-6570.600337944681
10.816498717493607,7.326720263516857,0.7342725497485131,50.11454205619016,-6570.600337944681
10.816498717493607,7.326720263516857,0.7342725497485131,50.11454205619016,-6570.600337944681
10.816498717493607,7.326720263516857,0.7342725497485131,50.11454205619016,-6570.600337944681
10.816498717493607,7.326720263516857,0.7342725497485131,50.11454205619016,-6570.600337944681
10.893659178343176,8.174025539670364,0.7098388824518486,49.93835881015477,-6571.059549307441
10.866776457968276,8.422434724371499,0.6382593219263756,50.424422304348354,-6570.881242487956
10.866776457968276,8.422434724371499,0.6382593219263756,50.424422304348354,-6570.881242487956
10.27377153115205,8.74756664921024,0.6243936196983406,50.276603245943136,-6570.934983101789
10.27377153115205,8.74756664921024,0.6243936196983406,50.276603245943136,-6570.934983101789
10.27377153115205,8.74756664921024,0.6243936196983406,50.276603245943136,-6570.934983101789
10.27377153115205,8.74756664921024,0.6243936196983406,50.276603245943136,-6570.934983101789
10.27377153115205,8.74756664921024,0.6243936196983406,50.276603245943136,-6570.934983101789
10.27377153115205,8.74756664921024,0.6243936196983406,50.276603245943136,-6570.934983101789
9.75927125095734,9.605940643997904,0.7081443451398838,49.474540257926115,-6571.603253890764
9.75927125095734,9.605940643997904,0.7081443451398838,49.474540257926115,-6571.603253890764
9.75927125095734,9.605940643997904,0.7081443451398838,49.474540257926115,-6571.603253890764
9.87631619183047,9.350292779542874,0.6146357845240262,49.92973462538824,-6571.581023627728
9.565748235835366,9.38888465985439,0.6790632775191168,49.49675432279474,-6572.164572510243
9.565748235835366,9.38888465985439,0.6790632775191168,49.49675432279474,-6572.164572510243
9.565748235835366,9.38888465985439,0.6790632775191168,49.49675432279474,-6572.164572510243
10.071994523318631,8.712220767267906,0.7092797559188112,49.92857846353572,-6570.59666923461
10.071994523318631,8.712220767267906,0.7092797559188112,49.92857846353572,-6570.59666923461
10.071994523318631,8.712220767267906,0.7092797559188112,49.92857846353572,-6570.59666923461
10.071994523318631,8.712220767267906,0.7092797559188112,49.92857846353572,-6570.59666923461
10.139708819171794,9.005680722598497,0.7216521822240818,50.20469608665073,-6570.244777309815
10.139708819171794,9.005680722598497,0.7216521822240818,50.20469608665073,-6570.244777309815
10.539293828188315,10.479869014738366,0.6920846248817611,50.21120234319994,-6572.635029285539
9.540980040945952,10.78308768926699,0.551789995746131,50.02977926970899,-6572.360090797821
9.540980040945952,10.78308768926699,0.551789995746131,50.02977926970899,-6572.360090797821
9.540980040945952,10.78308768926699,0.551789995746131,50.02977926970899,-6572.360090797821
9.540980040945952,10.78308768926699,0.551789995746131,50.02977926970899,-6572.360090797821
9.722873847559965,11.616366254119281,0.5353491651066565,50.44408713896375,-6572.274008112647
10.44291403382254,12.921518991411972,0.44762140925391286,51.075400551401636,-6576.34386104164
10.44291403382254,12.921518991411972,0.44762140925391286,51.075400551401636,-6576.34386104164
10.44291403382254,12.921518991411972,0.44762140925391286,51.075400551401636,-6576.34386104164
9.400004630261165,12.222968012692577,0.6160944388066119,51.60140103632892,-6574.317543641432
9.400004630261165,12.222968012692577,0.6160944388066119,51.60140103632892,-6574.317543641432
9.322346756794609,12.878076951453847,0.6832258151779318,51.434170724359895,-6574.960875757644
9.533978318344994,10.86887521454317,0.6461110307955585,51.64864973861282,-6573.482832922901
9.533978318344994,10.86887521454317,0.6461110307955585,51.64864973861282,-6573.482832922901
9.945351260969785,11.809137986177763,0.7060724021451708,50.50697784405674,-6573.276080887237
10.02092139696345,11.319653757113056,0.7652740086537038,50.40979137795337,-6573.298402815454
9.693170295465276,10.265678846251493,0.6469013159751978,50.69973675357284,-6570.896340075192
9.693170295465276,10.265678846251493,0.6469013159751978,50.69973675357284,-6570.896340075192
10.431461697037818,9.053302829031509,0.7176560909265702,50.78323115811817,-6570.699049236802
10.431461697037818,9.053302829031509,0.7176560909265702,50.78323115811817,-6570.699049236802
9.177583632772308,8.986299558181512,0.7480906017610953,50.41237847088751,-6571.875392619243
10.40943587103244,8.471933416114881,0.6945647529704305,50.25561151116724,-6570.327717377495
10.40943587103244,8.471933416114881,0.6945647529704305,50.25561151116724,-6570.327717377495
10.636764957253476,6.905624384642077,0.7676456032395076,50.50364192644545,-6570.622347428655
10.636764957253476,6.905624384642077,0.7676456032395076,50.50364192644545,-6570.622347428655
11.099955842016822,7.768223668893451,0.7163200460693746,50.541692730382756,-6570.88550669648
11.099955842016822,7.768223668893451,0.7163200460693746,50.541692730382756,-6570.88550669648
10.443455644792024,8.777771119303315,0.7396971209447936,50.78180380217315,-6570.603766981963
10.443455644792024,8.777771119303315,0.7396971209447936,50.78180380217315,-6570.603766981963
10.116087224445478,8.524514267915096,0.7521876228298,50.83578247941678,-6570.462698906058
10.116087224445478,8.524514267915096,0.7521876228298,50.83578247941678,-6570.462698906058
10.116087224445478,8.524514267915096,0.7521876228298,50.83578247941678,-6570.462698906058
10.116087224445478,8.524514267915096,0.7521876228298,50.83578247941678,-6570.462698906058
10.116087224445478,8.524514267915096,0.7521876228298,50.83578247941678,-6570.462698906058
10.116087224445478,8.524514267915096,0.7521876228298,50.83578247941678,-6570.462698906058
10.116087224445478,8.524514267915096,0.7521876228298,50.83578247941678,-6570.462698906058
10.218132059050548,7.958337517666053,0.6984524985282605,50.23067283881195,-6570.736211592265
10.218132059050548,7.958337517666053,0.6984524985282605,50.23067283881195,-6570.736211592265
10.218132059050548,7.958337517666053,0.6984524985282605,50.23067283881195,-6570.736211592265
10.756340594489464,9.178180965170586,0.7240513899403265,50.180634552402545,-6571.519432319332
9.90917490697935,9.58944109699238,0.8821235170937317,50.17788348199289,-6571.562944348558
10.670134235496937,9.160976478320679,0.7434820504095402,49.915759227251264,-6571.670874089552
10.670134235496937,9.160976478320679,0.7434820504095402,49.915759227251264,-6571.670874089552
11.454750565915942,7.155299651526418,0.6854488773032489,50.40008915312209,-6571.332791082041
11.39284420301641,5.295767648107158,0.7161197028213485,50.83143002104239,-6572.726678801837
11.39284420301641,5.295767648107158,0.7161197028213485,50.83143002104239,-6572.726678801837
10.882282770276664,5.2735042238300505,0.7351762794697266,50.61891615002267,-6573.676429188121
10.980579405743313,7.68582387600342,0.6614612686246168,50.99139248391424,-6571.240055498891
10.980579405743313,7.68582387600342,0.6614612686246168,50.99139248391424,-6571.240055498891
10.980579405743313,7.68582387600342,0.6614612686246168,50.99139248391424,-6571.240055498891
10.980579405743313,7.68582387600342,0.6614612686246168,50.99139248391424,-6571.240055498891
11.214721634350886,8.1374164108172,0.6124680795363332,50.79542941160449,-6571.584415413492
11.214721634350886,8.1374164108172,0.6124680795363332,50.79542941160449,-6571.584415413492
10.291410581234715,8.002989636804193,0.7267556667250826,50.354233598940546,-6570.316343498789
10.291410581234715,8.002989636804193,0.7267556667250826,50.354233598940546,-6570.316343498789
10.96012054093223,7.112083815741804,0.8362130871848159,49.93838251362771,-6571.1562837787515
11.257449416814095,5.552724976763064,0.8639070029805757,49.79706763531133,-6571.989521687847
11.257449416814095,5.552724976763064,0.8639070029805757,49.79706763531133,-6571.989521687847
11.257449416814095,5.552724976763064,0.8639070029805757,49.79706763531133,-6571.989521687847
11.257449416814095,5.552724976763064,0.8639070029805757,49.79706763531133,-6571.989521687847
11.257449416814095,5.552724976763064,0.8639070029805757,49.79706763531133,-6571.989521687847
10.842031073004476,6.586117364043397,0.9096574291746147,49.561828413797095,-6572.065310915052
10.842031073004476,6.586117364043397,0.9096574291746147,49.561828413797095,-6572.065310915052
10.762661461098999,6.924746917089233,0.9018958173973977,49.896915104416635,-6571.323660021604
10.762661461098999,6.924746917089233,0.9018958173973977,49.896915104416635,-6571.323660021604
10.762661461098999,6.924746917089233,0.9018958173973977,49.896915104416635,-6571.323660021604
10.762661461098999,6.924746917089233,0.9018958173973977,49.896915104416635,-6571.323660021604
10.828854511011954,7.214876375473076,0.8596737486541031,50.06961658025377,-6570.989606624238
10.828854511011954,7.214876375473076,0.8596737486541031,50.06961658025377,-6570.989606624238
10.828854511011954,7.214876375473076,0.8596737486541031,50.06961658025377,-6570.989606624238
10.828854511011954,7.214876375473076,0.8596737486541031,50.06961658025377,-6570.989606624238
10.936178673011547,8.348620089385033,0.7585110417275316,50.202090664050345,-6571.266178804193
11.022426024655163,6.1229821507473545,0.7237979308204078,50.83522381459191,-6571.747120215987
11.198502781059386,7.1160942640006315,0.6502761834272004,50.65250092619813,-6571.279285158653
11.967507321420369,7.394099012994676,0.5919383114927139,50.44819493910834,-6572.993916123167
11.967507321420369,7.394099012994676,0.5919383114927139,50.44819493910834,-6572.993916123167
11.317255501856948,8.883793815657832,0.5322010674800994,50.0350139381313,-6573.060230815003
11.317255501856948,8.883793815657832,0.5322010674800994,50.0350139381313,-6573.060230815003
11.317255501856948,8.883793815657832,0.5322010674800994,50.0350139381313,-6573.060230815003
11.736735223204038,7.989899597659594,0.607072256063895,50.59010116363497,-6572.688169249264
11.470572614758415,7.02480582960644,0.5782258476185211,50.47222502473387,-6572.421565471505
11.050578216798618,7.15898522434973,0.6106744210396233,50.289498076555354,-6571.887979423724
11.050578216798618,7.15898522434973,0.6106744210396233,50.289498076555354,-6571.887979423724
10.387204158336813,8.024353791521097,0.6787373255310654,50.99791800097731,-6571.142587018976
10.387204158336813,8.024353791521097,0.6787373255310654,50.99791800097731,-6571.142587018976
10.387204158336813,8.024353791521097,0.6787373255310654,50.99791800097731,-6571.142587018976
9.928052739889845,8.3775783335652,0.7803423042982436,50.4319208891677,-6570.264570093754
9.928052739889845,8.3775783335652,0.7803423042982436,50.4319208891677,-6570.264570093754
9.928052739889845,8.3775783335652,0.7803423042982436,50.4319208891677,-6570.264570093754
9.503803027237847,8.561200977728731,0.7992809341110273,50.906954182530434,-6571.389298129598
9.503803027237847,8.561200977728731,0.7992809341110273,50.906954182530434,-6571.389298129598
10.779563697886685,6.952089910333223,0.729167785706998,50.733109854164546,-6570.849763708089
10.985122831525182,6.747212582017182,0.6070153525912472,50.31153920029502,-6572.710836133389
10.985122831525182,6.747212582017182,0.6070153525912472,50.31153920029502,-6572.710836133389
10.985122831525182,6.747212582017182,0.6070153525912472,50.31153920029502,-6572.710836133389
10.985122831525182,6.747212582017182,0.6070153525912472,50.31153920029502,-6572.710836133389
11.149240032497742,7.561354381564688,0.7376834567590914,51.07494108791382,-6571.496059930279
11.149240032497742,7.561354381564688,0.7376834567590914,51.07494108791382,-6571.496059930279
11.149240032497742,7.561354381564688,0.7376834567590914,51.07494108791382,-6571.496059930279
11.149240032497742,7.561354381564688,0.7376834567590914,51.07494108791382,-6571.496059930279
10.677975299931475,8.009668055142546,0.8205396575270247,50.48126509432704,-6570.751771824054
10.677975299931475,8.009668055142546,0.8205396575270247,50.48126509432704,-6570.751771824054
10.180775414146963,8.578202824978879,0.8443139318846011,50.74397629623263,-6570.761037302976
10.540595785398953,8.357748868858188,0.8843635586554621,50.52942205527733,-6571.539850501331
10.540595785398953,8.357748868858188,0.8843635586554621,50.52942205527733,-6571.539850501331
10.194838948556281,10.256678834219397,0.6500208217376948,50.519116643646704,-6571.043059533817
10.040390748842533,10.509595803676735,0.6387858648425422,50.815577685003724,-6571.276034296896
10.231906931229954,10.041565780498138,0.632716229918276,50.22036245983835,-6570.984240855871
10.231906931229954,10.041565780498138,0.632716229918276,50.22036245983835,-6570.984240855871
10.638511050195747,9.401651017514888,0.5874871583279974,49.94072039310287,-6571.717261201059
10.638511050195747,9.401651017514888,0.5874871583279974,49.94072039310287,-6571.717261201059
10.638511050195747,9.401651017514888,0.5874871583279974,49.94072039310287,-6571.717261201059
10.638511050195747,9.401651017514888,0.5874871583279974,49.94072039310287,-6571.717261201059
10.309653864942227,9.53097203242619,0.5873365447502592,50.74053350988857,-6571.236859249638
10.309653864942227,9.53097203242619,0.5873365447502592,50.74053350988857,-6571.236859249638
10.309653864942227,9.53097203242619,0.5873365447502592,50.74053350988857,-6571.236859249638
10.309653864942227,9.53097203242619,0.5873365447502592,50.74053350988857,-6571.236859249638
10.309653864942227,9.53097203242619,0.5873365447502592,50.74053350988857,-6571.236859249638
10.309653864942227,9.53097203242619,0.5873365447502592,50.74053350988857,-6571.236859249638
10.309653864942227,9.53097203242619,0.5873365447502592,50.74053350988857,-6571.236859249638
10.309653864942227,9.53097203242619,0.5873365447502592,50.74053350988857,-6571.236859249638
10.309653864942227,9.53097203242619,0.5873365447502592,50.74053350988857,-6571.236859249638
10.973211118293248,8.08128246523573,0.6992029655986322,49.97181612136362,-6571.107209078643
10.973211118293248,8.08128246523573,0.6992029655986322,49.97181612136362,-6571.107209078643
9.700548907864292,8.414184370628963,0.818751048032731,50.25394001834017,-6570.501408762118
9.700548907864292,8.414184370628963,0.818751048032731,50.25394001834017,-6570.501408762118
9.700548907864292,8.414184370628963,0.818751048032731,50.25394001834017,-6570.501408762118
9.700548907864292,8.414184370628963,0.818751048032731,50.25394001834017,-6570.501408762118
9.60545928954596,8.834740445211017,0.8239142462201576,49.604972838609676,-6571.279331162851
9.60545928954596,8.834740445211017,0.8239142462201576,49.604972838609676,-6571.279331162851
9.60545928954596,8.834740445211017,0.8239142462201576,49.604972838609676,-6571.279331162851
9.60545928954596,8.834740445211017,0.8239142462201576,49.604972838609676,-6571.279331162851
9.60545928954596,8.834740445211017,0.8239142462201576,49.604972838609676,-6571.279331162851
9.539981393229025,8.801777135337403,0.768690183511216,49.90397304509424,-6571.006110011251
10.924047828161973,8.563894311157815,0.7234588032838819,50.129993402784734,-6571.284267259931
10.924047828161973,8.563894311157815,0.7234588032838819,50.129993402784734,-6571.284267259931
10.924047828161973,8.563894311157815,0.7234588032838819,50.129993402784734,-6571.284267259931
11.341607462389568,6.76543773301038,0.7133475702646493,50.79003485631882,-6571.206235597354
11.341607462389568,6.76543773301038,0.7133475702646493,50.79003485631882,-6571.206235597354
11.252127572665687,7.8677710689889535,0.5863109833209263,50.75222599234581,-6571.820986224704
11.252127572665687,7.8677710689889535,0.5863109833209263,50.75222599234581,-6571.820986224704
11.252127572665687,7.8677710689889535,0.5863109833209263,50.75222599234581,-6571.820986224704
11.252127572665687,7.8677710689889535,0.5863109833209263,50.75222599234581,-6571.820986224704
11.252127572665687,7.8677710689889535,0.5863109833209263,50.75222599234581,-6571.820986224704
11.252127572665687,7.8677710689889535,0.5863109833209263,50.75222599234581,-6571.820986224704
11.292465551040344,8.282231264100506,0.4597338008712568,50.652713590821826,-6574.354516673577
11.292465551040344,8.282231264100506,0.4597338008712568,50.652713590821826,-6574.354516673577
11.335553969695932,9.110816456101189,0.4777992987573909,50.45398782543418,-6573.605018858107
11.335553969695932,9.110816456101189,0.4777992987573909,50.45398782543418,-6573.605018858107
11.944448003807409,7.74391772885588,0.4733796244640261,50.82628602507258,-6574.6409906458
11.944448003807409,7.74391772885588,0.4733796244640261,50.82628602507258,-6574.6409906458
11.944448003807409,7.74391772885588,0.4733796244640261,50.82628602507258,-6574.6409906458
11.944448003807409,7.74391772885588,0.4733796244640261,50.82628602507258,-6574.6409906458
11.515552968608898,7.339394568762047,0.5262928478531672,51.13874441448762,-6573.777296263395
11.515552968608898,7.339394568762047,0.5262928478531672,51.13874441448762,-6573.777296263395
11.515552968608898,7.339394568762047,0.5262928478531672,51.13874441448762,-6573.777296263395
11.515552968608898,7.339394568762047,0.5262928478531672,51.13874441448762,-6573.777296263395
11.515552968608898,7.339394568762047,0.5262928478531672,51.13874441448762,-6573.777296263395
11.515552968608898,7.339394568762047,0.5262928478531672,51.13874441448762,-6573.777296263395
11.515552968608898,7.339394568762047,0.5262928478531672,51.13874441448762,-6573.777296263395
11.515552968608898,7.339394568762047,0.5262928478531672,51.13874441448762,-6573.777296263395
11.515552968608898,7.339394568762047,0.5262928478531672,51.13874441448762,-6573.777296263395
11.08412846853205,7.069236081953657,0.6557859263433959,51.41399509552499,-6572.562905975551
11.08412846853205,7.069236081953657,0.6557859263433959,51.41399509552499,-6572.562905975551
11.08412846853205,7.069236081953657,0.6557859263433959,51.41399509552499,-6572.562905975551
11.08412846853205,7.069236081953657,0.6557859263433959,51.41399509552499,-6572.562905975551
11.08412846853205,7.069236081953657,0.6557859263433959,51.41399509552499,-6572.562905975551
11.08412846853205,7.069236081953657,0.6557859263433959,51.41399509552499,-6572.562905975551
10.74412439963243,7.218251870713831,0.6011330577466526,50.772207674664806,-6572.606840182934
10.74412439963243,7.218251870713831,0.6011330577466526,50.772207674664806,-6572.606840182934
10.74412439963243,7.218251870713831,0.6011330577466526,50.772207674664806,-6572.606840182934
10.74412439963243,7.218251870713831,0.6011330577466526,50.772207674664806,-6572.606840182934
10.74412439963243,7.218251870713831,0.6011330577466526,50.772207674664806,-6572.606840182934
10.74412439963243,7.218251870713831,0.6011330577466526,50.772207674664806,-6572.606840182934
10.74412439963243,7.218251870713831,0.6011330577466526,50.772207674664806,-6572.606840182934
10.74412439963243,7.218251870713831,0.6011330577466526,50.772207674664806,-6572.606840182934
10.403085830313445,7.675931633363632,0.5465488033814758,50.86232404424548,-6574.5950636022135
10.098853850311533,7.242669838927825,0.5836388393462695,50.92524591591298,-6576.212818311537
9.81532374588053,9.473633637090764,0.5864774138776513,50.60062735408085,-6571.822812385388
9.81532374588053,9.473633637090764,0.5864774138776513,50.60062735408085,-6571.822812385388
9.81532374588053,9.473633637090764,0.5864774138776513,50.60062735408085,-6571.822812385388
9.81532374588053,9.473633637090764,0.5864774138776513,50.60062735408085,-6571.822812385388
10.246414411621798,9.758814566584137,0.7247305996741006,50.586836335477955,-6570.902526776617
10.246414411621798,9.758814566584137,0.7247305996741006,50.586836335477955,-6570.902526776617
10.508716696551904,7.899091832996391,0.6296808850749624,49.436716711619994,-6572.901268551491
10.508716696551904,7.899091832996391,0.6296808850749624,49.436716711619994,-6572.901268551491
10.508716696551904,7.899091832996391,0.6296808850749624,49.436716711619994,-6572.901268551491
10.508716696551904,7.899091832996391,0.6296808850749624,49.436716711619994,-6572.901268551491
10.508716696551904,7.899091832996391,0.6296808850749624,49.436716711619994,-6572.901268551491
10.508716696551904,7.899091832996391,0.6296808850749624,49.436716711619994,-6572.901268551491
10.508716696551904,7.899091832996391,0.6296808850749624,49.436716711619994,-6572.901268551491
10.508716696551904,7.899091832996391,0.6296808850749624,49.436716711619994,-6572.901268551491
10.508716696551904,7.899091832996391,0.6296808850749624,49.436716711619994,-6572.901268551491
10.508716696551904,7.899091832996391,0.6296808850749624,49.436716711619994,-6572.901268551491
10.133425712219468,8.600711787202739,0.7044369428025424,49.133242281397756,-6572.792163424044
10.133425712219468,8.600711787202739,0.7044369428025424,49.133242281397756,-6572.792163424044
9.346066154416329,9.009993105577943,0.6533732135337768,49.528558489116556,-6573.908091357331
9.346066154416329,9.009993105577943,0.6533732135337768,49.528558489116556,-6573.908091357331
10.748417533162556,7.813857315423801,0.7726152380771609,49.88838506201241,-6570.842246597545
10.748417533162556,7.813857315423801,0.7726152380771609,49.88838506201241,-6570.842246597545
10.748417533162556,7.813857315423801,0.7726152380771609,49.88838506201241,-6570.842246597545
10.748417533162556,7.813857315423801,0.7726152380771609,49.88838506201241,-6570.842246597545
10.748417533162556,7.813857315423801,0.7726152380771609,49.88838506201241,-6570.842246597545
10.748417533162556,7.813857315423801,0.7726152380771609,49.88838506201241,-6570.842246597545
10.748417533162556,7.813857315423801,0.7726152380771609,49.88838506201241,-6570.842246597545
10.748417533162556,7.813857315423801,0.7726152380771609,49.88838506201241,-6570.842246597545
10.748417533162556,7.813857315423801,0.7726152380771609,49.88838506201241,-6570.842246597545
11.468456398290535,7.078249762018935,0.7854230062110555,50.19231807098703,-6571.786577511221
11.464086570357999,6.031766680214644,0.7813216565555265,50.50144919403192,-6571.266597235584
11.679861739042053,5.589520856786087,0.9002964828420161,50.910191611278954,-6572.667418463754
11.679861739042053,5.589520856786087,0.9002964828420161,50.910191611278954,-6572.667418463754
11.679861739042053,5.589520856786087,0.9002964828420161,50.910191611278954,-6572.667418463754
11.679861739042053,5.589520856786087,0.9002964828420161,50.910191611278954,-6572.667418463754
11.679861739042053,5.589520856786087,0.9002964828420161,50.910191611278954,-6572.667418463754
11.679861739042053,5.589520856786087,0.9002964828420161,50.910191611278954,-6572.667418463754
11.679861739042053,5.589520856786087,0.9002964828420161,50.910191611278954,-6572.667418463754
11.679861739042053,5.589520856786087,0.9002964828420161,50.910191611278954,-6572.667418463754
11.459872849776515,5.216355583697068,0.9346259616884457,51.17414022321721,-6572.973274843339
11.459872849776515,5.216355583697068,0.9346259616884457,51.17414022321721,-6572.973274843339
11.459872849776515,5.216355583697068,0.9346259616884457,51.17414022321721,-6572.973274843339
11.459872849776515,5.216355583697068,0.9346259616884457,51.17414022321721,-6572.973274843339
11.459872849776515,5.216355583697068,0.9346259616884457,51.17414022321721,-6572.973274843339
11.459872849776515,5.216355583697068,0.9346259616884457,51.17414022321721,-6572.973274843339
11.459872849776515,5.216355583697068,0.9346259616884457,51.17414022321721,-6572.973274843339
10.440214383902987,5.283688196063525,0.9814011808047113,49.95213803705853,-6572.998045940255
10.440214383902987,5.283688196063525,0.9814011808047113,49.95213803705853,-6572.998045940255
10.440214383902987,5.283688196063525,0.9814011808047113,49.95213803705853,-6572.998045940255
10.64746630101504,5.023122141686114,0.8328802824735456,49.22356264896094,-6575.936185463639
11.109250036967293,5.251435955278022,0.6620661737863559,49.56194735626465,-6576.09614361221
11.518840431008734,4.375179266939454,0.8087379258516705,49.242419947852724,-6575.390972146926
12.497401992793302,5.00874229128151,0.817225312330627,49.157436400834996,-6576.2897526022825
12.497401992793302,5.00874229128151,0.817225312330627,49.157436400834996,-6576.2897526022825
12.497401992793302,5.00874229128151,0.817225312330627,49.157436400834996,-6576.2897526022825
12.497401992793302,5.00874229128151,0.817225312330627,49.157436400834996,-6576.2897526022825
12.497401992793302,5.00874229128151,0.817225312330627,49.157436400834996,-6576.2897526022825
12.497401992793302,5.00874229128151,0.817225312330627,49.157436400834996,-6576.2897526022825
12.497401992793302,5.00874229128151,0.817225312330627,49.157436400834996,-6576.2897526022825
12.497401992793302,5.00874229128151,0.817225312330627,49.157436400834996,-6576.2897526022825
12.090868780339823,3.4406468190698734,0.8232398781137362,49.487462074624375,-6575.788721554225
11.1595660926523,4.6523852292277335,0.7829155369389067,50.09295308133854,-6573.785248570741
11.1595660926523,4.6523852292277335,0.7829155369389067,50.09295308133854,-6573.785248570741
11.1595660926523,4.6523852292277335,0.7829155369389067,50.09295308133854,-6573.785248570741
11.1595660926523,4.6523852292277335,0.7829155369389067,50.09295308133854,-6573.785248570741
11.1595660926523,4.6523852292277335,0.7829155369389067,50.09295308133854,-6573.785248570741
11.1595660926523,4.6523852292277335,0.7829155369389067,50.09295308133854,-6573.785248570741
11.1595660926523,4.6523852292277335,0.7829155369389067,50.09295308133854,-6573.785248570741
11.292266899004971,3.761959419643177,0.9344333763435619,50.04841953374934,-6574.3109382319235
11.526109100365034,5.35540823747843,0.9428880357211282,50.315920088050106,-6572.349605024752
11.526109100365034,5.35540823747843,0.9428880357211282,50.315920088050106,-6572.349605024752
10.383399875106564,5.871245485161986,0.8547015779802877,49.90961594990342,-6572.4907568030485
10.712925474529236,4.8980389407114355,0.919953520553703,50.253232139263524,-6572.946375608655
10.712925474529236,4.8980389407114355,0.919953520553703,50.253232139263524,-6572.946375608655
11.269297436225134,6.172999744361823,0.9067298519319817,49.69904609440298,-6572.381358173549
11.071018798749447,5.642838640291417,1.097412614408315,49.228164818736275,-6575.379767617007
11.071018798749447,5.642838640291417,1.097412614408315,49.228164818736275,-6575.379767617007
11.071018798749447,5.642838640291417,1.097412614408315,49.228164818736275,-6575.379767617007
11.071018798749447,5.642838640291417,1.097412614408315,49.228164818736275,-6575.379767617007
10.841060081831351,4.882317720447984,1.0039426805882123,49.084327556360506,-6575.256402167335
10.841060081831351,4.882317720447984,1.0039426805882123,49.084327556360506,-6575.256402167335
10.209980696214561,6.931954695724327,1.0207647293432456,48.694018821186916,-6575.73402744559
10.9299257372457,6.247030529628061,0.9002905193522109,49.34473537640245,-6572.717880978093
10.9299257372457,6.247030529628061,0.9002905193522109,49.34473537640245,-6572.717880978093
10.9299257372457,6.247030529628061,0.9002905193522109,49.34473537640245,-6572.717880978093
10.9299257372457,6.247030529628061,0.9002905193522109,49.34473537640245,-6572.717880978093
10.9299257372457,6.247030529628061,0.9002905193522109,49.34473537640245,-6572.717880978093
10.9299257372457,6.247030529628061,0.9002905193522109,49.34473537640245,-6572.717880978093
10.9299257372457,6.247030529628061,0.9002905193522109,49.34473537640245,-6572.717880978093
10.9299257372457,6.247030529628061,0.9002905193522109,49.34473537640245,-6572.717880978093
10.770816366955271,8.162314199477716,0.9099917952257189,49.23552534172224,-6574.132814709426
10.980237218418972,6.956503303379887,0.8949011858769543,50.01557534175506,-6571.5423117635855
10.980237218418972,6.956503303379887,0.8949011858769543,50.01557534175506,-6571.5423117635855
10.980237218418972,6.956503303379887,0.8949011858769543,50.01557534175506,-6571.5423117635855
10.980237218418972,6.956503303379887,0.8949011858769543,50.01557534175506,-6571.5423117635855
10.980237218418972,6.956503303379887,0.8949011858769543,50.01557534175506,-6571.5423117635855
10.980237218418972,6.956503303379887,0.8949011858769543,50.01557534175506,-6571.5423117635855
10.980237218418972,6.956503303379887,0.8949011858769543,50.01557534175506,-6571.5423117635855
10.980237218418972,6.956503303379887,0.8949011858769543,50.01557534175506,-6571.5423117635855
10.980237218418972,6.956503303379887,0.8949011858769543,50.01557534175506,-6571.5423117635855
10.980237218418972,6.956503303379887,0.8949011858769543,50.01557534175506,-6571.5423117635855
10.756839204948601,8.028167995036542,0.7918481180093233,50.07048328843648,-6570.852026274803
10.756839204948601,8.028167995036542,0.7918481180093233,50.07048328843648,-6570.852026274803
10.756839204948601,8.028167995036542,0.7918481180093233,50.07048328843648,-6570.852026274803
10.756839204948601,8.028167995036542,0.7918481180093233,50.07048328843648,-6570.852026274803
10.30096413683847,6.890451205390706,0.7180417136436784,50.441996043911985,-6571.887555769736
10.30096413683847,6.890451205390706,0.7180417136436784,50.441996043911985,-6571.887555769736
10.741252886718641,7.334255171147141,0.6781868478551156,50.3069005529928,-6570.900866822663
11.271347089426152,7.5427497083637,0.7313651557864056,49.351810349536045,-6572.930894491211
11.271347089426152,7.5427497083637,0.7313651557864056,49.351810349536045,-6572.930894491211
11.271347089426152,7.5427497083637,0.7313651557864056,49.351810349536045,-6572.930894491211
12.265874348992908,6.797727242466612,0.8039243961943787,49.635352116673474,-6575.96365286268
12.265874348992908,6.797727242466612,0.8039243961943787,49.635352116673474,-6575.96365286268
12.092001799654582,6.71460788518158,0.8458362977471118,49.84854944474587,-6575.125645705102
12.36660393581675,4.947842600187008,0.7556711396899286,50.871572030487684,-6573.266200643648
12.569519521844617,5.7009105438795995,0.6026265139509851,51.2136278806642,-6574.65939829637
12.569519521844617,5.7009105438795995,0.6026265139509851,51.2136278806642,-6574.65939829637
12.569519521844617,5.7009105438795995,0.6026265139509851,51.2136278806642,-6574.65939829637
12.40419915933552,6.863534327462448,0.6515892702230541,50.953313608510456,-6574.287869182241
12.40419915933552,6.863534327462448,0.6515892702230541,50.953313608510456,-6574.287869182241
12.40419915933552,6.863534327462448,0.6515892702230541,50.953313608510456,-6574.287869182241
12.072750423720239,5.562831927233384,0.5794020233325352,50.73810284105271,-6574.182095014525
12.072750423720239,5.562831927233384,0.5794020233325352,50.73810284105271,-6574.182095014525
12.072750423720239,5.562831927233384,0.5794020233325352,50.73810284105271,-6574.182095014525
11.57505723757945,5.384549951554134,0.6380775051576505,50.98703486763393,-6573.9374198170235
10.76511072213029,6.1515204928028275,0.6299363777755097,51.314508235950505,-6575.431008348324
10.908135335692826,6.140561497073535,0.5980358550141626,50.72211868064021,-6574.852969288138
11.719684477061902,6.891509385566269,0.7210538480928662,50.54876501772328,-6571.90138211749
11.719684477061902,6.891509385566269,0.7210538480928662,50.54876501772328,-6571.90138211749
11.719684477061902,6.891509385566269,0.7210538480928662,50.54876501772328,-6571.90138211749
11.719684477061902,6.891509385566269,0.7210538480928662,50.54876501772328,-6571.90138211749
11.719684477061902,6.891509385566269,0.7210538480928662,50.54876501772328,-6571.90138211749
11.030165938848999,8.219033169755312,0.5839083816639697,50.32539406084808,-6571.578978082733
11.030165938848999,8.219033169755312,0.5839083816639697,50.32539406084808,-6571.578978082733
11.030165938848999,8.219033169755312,0.5839083816639697,50.32539406084808,-6571.578978082733
11.030165938848999,8.219033169755312,0.5839083816639697,50.32539406084808,-6571.578978082733
11.030165938848999,8.219033169755312,0.5839083816639697,50.32539406084808,-6571.578978082733
10.834779608384897,8.065253327270428,0.6684442621961738,50.65107059559787,-6570.6966241725695
10.834779608384897,8.065253327270428,0.6684442621961738,50.65107059559787,-6570.6966241725695
10.834779608384897,8.065253327270428,0.6684442621961738,50.65107059559787,-6570.6966241725695
10.834779608384897,8.065253327270428,0.6684442621961738,50.65107059559787,-6570.6966241725695
10.834779608384897,8.065253327270428,0.6684442621961738,50.65107059559787,-6570.6966241725695
10.834779608384897,8.065253327270428,0.6684442621961738,50.65107059559787,-6570.6966241725695
10.55230382942834,8.927351817937865,0.7295091658200487,50.639448148504435,-6570.7264057274115
10.55230382942834,8.927351817937865,0.7295091658200487,50.639448148504435,-6570.7264057274115
10.164693767866146,9.836323714535169,0.6498679667251555,50.306309110639,-6570.684595660092
10.164693767866146,9.836323714535169,0.6498679667251555,50.306309110639,-6570.684595660092
10.164693767866146,9.836323714535169,0.6498679667251555,50.306309110639,-6570.684595660092
10.164693767866146,9.836323714535169,0.6498679667251555,50.306309110639,-6570.684595660092
10.164693767866146,9.836323714535169,0.6498679667251555,50.306309110639,-6570.684595660092
10.164693767866146,9.836323714535169,0.6498679667251555,50.306309110639,-6570.684595660092
9.479748934323206,8.901325353192753,0.6970628125586567,50.498206195199685,-6571.523572045773
9.87178090327891,7.510131066407596,0.832884488044792,50.93811644547859,-6571.488809310446
9.87178090327891,7.510131066407596,0.832884488044792,50.93811644547859,-6571.488809310446
9.64131694241851,7.2189439524961925,0.9790265728784242,50.761900408864506,-6572.20091502077
9.64131694241851,7.2189439524961925,0.9790265728784242,50.761900408864506,-6572.20091502077
9.64131694241851,7.2189439524961925,0.9790265728784242,50.761900408864506,-6572.20091502077
9.64131694241851,7.2189439524961925,0.9790265728784242,50.761900408864506,-6572.20091502077
9.64131694241851,7.2189439524961925,0.9790265728784242,50.761900408864506,-6572.20091502077
9.60693321074909,8.512060049864635,0.9289556903774547,51.19938029908817,-6572.227993794904
9.60693321074909,8.512060049864635,0.9289556903774547,51.19938029908817,-6572.227993794904
9.60693321074909,8.512060049864635,0.9289556903774547,51.19938029908817,-6572.227993794904
9.60693321074909,8.512060049864635,0.9289556903774547,51.19938029908817,-6572.227993794904
9.60693321074909,8.512060049864635,0.9289556903774547,51.19938029908817,-6572.227993794904
9.918905053333434,9.465373105420813,0.7373958904761284,51.24255995460675,-6571.4348889721605
9.918905053333434,9.465373105420813,0.7373958904761284,51.24255995460675,-6571.4348889721605
9.918905053333434,9.465373105420813,0.7373958904761284,51.24255995460675,-6571.4348889721605
9.918905053333434,9.465373105420813,0.7373958904761284,51.24255995460675,-6571.4348889721605
9.997210546783716,8.488841636311516,0.7245520217565651,50.67143507297814,-6570.489854097919
9.997210546783716,8.488841636311516,0.7245520217565651,50.67143507297814,-6570.489854097919
10.578415386695836,7.474180662685705,0.8170069458192225,50.44220574704265,-6570.348223353643
10.578415386695836,7.474180662685705,0.8170069458192225,50.44220574704265,-6570.348223353643
10.578415386695836,7.474180662685705,0.8170069458192225,50.44220574704265,-6570.348223353643
10.578415386695836,7.474180662685705,0.8170069458192225,50.44220574704265,-6570.348223353643
10.578415386695836,7.474180662685705,0.8170069458192225,50.44220574704265,-6570.348223353643
10.578415386695836,7.474180662685705,0.8170069458192225,50.44220574704265,-6570.348223353643
10.578415386695836,7.474180662685705,0.8170069458192225,50.44220574704265,-6570.348223353643
10.578415386695836,7.474180662685705,0.8170069458192225,50.44220574704265,-6570.348223353643
10.578415386695836,7.474180662685705,0.8170069458192225,50.44220574704265,-6570.348223353643
10.578415386695836,7.474180662685705,0.8170069458192225,50.44220574704265,-6570.348223353643
10.578415386695836,7.474180662685705,0.8170069458192225,50.44220574704265,-6570.348223353643
10.578415386695836,7.474180662685705,0.8170069458192225,50.44220574704265,-6570.348223353643
10.688962683304615,6.780624455559234,0.6970160836208272,50.22977066312935,-6571.46306133992
10.688962683304615,6.780624455559234,0.6970160836208272,50.22977066312935,-6571.46306133992
10.688962683304615,6.780624455559234,0.6970160836208272,50.22977066312935,-6571.46306133992
10.808251721672733,8.330942222559418,0.7164513267810564,50.50170135080141,-6570.64570120751
10.808251721672733,8.330942222559418,0.7164513267810564,50.50170135080141,-6570.64570120751
10.808251721672733,8.330942222559418,0.7164513267810564,50.50170135080141,-6570.64570120751
10.756006047132638,8.359393428992588,0.7540451093276016,49.78659527819156,-6571.2904724544105
10.756006047132638,8.359393428992588,0.7540451093276016,49.78659527819156,-6571.2904724544105
10.233602781896732,6.745457525326167,1.0557204718892796,49.78821345200174,-6572.5914986968255
10.233602781896732,6.745457525326167,1.0557204718892796,49.78821345200174,-6572.5914986968255
10.683152964942584,6.8078449530231095,0.9879328718345755,49.35942356504976,-6573.2175700210355
10.683152964942584,6.8078449530231095,0.9879328718345755,49.35942356504976,-6573.2175700210355
10.738444893657988,7.8215320363223775,0.7198619561097281,49.49701784974194,-6571.685246241669
10.112523553730178,7.291039256345983,0.7518995460900191,49.69581777572923,-6571.991866355148
9.424218024825993,8.922132639810622,0.7834593737256418,50.12894465003317,-6570.870359538677
9.424218024825993,8.922132639810622,0.7834593737256418,50.12894465003317,-6570.870359538677
9.424218024825993,8.922132639810622,0.7834593737256418,50.12894465003317,-6570.870359538677
9.424218024825993,8.922132639810622,0.7834593737256418,50.12894465003317,-6570.870359538677
9.424218024825993,8.922132639810622,0.7834593737256418,50.12894465003317,-6570.870359538677
9.424218024825993,8.922132639810622,0.7834593737256418,50.12894465003317,-6570.870359538677
8.64127819191204,10.513019650329245,0.9069194366930424,49.9032504047487,-6572.432205157427
9.308645662357634,10.71970961286169,0.8471211516529625,49.88879540926792,-6571.823123671936
9.308645662357634,10.71970961286169,0.8471211516529625,49.88879540926792,-6571.823123671936
9.308645662357634,10.71970961286169,0.8471211516529625,49.88879540926792,-6571.823123671936
9.531816197493116,12.046305357259639,0.7168350619317363,50.212363513162636,-6572.629067142567
9.927605934778784,10.32917694381392,0.6243236427126018,50.337880616074536,-6570.891188152372
9.927605934778784,10.32917694381392,0.6243236427126018,50.337880616074536,-6570.891188152372
9.927605934778784,10.32917694381392,0.6243236427126018,50.337880616074536,-6570.891188152372
10.67602322981021,11.763882073790265,0.5975704525244292,50.413627444699166,-6574.983885653446
11.819743873565256,9.21290674018311,0.5768631599015972,50.48329780907021,-6574.734580070846
11.819743873565256,9.21290674018311,0.5768631599015972,50.48329780907021,-6574.734580070846
12.01515558761206,7.708352452008193,0.6294185689461039,50.827231992578234,-6573.524628807247
12.01515558761206,7.708352452008193,0.6294185689461039,50.827231992578234,-6573.524628807247
12.01515558761206,7.708352452008193,0.6294185689461039,50.827231992578234,-6573.524628807247
12.01515558761206,7.708352452008193,0.6294185689461039,50.827231992578234,-6573.524628807247
11.63480953855471,4.523552964631409,0.7689163545827239,50.6420866226751,-6573.058505018363
11.63480953855471,4.523552964631409,0.7689163545827239,50.6420866226751,-6573.058505018363
11.63480953855471,4.523552964631409,0.7689163545827239,50.6420866226751,-6573.058505018363
11.688747400254783,4.544716066925981,0.7513741126270886,51.1504828683206,-6573.806657183548
12.567279491953292,5.142914093845866,0.7928792881065025,51.370911874813686,-6574.971942841925
13.043393767630901,5.444897046797769,0.6280831495020345,50.18823028286538,-6575.617065401188
12.352821092693963,5.430056287504548,0.6408884337439074,50.0577420553126,-6573.778342924501
12.352821092693963,5.430056287504548,0.6408884337439074,50.0577420553126,-6573.778342924501
11.989130595375162,5.22752227944804,0.6830624981857205,50.30897426861561,-6572.818263149182
12.38831427161686,4.987507332465001,0.6238645882378968,50.32219000023581,-6574.176698158109
12.38831427161686,4.987507332465001,0.6238645882378968,50.32219000023581,-6574.176698158109
12.38831427161686,4.987507332465001,0.6238645882378968,50.32219000023581,-6574.176698158109
12.100748996327734,4.590280775026303,0.7208821779099741,51.243928860442225,-6573.959107016069
12.100748996327734,4.590280775026303,0.7208821779099741,51.243928860442225,-6573.959107016069
12.100748996327734,4.590280775026303,0.7208821779099741,51.243928860442225,-6573.959107016069
12.100748996327734,4.590280775026303,0.7208821779099741,51.243928860442225,-6573.959107016069
12.100748996327734,4.590280775026303,0.7208821779099741,51.243928860442225,-6573.959107016069
12.100748996327734,4.590280775026303,0.7208821779099741,51.243928860442225,-6573.959107016069
12.100748996327734,4.590280775026303,0.7208821779099741,51.243928860442225,-6573.959107016069
11.759215191855386,4.828081704730857,0.8082184029259987,51.456834131428096,-6573.679450291242
11.759215191855386,4.828081704730857,0.8082184029259987,51.456834131428096,-6573.679450291242
11.759215191855386,4.828081704730857,0.8082184029259987,51.456834131428096,-6573.679450291242
11.642221062897855,4.975950190472312,0.9338486647536921,51.313879849281506,-6573.594172575627
11.445033231372136,6.500422219414381,0.9408184592496094,51.09443970592952,-6573.608806420685
11.445033231372136,6.500422219414381,0.9408184592496094,51.09443970592952,-6573.608806420685
11.353572521019759,6.144352817455891,0.8359856154158292,51.23400704340696,-6572.208767035832
11.353572521019759,6.144352817455891,0.8359856154158292,51.23400704340696,-6572.208767035832
11.353572521019759,6.144352817455891,0.8359856154158292,51.23400704340696,-6572.208767035832
11.353572521019759,6.144352817455891,0.8359856154158292,51.23400704340696,-6572.208767035832
11.353572521019759,6.144352817455891,0.8359856154158292,51.23400704340696,-6572.208767035832
11.353572521019759,6.144352817455891,0.8359856154158292,51.23400704340696,-6572.208767035832
11.353572521019759,6.144352817455891,0.8359856154158292,51.23400704340696,-6572.208767035832
11.353572521019759,6.144352817455891,0.8359856154158292,51.23400704340696,-6572.208767035832
11.353572521019759,6.144352817455891,0.8359856154158292,51.23400704340696,-6572.208767035832
11.353572521019759,6.144352817455891,0.8359856154158292,51.23400704340696,-6572.208767035832
11.353572521019759,6.144352817455891,0.8359856154158292,51.23400704340696,-6572.208767035832
11.353572521019759,6.144352817455891,0.8359856154158292,51.23400704340696,-6572.208767035832
11.353572521019759,6.144352817455891,0.8359856154158292,51.23400704340696,-6572.208767035832
11.353572521019759,6.144352817455891,0.8359856154158292,51.23400704340696,-6572.208767035832
11.353572521019759,6.144352817455891,0.8359856154158292,51.23400704340696,-6572.208767035832
11.353572521019759,6.144352817455891,0.8359856154158292,51.23400704340696,-6572.208767035832
11.353572521019759,6.144352817455891,0.8359856154158292,51.23400704340696,-6572.208767035832
11.353572521019759,6.144352817455891,0.8359856154158292,51.23400704340696,-6572.208767035832
11.353572521019759,6.144352817455891,0.8359856154158292,51.23400704340696,-6572.208767035832
11.353572521019759,6.144352817455891,0.8359856154158292,51.23400704340696,-6572.208767035832
10.463899906788624,6.420704940763594,0.829739850921603,51.02457689805403,-6571.745761495646
10.463899906788624,6.420704940763594,0.829739850921603,51.02457689805403,-6571.745761495646
10.463899906788624,6.420704940763594,0.829739850921603,51.02457689805403,-6571.745761495646
10.463899906788624,6.420704940763594,0.829739850921603,51.02457689805403,-6571.745761495646
10.463899906788624,6.420704940763594,0.829739850921603,51.02457689805403,-6571.745761495646
10.13434575072023,6.619049976083388,0.8420011124455118,51.0859620794405,-6572.3509343199175
9.266685941015245,8.98896617381394,0.903668573518221,49.555502138971754,-6572.018561174412
9.266685941015245,8.98896617381394,0.903668573518221,49.555502138971754,-6572.018561174412
9.266685941015245,8.98896617381394,0.903668573518221,49.555502138971754,-6572.018561174412
9.266685941015245,8.98896617381394,0.903668573518221,49.555502138971754,-6572.018561174412
9.266685941015245,8.98896617381394,0.903668573518221,49.555502138971754,-6572.018561174412
9.352323394903054,9.913501087700789,0.9614404038292489,50.104425766552765,-6572.211564293889
8.981000468404806,9.637099793897818,0.7911759146970723,50.54756343034469,-6571.561885050021
9.209876046501758,10.936141651974816,0.7449610452017801,50.639794925493604,-6571.152588548078
9.209876046501758,10.936141651974816,0.7449610452017801,50.639794925493604,-6571.152588548078
9.456807923179674,10.15589951418898,0.8214551418124875,50.49717250290749,-6570.9227188255445
9.327502677718764,11.166246535195102,0.8612173509965911,49.939847218305474,-6572.595485796522
9.327502677718764,11.166246535195102,0.8612173509965911,49.939847218305474,-6572.595485796522
8.430651971645704,12.429005728500155,0.8494662114832691,50.0191952654984,-6573.352182908207
8.430651971645704,12.429005728500155,0.8494662114832691,50.0191952654984,-6573.352182908207
8.430651971645704,12.429005728500155,0.8494662114832691,50.0191952654984,-6573.352182908207
9.159621581351669,11.574238722779585,0.8610089850858428,49.71684700425292,-6573.251656379942
9.519711728056715,11.32463325266515,0.7544051833382102,50.59579768819203,-6571.819789819163
9.519711728056715,11.32463325266515,0.7544051833382102,50.59579768819203,-6571.819789819163
9.519711728056715,11.32463325266515,0.7544051833382102,50.59579768819203,-6571.819789819163
9.519711728056715,11.32463325266515,0.7544051833382102,50.59579768819203,-6571.819789819163
9.519711728056715,11.32463325266515,0.7544051833382102,50.59579768819203,-6571.819789819163
9.519711728056715,11.32463325266515,0.7544051833382102,50.59579768819203,-6571.819789819163
9.519711728056715,11.32463325266515,0.7544051833382102,50.59579768819203,-6571.819789819163
9.288504960165055,12.242138324678082,0.7433900839177895,51.27077336881577,-6573.928942126954
9.288504960165055,12.242138324678082,0.7433900839177895,51.27077336881577,-6573.928942126954
10.038088795724365,10.469662885286226,0.49412518838802466,51.12880451274833,-6573.449865816292
10.038088795724365,10.469662885286226,0.49412518838802466,51.12880451274833,-6573.449865816292
10.038088795724365,10.469662885286226,0.49412518838802466,51.12880451274833,-6573.449865816292
10.038088795724365,10.469662885286226,0.49412518838802466,51.12880451274833,-6573.449865816292
10.283224343809264,10.550954731404262,0.4343490275547357,50.10532035867357,-6574.559101484296
10.283224343809264,10.550954731404262,0.4343490275547357,50.10532035867357,-6574.559101484296
10.283224343809264,10.550954731404262,0.4343490275547357,50.10532035867357,-6574.559101484296
10.695354551809553,11.410542667476639,0.38701670623184886,50.351219099541815,-6575.779737547573
10.695354551809553,11.410542667476639,0.38701670623184886,50.351219099541815,-6575.779737547573
10.877470070277306,10.233850678018069,0.38578420350633313,49.68929751563022,-6577.1434824023945
10.877470070277306,10.233850678018069,0.38578420350633313,49.68929751563022,-6577.1434824023945
10.844550842863988,10.609317887527423,0.35699379418859234,50.39916434609071,-6576.857174547555
10.844550842863988,10.609317887527423,0.35699379418859234,50.39916434609071,-6576.857174547555
10.181182396404894,11.31682506877712,0.38562338311251126,50.320503903890526,-6575.880448097362
10.10072101327752,12.32138407136626,0.4274604195830548,51.098325022874036,-6575.1183823402735
10.591424953964118,11.3464593075113,0.4482132968735525,51.100649411840706,-6574.546325267418
10.591424953964118,11.3464593075113,0.4482132968735525,51.100649411840706,-6574.546325267418
10.591424953964118,11.3464593075113,0.4482132968735525,51.100649411840706,-6574.546325267418
10.591424953964118,11.3464593075113,0.4482132968735525,51.100649411840706,-6574.546325267418
9.620511774265761,10.905130734340096,0.5487819639939369,50.52683063789985,-6572.010269764982
9.561990736217714,10.877862489285505,0.5738829671903679,51.05035216745585,-6572.307015390128
9.561990736217714,10.877862489285505,0.5738829671903679,51.05035216745585,-6572.307015390128
9.580322925976734,9.71524815963371,0.6522182624661117,50.55270310105307,-6571.028078269962
9.580322925976734,9.71524815963371,0.6522182624661117,50.55270310105307,-6571.028078269962
9.580322925976734,9.71524815963371,0.6522182624661117,50.55270310105307,-6571.028078269962
9.580322925976734,9.71524815963371,0.6522182624661117,50.55270310105307,-6571.028078269962
9.701977964642111,10.259541757744845,0.7266342063999577,50.163088443093855,-6570.649253190826
9.701977964642111,10.259541757744845,0.7266342063999577,50.163088443093855,-6570.649253190826
9.701977964642111,10.259541757744845,0.7266342063999577,50.163088443093855,-6570.649253190826
9.701977964642111,10.259541757744845,0.7266342063999577,50.163088443093855,-6570.649253190826
9.912395788956156,10.138970782290128,0.6672217439173408,49.86269379775344,-6571.050984863061
9.218606451908908,10.829078162782157,0.8176061847898746,49.85368414405864,-6571.639079212114
9.218606451908908,10.829078162782157,0.8176061847898746,49.85368414405864,-6571.639079212114
9.218606451908908,10.829078162782157,0.8176061847898746,49.85368414405864,-6571.639079212114
9.218606451908908,10.829078162782157,0.8176061847898746,49.85368414405864,-6571.639079212114
9.218606451908908,10.829078162782157,0.8176061847898746,49.85368414405864,-6571.639079212114
9.218606451908908,10.829078162782157,0.8176061847898746,49.85368414405864,-6571.639079212114
9.67016749552902,8.947651106637478,0.8646261183138537,49.71751455614932,-6571.131077940713
9.67016749552902,8.947651106637478,0.8646261183138537,49.71751455614932,-6571.131077940713
9.67016749552902,8.947651106637478,0.8646261183138537,49.71751455614932,-6571.131077940713
9.67016749552902,8.947651106637478,0.8646261183138537,49.71751455614932,-6571.131077940713
9.791109162140078,9.562446091824997,0.8210304202856419,50.269055192749235,-6570.644646240335
9.791109162140078,9.562446091824997,0.8210304202856419,50.269055192749235,-6570.644646240335
9.791109162140078,9.562446091824997,0.8210304202856419,50.269055192749235,-6570.644646240335
9.791109162140078,9.562446091824997,0.8210304202856419,50.269055192749235,-6570.644646240335
9.791109162140078,9.562446091824997,0.8210304202856419,50.269055192749235,-6570.644646240335
9.497355928119555,10.317634832331127,0.8659928308229355,50.40590903079554,-6571.541565241091
9.497355928119555,10.317634832331127,0.8659928308229355,50.40590903079554,-6571.541565241091
9.828437530129568,9.768064038887765,0.9365852006160125,50.64590919607707,-6572.619473113913
9.828437530129568,9.768064038887765,0.9365852006160125,50.64590919607707,-6572.619473113913
9.828437530129568,9.768064038887765,0.9365852006160125,50.64590919607707,-6572.619473113913
9.141141447815635,8.196956123443803,0.8531446429452182,50.57560540426462,-6572.505093034902
9.141141447815635,8.196956123443803,0.8531446429452182,50.57560540426462,-6572.505093034902
9.505905623733959,8.055751215756953,0.9260242622123762,50.8232401169062,-6571.664161406441
10.121607034935325,7.681746541129179,0.8655584746907483,50.45128564777733,-6570.456150085425
10.121607034935325,7.681746541129179,0.8655584746907483,50.45128564777733,-6570.456150085425
9.951515243205025,7.3381063876887,0.974466759113324,50.43335324040173,-6571.303822563047
9.951515243205025,7.3381063876887,0.974466759113324,50.43335324040173,-6571.303822563047
9.951515243205025,7.3381063876887,0.974466759113324,50.43335324040173,-6571.303822563047
9.951515243205025,7.3381063876887,0.974466759113324,50.43335324040173,-6571.303822563047
9.951515243205025,7.3381063876887,0.974466759113324,50.43335324040173,-6571.303822563047
10.034079292242302,6.06194615388859,0.9366117502186155,50.29791985283543,-6572.479878972503
10.034079292242302,6.06194615388859,0.9366117502186155,50.29791985283543,-6572.479878972503
10.034079292242302,6.06194615388859,0.9366117502186155,50.29791985283543,-6572.479878972503
10.034079292242302,6.06194615388859,0.9366117502186155,50.29791985283543,-6572.479878972503
10.034079292242302,6.06194615388859,0.9366117502186155,50.29791985283543,-6572.479878972503
9.513178049752815,8.207621336206477,1.0044057939456952,49.70438840053162,-6572.2651048478365
9.513178049752815,8.207621336206477,1.0044057939456952,49.70438840053162,-6572.2651048478365
9.513178049752815,8.207621336206477,1.0044057939456952,49.70438840053162,-6572.2651048478365
9.513178049752815,8.207621336206477,1.0044057939456952,49.70438840053162,-6572.2651048478365
9.128597448850744,8.223400473800755,1.0434796003599787,49.81851792761103,-6573.026762034449
9.128597448850744,8.223400473800755,1.0434796003599787,49.81851792761103,-6573.026762034449
9.128597448850744,8.223400473800755,1.0434796003599787,49.81851792761103,-6573.026762034449
9.128597448850744,8.223400473800755,1.0434796003599787,49.81851792761103,-6573.026762034449
9.128597448850744,8.223400473800755,1.0434796003599787,49.81851792761103,-6573.026762034449
9.128597448850744,8.223400473800755,1.0434796003599787,49.81851792761103,-6573.026762034449
9.128597448850744,8.223400473800755,1.0434796003599787,49.81851792761103,-6573.026762034449
9.128597448850744,8.223400473800755,1.0434796003599787,49.81851792761103,-6573.026762034449
9.352872254784792,10.004265480385477,0.8612008239295568,49.8271218827176,-6571.398647308493
9.352872254784792,10.004265480385477,0.8612008239295568,49.8271218827176,-6571.398647308493
9.187571495451921,10.509427493239082,0.8722732429834896,50.14126276741771,-6571.558899075627
9.187571495451921,10.509427493239082,0.8722732429834896,50.14126276741771,-6571.558899075627
9.187571495451921,10.509427493239082,0.8722732429834896,50.14126276741771,-6571.558899075627
9.187571495451921,10.509427493239082,0.8722732429834896,50.14126276741771,-6571.558899075627
9.187571495451921,10.509427493239082,0.8722732429834896,50.14126276741771,-6571.558899075627
9.187571495451921,10.509427493239082,0.8722732429834896,50.14126276741771,-6571.558899075627
8.530607802292362,11.752311878510978,0.8006064741479935,49.48540059284022,-6573.247729069644
8.530607802292362,11.752311878510978,0.8006064741479935,49.48540059284022,-6573.247729069644
8.530607802292362,11.752311878510978,0.8006064741479935,49.48540059284022,-6573.247729069644
8.530607802292362,11.752311878510978,0.8006064741479935,49.48540059284022,-6573.247729069644
8.236095165459641,12.44346278891609,0.7145162560398997,49.245330918124885,-6574.892835136601
8.236095165459641,12.44346278891609,0.7145162560398997,49.245330918124885,-6574.892835136601
8.236095165459641,12.44346278891609,0.7145162560398997,49.245330918124885,-6574.892835136601
8.236095165459641,12.44346278891609,0.7145162560398997,49.245330918124885,-6574.892835136601
8.236095165459641,12.44346278891609,0.7145162560398997,49.245330918124885,-6574.892835136601
7.725717778380983,12.913652999804645,0.8351688263601241,49.418366672439724,-6575.892675161607
7.725717778380983,12.913652999804645,0.8351688263601241,49.418366672439724,-6575.892675161607
7.725717778380983,12.913652999804645,0.8351688263601241,49.418366672439724,-6575.892675161607
7.725717778380983,12.913652999804645,0.8351688263601241,49.418366672439724,-6575.892675161607
7.725717778380983,12.913652999804645,0.8351688263601241,49.418366672439724,-6575.892675161607
7.725717778380983,12.913652999804645,0.8351688263601241,49.418366672439724,-6575.892675161607
7.725717778380983,12.913652999804645,0.8351688263601241,49.418366672439724,-6575.892675161607
7.725717778380983,12.913652999804645,0.8351688263601241,49.418366672439724,-6575.892675161607
7.725717778380983,12.913652999804645,0.8351688263601241,49.418366672439724,-6575.892675161607
7.725717778380983,12.913652999804645,0.8351688263601241,49.418366672439724,-6575.892675161607
7.725717778380983,12.913652999804645,0.8351688263601241,49.418366672439724,-6575.892675161607
7.725717778380983,12.913652999804645,0.8351688263601241,49.418366672439724,-6575.892675161607
7.855358167590681,12.641728935899145,0.796338154404385,49.82811196756329,-6574.504987477649
7.855358167590681,12.641728935899145,0.796338154404385,49.82811196756329,-6574.504987477649
7.855358167590681,12.641728935899145,0.796338154404385,49.82811196756329,-6574.504987477649
8.662054493680305,12.97831672698944,0.8370752298544349,50.18630823807908,-6574.087023117954
8.662054493680305,12.97831672698944,0.8370752298544349,50.18630823807908,-6574.087023117954
8.662054493680305,12.97831672698944,0.8370752298544349,50.18630823807908,-6574.087023117954
8.662054493680305,12.97831672698944,0.8370752298544349,50.18630823807908,-6574.087023117954
8.662054493680305,12.97831672698944,0.8370752298544349,50.18630823807908,-6574.087023117954
9.323213654793932,12.42226240717196,0.819307899977211,50.24203408918394,-6574.212298456667
9.08061843941432,10.128267199928544,0.9121493954350819,49.75490307992932,-6572.055186061681
9.08061843941432,10.128267199928544,0.9121493954350819,49.75490307992932,-6572.055186061681
9.08061843941432,10.128267199928544,0.9121493954350819,49.75490307992932,-6572.055186061681
9.08061843941432,10.128267199928544,0.9121493954350819,49.75490307992932,-6572.055186061681
9.171915637607869,9.097752829298852,0.941309179396602,49.83783751716932,-6571.8288574032085
9.171915637607869,9.097752829298852,0.941309179396602,49.83783751716932,-6571.8288574032085
9.171915637607869,9.097752829298852,0.941309179396602,49.83783751716932,-6571.8288574032085
9.171915637607869,9.097752829298852,0.941309179396602,49.83783751716932,-6571.8288574032085
9.171915637607869,9.097752829298852,0.941309179396602,49.83783751716932,-6571.8288574032085
9.171915637607869,9.097752829298852,0.941309179396602,49.83783751716932,-6571.8288574032085
9.171915637607869,9.097752829298852,0.941309179396602,49.83783751716932,-6571.8288574032085
9.171915637607869,9.097752829298852,0.941309179396602,49.83783751716932,-6571.8288574032085
9.171915637607869,9.097752829298852,0.941309179396602,49.83783751716932,-6571.8288574032085
9.171915637607869,9.097752829298852,0.941309179396602,49.83783751716932,-6571.8288574032085
9.171915637607869,9.097752829298852,0.941309179396602,49.83783751716932,-6571.8288574032085
9.171915637607869,9.097752829298852,0.941309179396602,49.83783751716932,-6571.8288574032085
9.171915637607869,9.097752829298852,0.941309179396602,49.83783751716932,-6571.8288574032085
9.171915637607869,9.097752829298852,0.941309179396602,49.83783751716932,-6571.8288574032085
9.171915637607869,9.097752829298852,0.941309179396602,49.83783751716932,-6571.8288574032085
9.518571210949974,7.953769964353804,0.8723873626458418,49.30603727779613,-6572.905269607218
10.42868678539701,8.083591366116508,0.8017235690004958,49.66487125113736,-6571.046297769077
10.371259677702053,8.423347743187396,0.777138343857172,49.46254581959039,-6571.524676886971
10.371259677702053,8.423347743187396,0.777138343857172,49.46254581959039,-6571.524676886971
10.29258531615065,7.529978284745682,0.7488074637092376,49.95129233902045,-6570.844475487418
10.492717075334973,8.172410043414661,0.6373174472519105,50.513103706247655,-6570.90971208431
10.492717075334973,8.172410043414661,0.6373174472519105,50.513103706247655,-6570.90971208431
10.965254340779499,7.633775010800145,0.6591936501990071,50.016545535747944,-6571.1441798516225
10.805239313107316,9.373941578670676,0.6860070239101779,50.355763113758485,-6571.5894460574045
10.805239313107316,9.373941578670676,0.6860070239101779,50.355763113758485,-6571.5894460574045
10.805239313107316,9.373941578670676,0.6860070239101779,50.355763113758485,-6571.5894460574045
10.444214114571546,11.812821541550706,0.5620032596293258,49.83589668626081,-6574.48863658179
10.444214114571546,11.812821541550706,0.5620032596293258,49.83589668626081,-6574.48863658179
10.444214114571546,11.812821541550706,0.5620032596293258,49.83589668626081,-6574.48863658179
10.187330346294605,10.986885921105612,0.501760948083361,50.20333210497939,-6572.733682960996
10.187330346294605,10.986885921105612,0.501760948083361,50.20333210497939,-6572.733682960996
10.187330346294605,10.986885921105612,0.501760948083361,50.20333210497939,-6572.733682960996
10.433448565630075,9.414071976661912,0.5766305670960569,49.83790356830808,-6571.8787320654355
10.516976960790897,6.617195057517045,0.6458981749045347,50.14016522266855,-6573.554019155156
10.69933142853845,6.749359907043566,0.8295301574560425,49.49546644838539,-6571.797880117782
9.912205066359506,7.4760165730278505,0.7141473108384085,49.72153052562768,-6572.880600516147
9.985911459747623,8.094942194294948,0.6659460938090546,49.80135131843191,-6572.156032612485
9.176255793228828,9.495224487231598,0.675460752920009,50.29523420310967,-6572.164608211246
8.687156472566242,11.352519971743899,0.7213235305465534,49.930372446834085,-6572.074240278348
8.687156472566242,11.352519971743899,0.7213235305465534,49.930372446834085,-6572.074240278348
8.687156472566242,11.352519971743899,0.7213235305465534,49.930372446834085,-6572.074240278348
8.687156472566242,11.352519971743899,0.7213235305465534,49.930372446834085,-6572.074240278348
8.687156472566242,11.352519971743899,0.7213235305465534,49.930372446834085,-6572.074240278348
8.687156472566242,11.352519971743899,0.7213235305465534,49.930372446834085,-6572.074240278348
8.51772217345937,11.02905458345339,0.8850230160067681,50.60848036769828,-6572.6207154802
8.476770561682605,10.522958163725896,0.8205225413796408,50.529409836813294,-6572.605048801387
8.476770561682605,10.522958163725896,0.8205225413796408,50.529409836813294,-6572.605048801387
8.476770561682605,10.522958163725896,0.8205225413796408,50.529409836813294,-6572.605048801387
9.273623494576254,11.196728052881019,0.8964366347402501,50.68906134226435,-6573.114865217832
9.273623494576254,11.196728052881019,0.8964366347402501,50.68906134226435,-6573.114865217832
9.273623494576254,11.196728052881019,0.8964366347402501,50.68906134226435,-6573.114865217832
9.273623494576254,11.196728052881019,0.8964366347402501,50.68906134226435,-6573.114865217832
8.237477717764627,10.249431752205298,0.806848398516515,50.64372284989419,-6574.356192220792
8.237477717764627,10.249431752205298,0.806848398516515,50.64372284989419,-6574.356192220792
8.237477717764627,10.249431752205298,0.806848398516515,50.64372284989419,-6574.356192220792
9.523498678379447,10.70522080504382,0.7770404179092634,50.50855543992214,-6571.158214959083
9.523498678379447,10.70522080504382,0.7770404179092634,50.50855543992214,-6571.158214959083
9.523498678379447,10.70522080504382,0.7770404179092634,50.50855543992214,-6571.158214959083
9.523498678379447,10.70522080504382,0.7770404179092634,50.50855543992214,-6571.158214959083
9.458431587183387,10.727037670787231,0.6648535743720194,51.31688160702568,-6572.282459173755
9.458431587183387,10.727037670787231,0.6648535743720194,51.31688160702568,-6572.282459173755
9.458431587183387,10.727037670787231,0.6648535743720194,51.31688160702568,-6572.282459173755
9.458431587183387,10.727037670787231,0.6648535743720194,51.31688160702568,-6572.282459173755
9.458431587183387,10.727037670787231,0.6648535743720194,51.31688160702568,-6572.282459173755
9.380936596874731,9.707614289896737,0.7844182217293225,50.992582540301996,-6571.267309032119
9.380936596874731,9.707614289896737,0.7844182217293225,50.992582540301996,-6571.267309032119
9.244421503636328,10.518617496655478,0.6491036191674291,51.23284491797119,-6572.553618495488
9.244421503636328,10.518617496655478,0.6491036191674291,51.23284491797119,-6572.553618495488
9.244421503636328,10.518617496655478,0.6491036191674291,51.23284491797119,-6572.553618495488
9.244421503636328,10.518617496655478,0.6491036191674291,51.23284491797119,-6572.553618495488
9.244421503636328,10.518617496655478,0.6491036191674291,51.23284491797119,-6572.553618495488
9.637367816563394,10.302870388878022,0.6682974861044275,51.102385913952475,-6571.477159767086
9.637367816563394,10.302870388878022,0.6682974861044275,51.102385913952475,-6571.477159767086
9.637367816563394,10.302870388878022,0.6682974861044275,51.102385913952475,-6571.477159767086
9.637367816563394,10.302870388878022,0.6682974861044275,51.102385913952475,-6571.477159767086
10.62869343334539,9.302625680368482,0.7264860942612601,50.835723431632026,-6571.487440813272
10.478272339222535,7.075299531578261,0.6782487657610502,50.88922390501888,-6572.042362139666
9.976907211557853,7.4015001956897315,0.7296099964175992,50.69404295740668,-6571.9397661022085
9.976907211557853,7.4015001956897315,0.7296099964175992,50.69404295740668,-6571.9397661022085
10.162873438364207,8.77131136473291,0.6732424956441886,51.15230162450436,-6571.307165846744
10.162873438364207,8.77131136473291,0.6732424956441886,51.15230162450436,-6571.307165846744
10.162873438364207,8.77131136473291,0.6732424956441886,51.15230162450436,-6571.307165846744
10.162873438364207,8.77131136473291,0.6732424956441886,51.15230162450436,-6571.307165846744
10.162873438364207,8.77131136473291,0.6732424956441886,51.15230162450436,-6571.307165846744
10.162873438364207,8.77131136473291,0.6732424956441886,51.15230162450436,-6571.307165846744
10.656356943416485,8.768081132700603,0.5654032356720946,51.02281621845263,-6572.017576248541
10.656356943416485,8.768081132700603,0.5654032356720946,51.02281621845263,-6572.017576248541
10.656356943416485,8.768081132700603,0.5654032356720946,51.02281621845263,-6572.017576248541
10.080124626914515,9.9936934579497,0.5526717856050457,50.65502643017486,-6571.716329557948
10.080124626914515,9.9936934579497,0.5526717856050457,50.65502643017486,-6571.716329557948
10.080124626914515,9.9936934579497,0.5526717856050457,50.65502643017486,-6571.716329557948
10.080124626914515,9.9936934579497,0.5526717856050457,50.65502643017486,-6571.716329557948
10.511838584092331,9.668244595742507,0.6545352897025235,51.49382286895109,-6572.668044744378
10.16130203985617,8.244737908723428,0.7793058897647148,51.23781343236116,-6571.305966518239
10.16130203985617,8.244737908723428,0.7793058897647148,51.23781343236116,-6571.305966518239
10.16130203985617,8.244737908723428,0.7793058897647148,51.23781343236116,-6571.305966518239
10.16130203985617,8.244737908723428,0.7793058897647148,51.23781343236116,-6571.305966518239
9.467768033212739,8.71398039783904,0.8437709329121452,50.98071506860833,-6571.435465656932
9.467768033212739,8.71398039783904,0.8437709329121452,50.98071506860833,-6571.435465656932
9.467768033212739,8.71398039783904,0.8437709329121452,50.98071506860833,-6571.435465656932
9.467768033212739,8.71398039783904,0.8437709329121452,50.98071506860833,-6571.435465656932
9.467768033212739,8.71398039783904,0.8437709329121452,50.98071506860833,-6571.435465656932
9.467768033212739,8.71398039783904,0.8437709329121452,50.98071506860833,-6571.435465656932
9.155923718267788,9.487948352283219,0.8288485988706972,50.234051964937564,-6571.005044689233
10.01202536484514,7.568659085804814,0.7660127992915755,50.18194384070024,-6570.978585247447
10.01202536484514,7.568659085804814,0.7660127992915755,50.18194384070024,-6570.978585247447
10.01202536484514,7.568659085804814,0.7660127992915755,50.18194384070024,-6570.978585247447
10.01202536484514,7.568659085804814,0.7660127992915755,50.18194384070024,-6570.978585247447
10.01202536484514,7.568659085804814,0.7660127992915755,50.18194384070024,-6570.978585247447
10.01202536484514,7.568659085804814,0.7660127992915755,50.18194384070024,-6570.978585247447
10.01202536484514,7.568659085804814,0.7660127992915755,50.18194384070024,-6570.978585247447
9.573060347445843,8.586499442047199,0.7542587330488106,50.39012738892247,-6570.928653830968
9.573060347445843,8.586499442047199,0.7542587330488106,50.39012738892247,-6570.928653830968
9.573060347445843,8.586499442047199,0.7542587330488106,50.39012738892247,-6570.928653830968
9.573060347445843,8.586499442047199,0.7542587330488106,50.39012738892247,-6570.928653830968
9.573060347445843,8.586499442047199,0.7542587330488106,50.39012738892247,-6570.928653830968
9.573060347445843,8.586499442047199,0.7542587330488106,50.39012738892247,-6570.928653830968
9.573060347445843,8.586499442047199,0.7542587330488106,50.39012738892247,-6570.928653830968
9.573060347445843,8.586499442047199,0.7542587330488106,50.39012738892247,-6570.928653830968
9.573060347445843,8.586499442047199,0.7542587330488106,50.39012738892247,-6570.928653830968
10.131439923361059,8.743985483842913,0.6475197541420449,50.04267628626648,-6570.975568184223
10.547055270254365,8.422201746514046,0.6297662454579205,49.820137958779924,-6571.431051293407
10.547055270254365,8.422201746514046,0.6297662454579205,49.820137958779924,-6571.431051293407
10.547055270254365,8.422201746514046,0.6297662454579205,49.820137958779924,-6571.431051293407
10.547055270254365,8.422201746514046,0.6297662454579205,49.820137958779924,-6571.431051293407
11.024841964322203,9.423938083859994,0.6264256112543349,50.09445717021779,-6572.288391384517
11.450728406114537,7.742461621478245,0.6082202294643889,50.38063810001782,-6571.824137124249
11.450728406114537,7.742461621478245,0.6082202294643889,50.38063810001782,-6571.824137124249
11.412098473457167,7.028202121945869,0.6409133198924675,50.72510618333847,-6571.57715478282
11.412098473457167,7.028202121945869,0.6409133198924675,50.72510618333847,-6571.57715478282
11.412098473457167,7.028202121945869,0.6409133198924675,50.72510618333847,-6571.57715478282
11.412098473457167,7.028202121945869,0.6409133198924675,50.72510618333847,-6571.57715478282
11.412098473457167,7.028202121945869,0.6409133198924675,50.72510618333847,-6571.57715478282
11.412098473457167,7.028202121945869,0.6409133198924675,50.72510618333847,-6571.57715478282
11.412098473457167,7.028202121945869,0.6409133198924675,50.72510618333847,-6571.57715478282
11.412098473457167,7.028202121945869,0.6409133198924675,50.72510618333847,-6571.57715478282
10.835716183132341,8.305497015223393,0.708627693596743,50.49905756241465,-6570.662589728163
10.835716183132341,8.305497015223393,0.708627693596743,50.49905756241465,-6570.662589728163
10.835716183132341,8.305497015223393,0.708627693596743,50.49905756241465,-6570.662589728163
10.199867018165628,8.163239882957662,0.8338103384869943,50.40592205996477,-6570.294090141643
10.726822501056489,6.920036431473271,0.8448449052525209,50.3649953729814,-6570.564890990972
10.726822501056489,6.920036431473271,0.8448449052525209,50.3649953729814,-6570.564890990972
10.726822501056489,6.920036431473271,0.8448449052525209,50.3649953729814,-6570.564890990972
10.726822501056489,6.920036431473271,0.8448449052525209,50.3649953729814,-6570.564890990972
10.726822501056489,6.920036431473271,0.8448449052525209,50.3649953729814,-6570.564890990972
10.726822501056489,6.920036431473271,0.8448449052525209,50.3649953729814,-6570.564890990972
10.726822501056489,6.920036431473271,0.8448449052525209,50.3649953729814,-6570.564890990972
10.726822501056489,6.920036431473271,0.8448449052525209,50.3649953729814,-6570.564890990972
10.726822501056489,6.920036431473271,0.8448449052525209,50.3649953729814,-6570.564890990972
10.274771093366727,8.990752487512001,0.8582610686441585,51.065716035026476,-6571.999239138
10.274771093366727,8.990752487512001,0.8582610686441585,51.065716035026476,-6571.999239138
10.274771093366727,8.990752487512001,0.8582610686441585,51.065716035026476,-6571.999239138
10.274771093366727,8.990752487512001,0.8582610686441585,51.065716035026476,-6571.999239138
8.86047456764163,10.354543617771093,0.7837010454072656,50.8429482449964,-6571.90023572859
8.86047456764163,10.354543617771093,0.7837010454072656,50.8429482449964,-6571.90023572859
8.86047456764163,10.354543617771093,0.7837010454072656,50.8429482449964,-6571.90023572859
8.86047456764163,10.354543617771093,0.7837010454072656,50.8429482449964,-6571.90023572859
8.488868818617847,11.883321684026104,0.7178630169615492,49.7929251445958,-6572.764381209384
9.338068373854206,12.026477221435808,0.5634706858219019,49.768322216946316,-6572.887936658521
9.794910128042027,10.005580663584917,0.6559831914050732,50.123581105783195,-6570.718845824242
10.027083904504753,10.563551313393873,0.7449523183266471,50.06092043074585,-6571.748287628566
10.027083904504753,10.563551313393873,0.7449523183266471,50.06092043074585,-6571.748287628566
10.027083904504753,10.563551313393873,0.7449523183266471,50.06092043074585,-6571.748287628566
9.911871525811064,10.188776704213566,0.9173377593928091,50.497745637650546,-6573.170948833141
9.911871525811064,10.188776704213566,0.9173377593928091,50.497745637650546,-6573.170948833141
9.911871525811064,10.188776704213566,0.9173377593928091,50.497745637650546,-6573.170948833141
9.911871525811064,10.188776704213566,0.9173377593928091,50.497745637650546,-6573.170948833141
9.969591789123164,11.801124069481602,0.8235232522850633,49.84775313349556,-6575.677330560939
9.969591789123164,11.801124069481602,0.8235232522850633,49.84775313349556,-6575.677330560939
9.969591789123164,11.801124069481602,0.8235232522850633,49.84775313349556,-6575.677330560939
9.139765935171646,10.039442241019964,0.9368436159464925,48.95581747872326,-6574.4945645464895
9.139765935171646,10.039442241019964,0.9368436159464925,48.95581747872326,-6574.4945645464895
9.139765935171646,10.039442241019964,0.9368436159464925,48.95581747872326,-6574.4945645464895
9.811399129586647,10.159226223348874,0.7920417848576109,49.381429011888926,-6572.403799674867
9.811399129586647,10.159226223348874,0.7920417848576109,49.381429011888926,-6572.403799674867
9.512522944538384,9.85082439062566,0.684297771887002,49.8507780163665,-6571.129871026863
9.512522944538384,9.85082439062566,0.684297771887002,49.8507780163665,-6571.129871026863
9.512522944538384,9.85082439062566,0.684297771887002,49.8507780163665,-6571.129871026863
10.291456737130378,9.756344238909607,0.6861904496625214,49.06836121422067,-6573.4646133378155
10.291456737130378,9.756344238909607,0.6861904496625214,49.06836121422067,-6573.4646133378155
10.291456737130378,9.756344238909607,0.6861904496625214,49.06836121422067,-6573.4646133378155
10.291456737130378,9.756344238909607,0.6861904496625214,49.06836121422067,-6573.4646133378155
10.395061476472584,9.043486716972197,0.75477337840572,48.24265421147805,-6577.422079227112
10.395061476472584,9.043486716972197,0.75477337840572,48.24265421147805,-6577.422079227112
10.395061476472584,9.043486716972197,0.75477337840572,48.24265421147805,-6577.422079227112
10.395061476472584,9.043486716972197,0.75477337840572,48.24265421147805,-6577.422079227112
10.45925157916589,8.456734879017814,0.7206768591269335,48.34630644956449,-6576.714448743509
10.926180202715571,9.77624649628276,0.7007607216821926,48.83310754360751,-6576.478265721698
9.896745140227102,8.300105242066582,0.6526560159424567,49.62519270635382,-6572.767485234921
10.701847637753408,9.813705802156434,0.7116459395059874,49.958611010581166,-6572.460588511389
9.80503076060418,9.383574182737368,0.8184903836437566,49.589621476439206,-6571.35010032464
9.80503076060418,9.383574182737368,0.8184903836437566,49.589621476439206,-6571.35010032464
9.80503076060418,9.383574182737368,0.8184903836437566,49.589621476439206,-6571.35010032464
9.80503076060418,9.383574182737368,0.8184903836437566,49.589621476439206,-6571.35010032464
9.80503076060418,9.383574182737368,0.8184903836437566,49.589621476439206,-6571.35010032464
9.80503076060418,9.383574182737368,0.8184903836437566,49.589621476439206,-6571.35010032464
9.80503076060418,9.383574182737368,0.8184903836437566,49.589621476439206,-6571.35010032464
9.80503076060418,9.383574182737368,0.8184903836437566,49.589621476439206,-6571.35010032464
9.80503076060418,9.383574182737368,0.8184903836437566,49.589621476439206,-6571.35010032464
10.462196450787658,8.210252221647128,0.7340737537432238,49.230237738895646,-6572.307045940918
10.462196450787658,8.210252221647128,0.7340737537432238,49.230237738895646,-6572.307045940918
10.451047779276006,8.81441826878529,0.8720119036262497,49.569731032226706,-6572.5825651204395
10.696147900445778,9.600190551839162,0.7816536326019115,49.54559216735279,-6573.634099480003
11.024216821255486,8.688713578309978,0.7875788775835055,49.410347801180606,-6573.741590846477
11.024216821255486,8.688713578309978,0.7875788775835055,49.410347801180606,-6573.741590846477
9.796955710677754,8.190278486562073,0.8891210061833656,50.0050872361039,-6570.779156571638
9.815620632365155,8.5208738866123,0.6882048664998617,50.22559362786157,-6571.109523506245
9.842208007906134,8.509252212411788,0.7435815780323477,50.032505495935595,-6570.631187940136
9.764364140681979,8.85287523599433,0.7133503607189436,49.604047286805596,-6571.511797630872
9.89155662554397,9.49096235183981,0.7310537445192142,49.329191460545744,-6571.938042211836
9.89155662554397,9.49096235183981,0.7310537445192142,49.329191460545744,-6571.938042211836
9.89155662554397,9.49096235183981,0.7310537445192142,49.329191460545744,-6571.938042211836
9.89155662554397,9.49096235183981,0.7310537445192142,49.329191460545744,-6571.938042211836
9.89155662554397,9.49096235183981,0.7310537445192142,49.329191460545744,-6571.938042211836
9.89155662554397,9.49096235183981,0.7310537445192142,49.329191460545744,-6571.938042211836
10.123138654006176,10.47472631481233,0.8328405564980683,49.933997102749586,-6573.202044275107
8.720820840806761,10.691970000375454,0.9010393302131847,51.031486464509975,-6573.029870136999
8.42919816944656,10.723033122121231,0.9166658379363618,50.748711656594836,-6573.17808079567
8.42919816944656,10.723033122121231,0.9166658379363618,50.748711656594836,-6573.17808079567
8.42919816944656,10.723033122121231,0.9166658379363618,50.748711656594836,-6573.17808079567
8.42919816944656,10.723033122121231,0.9166658379363618,50.748711656594836,-6573.17808079567
8.42919816944656,10.723033122121231,0.9166658379363618,50.748711656594836,-6573.17808079567
8.42919816944656,10.723033122121231,0.9166658379363618,50.748711656594836,-6573.17808079567
8.42919816944656,10.723033122121231,0.9166658379363618,50.748711656594836,-6573.17808079567
8.52286018752194,11.024130491300594,0.9175258256635772,50.777400202123786,-6573.1044421582865
8.52286018752194,11.024130491300594,0.9175258256635772,50.777400202123786,-6573.1044421582865
8.52286018752194,11.024130491300594,0.9175258256635772,50.777400202123786,-6573.1044421582865
8.683646385250421,11.007789783807311,0.8212353653491239,50.26938792638223,-6571.7944900339335
10.017547579644125,8.872470040686608,0.7866016286595255,49.68678185190147,-6570.8939812170975
10.017547579644125,8.872470040686608,0.7866016286595255,49.68678185190147,-6570.8939812170975
10.017547579644125,8.872470040686608,0.7866016286595255,49.68678185190147,-6570.8939812170975
10.017547579644125,8.872470040686608,0.7866016286595255,49.68678185190147,-6570.8939812170975
10.017547579644125,8.872470040686608,0.7866016286595255,49.68678185190147,-6570.8939812170975
10.107338742501513,8.54541610397004,0.9406817545731821,50.34276531269162,-6571.4960987259965
10.107338742501513,8.54541610397004,0.9406817545731821,50.34276531269162,-6571.4960987259965
10.107338742501513,8.54541610397004,0.9406817545731821,50.34276531269162,-6571.4960987259965
10.107338742501513,8.54541610397004,0.9406817545731821,50.34276531269162,-6571.4960987259965
9.451318520188424,8.286380063913926,0.9680546398387946,50.64850803509836,-6571.663530980517
9.451318520188424,8.286380063913926,0.9680546398387946,50.64850803509836,-6571.663530980517
9.451318520188424,8.286380063913926,0.9680546398387946,50.64850803509836,-6571.663530980517
9.451318520188424,8.286380063913926,0.9680546398387946,50.64850803509836,-6571.663530980517
9.451318520188424,8.286380063913926,0.9680546398387946,50.64850803509836,-6571.663530980517
9.451318520188424,8.286380063913926,0.9680546398387946,50.64850803509836,-6571.663530980517
9.451318520188424,8.286380063913926,0.9680546398387946,50.64850803509836,-6571.663530980517
9.451318520188424,8.286380063913926,0.9680546398387946,50.64850803509836,-6571.663530980517
9.451318520188424,8.286380063913926,0.9680546398387946,50.64850803509836,-6571.663530980517
9.451318520188424,8.286380063913926,0.9680546398387946,50.64850803509836,-6571.663530980517
9.959700926528436,7.7270645052411275,0.89925222143917,50.5372250358017,-6570.73141685335
9.959700926528436,7.7270645052411275,0.89925222143917,50.5372250358017,-6570.73141685335
9.992983191841175,8.775997380092784,0.7767308050232888,50.53362974186823,-6570.1983890139245
9.992983191841175,8.775997380092784,0.7767308050232888,50.53362974186823,-6570.1983890139245
9.992983191841175,8.775997380092784,0.7767308050232888,50.53362974186823,-6570.1983890139245
9.992983191841175,8.775997380092784,0.7767308050232888,50.53362974186823,-6570.1983890139245
9.992983191841175,8.775997380092784,0.7767308050232888,50.53362974186823,-6570.1983890139245
9.992983191841175,8.775997380092784,0.7767308050232888,50.53362974186823,-6570.1983890139245
10.346364584385778,7.279543530346892,0.7507485212181144,50.80125220380673,-6570.971232017129
11.042828110799366,7.722195146571664,0.6362090901848709,50.42362886704452,-6571.062652614667
11.042828110799366,7.722195146571664,0.6362090901848709,50.42362886704452,-6571.062652614667
11.042828110799366,7.722195146571664,0.6362090901848709,50.42362886704452,-6571.062652614667
11.042828110799366,7.722195146571664,0.6362090901848709,50.42362886704452,-6571.062652614667
11.519470036140019,8.664885408315165,0.6480758069602593,50.22429766353665,-6572.979864496114
11.519470036140019,8.664885408315165,0.6480758069602593,50.22429766353665,-6572.979864496114
11.519470036140019,8.664885408315165,0.6480758069602593,50.22429766353665,-6572.979864496114
10.57997883810077,8.5309776622375,0.6400595605747348,50.37979526160563,-6570.6782941796155
10.765003752889283,9.647255015747657,0.7313569772664906,49.839924638011645,-6572.786835267389
10.765003752889283,9.647255015747657,0.7313569772664906,49.839924638011645,-6572.786835267389
10.234186873637606,10.4068098132297,0.7087478534932616,49.28519247183769,-6573.401736098447
10.05409194132908,10.960166151588206,0.863527199787897,49.80730289199823,-6574.749510962321
10.05409194132908,10.960166151588206,0.863527199787897,49.80730289199823,-6574.749510962321
10.05409194132908,10.960166151588206,0.863527199787897,49.80730289199823,-6574.749510962321
10.241160931454454,10.4911839180172,0.8057063683914631,50.201044830103626,-6573.030660628782
10.241160931454454,10.4911839180172,0.8057063683914631,50.201044830103626,-6573.030660628782
10.482574204441713,8.470173338984111,0.8106407775909947,50.455171532887604,-6570.656819789567
11.154721670981829,6.124483515594686,0.7864756843405365,50.45363940619397,-6570.991008869845
11.154721670981829,6.124483515594686,0.7864756843405365,50.45363940619397,-6570.991008869845
11.154721670981829,6.124483515594686,0.7864756843405365,50.45363940619397,-6570.991008869845
10.408004263290724,7.002787527006094,0.8193453977162928,49.91988049885367,-6570.885973771341
10.408004263290724,7.002787527006094,0.8193453977162928,49.91988049885367,-6570.885973771341
10.408004263290724,7.002787527006094,0.8193453977162928,49.91988049885367,-6570.885973771341
10.5315940127583,7.253698167091269,0.8227701535753733,50.867399560053826,-6570.723097761976
10.5315940127583,7.253698167091269,0.8227701535753733,50.867399560053826,-6570.723097761976
11.035886260386123,8.000354548650169,0.7427977492056571,50.55921159694149,-6571.020908731581
11.035886260386123,8.000354548650169,0.7427977492056571,50.55921159694149,-6571.020908731581
11.035886260386123,8.000354548650169,0.7427977492056571,50.55921159694149,-6571.020908731581
11.13981567172558,6.646105057451348,0.8500880979136972,50.23178540371826,-6571.132402456653
11.13981567172558,6.646105057451348,0.8500880979136972,50.23178540371826,-6571.132402456653
11.13981567172558,6.646105057451348,0.8500880979136972,50.23178540371826,-6571.132402456653
11.13981567172558,6.646105057451348,0.8500880979136972,50.23178540371826,-6571.132402456653
11.13981567172558,6.646105057451348,0.8500880979136972,50.23178540371826,-6571.132402456653
11.13981567172558,6.646105057451348,0.8500880979136972,50.23178540371826,-6571.132402456653
11.647695984843464,7.202857016181323,0.6464123765367547,50.524535736863484,-6571.840081295607
11.647695984843464,7.202857016181323,0.6464123765367547,50.524535736863484,-6571.840081295607
11.647695984843464,7.202857016181323,0.6464123765367547,50.524535736863484,-6571.840081295607
11.647695984843464,7.202857016181323,0.6464123765367547,50.524535736863484,-6571.840081295607
11.647695984843464,7.202857016181323,0.6464123765367547,50.524535736863484,-6571.840081295607
11.647695984843464,7.202857016181323,0.6464123765367547,50.524535736863484,-6571.840081295607
11.647695984843464,7.202857016181323,0.6464123765367547,50.524535736863484,-6571.840081295607
11.647695984843464,7.202857016181323,0.6464123765367547,50.524535736863484,-6571.840081295607
11.541465233161787,6.492938052477644,0.5453936874038043,49.86530838456938,-6574.6601654638835
11.541465233161787,6.492938052477644,0.5453936874038043,49.86530838456938,-6574.6601654638835
11.884539293365693,6.518483337100448,0.5779051375860772,50.44107205118888,-6573.03145524196
11.884539293365693,6.518483337100448,0.5779051375860772,50.44107205118888,-6573.03145524196
11.884539293365693,6.518483337100448,0.5779051375860772,50.44107205118888,-6573.03145524196
11.302127417756918,6.611758821117494,0.7906873878365652,49.96624713917702,-6571.358507597781
11.302127417756918,6.611758821117494,0.7906873878365652,49.96624713917702,-6571.358507597781
11.302127417756918,6.611758821117494,0.7906873878365652,49.96624713917702,-6571.358507597781
11.302127417756918,6.611758821117494,0.7906873878365652,49.96624713917702,-6571.358507597781
10.868850948674092,5.596077406695134,0.8952110936875048,49.672672689722894,-6572.280288333104
10.868850948674092,5.596077406695134,0.8952110936875048,49.672672689722894,-6572.280288333104
11.266814653219777,5.7065829008360325,0.9370649889631604,50.1182800330359,-6571.951331614933
11.266814653219777,5.7065829008360325,0.9370649889631604,50.1182800330359,-6571.951331614933
11.266814653219777,5.7065829008360325,0.9370649889631604,50.1182800330359,-6571.951331614933
11.266814653219777,5.7065829008360325,0.9370649889631604,50.1182800330359,-6571.951331614933
11.266814653219777,5.7065829008360325,0.9370649889631604,50.1182800330359,-6571.951331614933
10.515479682266102,6.12173390525228,0.8641686431767311,49.68087423898263,-6572.070953654899
10.515479682266102,6.12173390525228,0.8641686431767311,49.68087423898263,-6572.070953654899
10.515479682266102,6.12173390525228,0.8641686431767311,49.68087423898263,-6572.070953654899
10.515479682266102,6.12173390525228,0.8641686431767311,49.68087423898263,-6572.070953654899
10.515479682266102,6.12173390525228,0.8641686431767311,49.68087423898263,-6572.070953654899
10.515479682266102,6.12173390525228,0.8641686431767311,49.68087423898263,-6572.070953654899
10.515479682266102,6.12173390525228,0.8641686431767311,49.68087423898263,-6572.070953654899
10.515479682266102,6.12173390525228,0.8641686431767311,49.68087423898263,-6572.070953654899
10.515479682266102,6.12173390525228,0.8641686431767311,49.68087423898263,-6572.070953654899
10.515479682266102,6.12173390525228,0.8641686431767311,49.68087423898263,-6572.070953654899
10.68689748682966,7.104776106399164,0.9793381001206936,50.1002290402933,-6571.979873689263
10.68689748682966,7.104776106399164,0.9793381001206936,50.1002290402933,-6571.979873689263
10.68689748682966,7.104776106399164,0.9793381001206936,50.1002290402933,-6571.979873689263
10.218417718200296,6.290211692713683,0.911703992059432,50.09530498012942,-6571.682191390242
10.218417718200296,6.290211692713683,0.911703992059432,50.09530498012942,-6571.682191390242
10.218417718200296,6.290211692713683,0.911703992059432,50.09530498012942,-6571.682191390242
10.667168186473813,7.801052455522564,0.9308397008185981,50.28789216941537,-6571.842715424317
10.667168186473813,7.801052455522564,0.9308397008185981,50.28789216941537,-6571.842715424317
10.667168186473813,7.801052455522564,0.9308397008185981,50.28789216941537,-6571.842715424317
10.667168186473813,7.801052455522564,0.9308397008185981,50.28789216941537,-6571.842715424317
10.59652144271069,7.951168713459938,0.8691141699832841,50.58076222355248,-6571.063372625661
10.59652144271069,7.951168713459938,0.8691141699832841,50.58076222355248,-6571.063372625661
10.59652144271069,7.951168713459938,0.8691141699832841,50.58076222355248,-6571.063372625661
10.59652144271069,7.951168713459938,0.8691141699832841,50.58076222355248,-6571.063372625661
10.59652144271069,7.951168713459938,0.8691141699832841,50.58076222355248,-6571.063372625661
10.635659352201078,6.100950666946322,0.9501550812976463,50.3312163785034,-6571.364425023592
10.635659352201078,6.100950666946322,0.9501550812976463,50.3312163785034,-6571.364425023592
10.635659352201078,6.100950666946322,0.9501550812976463,50.3312163785034,-6571.364425023592
10.635659352201078,6.100950666946322,0.9501550812976463,50.3312163785034,-6571.364425023592
10.116692161685044,7.272655950972848,0.7094209205908111,50.3579451902859,-6571.8753893263265
10.072373369419545,8.666310599517395,0.8386602978156755,50.59824645268205,-6570.520027087849
10.072373369419545,8.666310599517395,0.8386602978156755,50.59824645268205,-6570.520027087849
10.072373369419545,8.666310599517395,0.8386602978156755,50.59824645268205,-6570.520027087849
10.072373369419545,8.666310599517395,0.8386602978156755,50.59824645268205,-6570.520027087849
10.340176891265987,6.661799064315026,0.9512748131492049,51.15030713894871,-6572.158146349018
10.213254275729868,8.602684745889672,0.8795391588671373,51.38211410600995,-6572.5369573123835
10.213254275729868,8.602684745889672,0.8795391588671373,51.38211410600995,-6572.5369573123835
10.143769742880387,7.714137898098538,0.8325204671897626,50.43435559211599,-6570.341628499075
10.268002383917462,9.44025743339186,0.7449185167794939,50.282437051822164,-6570.688425021916
10.195340090114962,10.064768434292292,0.6956459022605483,49.82172078816125,-6571.448639024484
10.195340090114962,10.064768434292292,0.6956459022605483,49.82172078816125,-6571.448639024484
9.574371279479323,10.301339540688856,0.7410946636509554,50.37366675103461,-6570.599046583693
10.19954549562308,8.992740331878467,0.7844558083694304,49.46330651438774,-6571.6437548617305
10.19954549562308,8.992740331878467,0.7844558083694304,49.46330651438774,-6571.6437548617305
10.19954549562308,8.992740331878467,0.7844558083694304,49.46330651438774,-6571.6437548617305
10.19954549562308,8.992740331878467,0.7844558083694304,49.46330651438774,-6571.6437548617305
10.19954549562308,8.992740331878467,0.7844558083694304,49.46330651438774,-6571.6437548617305
10.066379393116383,8.996999098674488,0.8497899108315198,50.06635759335758,-6570.870965880397
9.554580904629246,9.47839620511315,0.8130453487899816,49.35983418363474,-6571.922870456132
9.611795426967213,8.546359067261449,0.9083304834902518,49.740423448697854,-6571.337954536631
9.611795426967213,8.546359067261449,0.9083304834902518,49.740423448697854,-6571.337954536631
9.611795426967213,8.546359067261449,0.9083304834902518,49.740423448697854,-6571.337954536631
9.417878607198489,8.736138246638875,1.0082992920971896,49.968949215644216,-6572.0748695198345
9.417878607198489,8.736138246638875,1.0082992920971896,49.968949215644216,-6572.0748695198345
9.417878607198489,8.736138246638875,1.0082992920971896,49.968949215644216,-6572.0748695198345
9.417878607198489,8.736138246638875,1.0082992920971896,49.968949215644216,-6572.0748695198345
9.417878607198489,8.736138246638875,1.0082992920971896,49.968949215644216,-6572.0748695198345
9.417878607198489,8.736138246638875,1.0082992920971896,49.968949215644216,-6572.0748695198345
9.417878607198489,8.736138246638875,1.0082992920971896,49.968949215644216,-6572.0748695198345
9.417878607198489,8.736138246638875,1.0082992920971896,49.968949215644216,-6572.0748695198345
9.417878607198489,8.736138246638875,1.0082992920971896,49.968949215644216,-6572.0748695198345
9.417878607198489,8.736138246638875,1.0082992920971896,49.968949215644216,-6572.0748695198345
9.0715735461975,8.922253357138342,1.0415151278664239,49.61390962224234,-6573.2733803022475
9.0715735461975,8.922253357138342,1.0415151278664239,49.61390962224234,-6573.2733803022475
8.089039181331053,13.051574269352432,0.8437993859683609,49.19908057602847,-6575.866967720496
7.660991869663273,12.766702426531047,0.8012407601500376,49.491251909431796,-6575.948379396831
7.660991869663273,12.766702426531047,0.8012407601500376,49.491251909431796,-6575.948379396831
7.660991869663273,12.766702426531047,0.8012407601500376,49.491251909431796,-6575.948379396831
7.055218920129033,13.771507196416621,0.7878411581165168,49.48281226493146,-6578.975857374665
7.367247873589681,13.904985170812378,0.7246748732706616,49.58424887337583,-6577.240171142773
7.962710165543425,14.256561856334987,0.814760363927127,50.427479361808835,-6575.542336971909
7.962710165543425,14.256561856334987,0.814760363927127,50.427479361808835,-6575.542336971909
7.962710165543425,14.256561856334987,0.814760363927127,50.427479361808835,-6575.542336971909
7.962710165543425,14.256561856334987,0.814760363927127,50.427479361808835,-6575.542336971909
8.020215610990993,12.86916214783269,0.9054078518006242,50.407055324407025,-6574.689394387986
8.020215610990993,12.86916214783269,0.9054078518006242,50.407055324407025,-6574.689394387986
9.192787728179939,11.934639556541129,0.8019260879198385,50.69937229547733,-6572.843742899955
9.192787728179939,11.934639556541129,0.8019260879198385,50.69937229547733,-6572.843742899955
8.981781035325366,10.09811732483735,0.8622142237123803,50.644158256806165,-6571.529437493267
9.198860517848432,11.949462902940327,0.6901643869378093,50.543477245025166,-6571.7932579066255
8.566903628113609,11.880742266856938,0.6816456714440815,50.39949437975308,-6572.345294124322
8.97205069142946,11.967127815481083,0.76222862441429,49.46423610260815,-6573.108993337711
8.97205069142946,11.967127815481083,0.76222862441429,49.46423610260815,-6573.108993337711
8.79821413014452,11.760135171608097,0.875405086241812,50.17697890548499,-6572.802856827491
8.2703453375541,11.00216865140403,0.7390132873150883,50.20668930500484,-6573.56208493519
8.2703453375541,11.00216865140403,0.7390132873150883,50.20668930500484,-6573.56208493519
8.2703453375541,11.00216865140403,0.7390132873150883,50.20668930500484,-6573.56208493519
8.2703453375541,11.00216865140403,0.7390132873150883,50.20668930500484,-6573.56208493519
8.2703453375541,11.00216865140403,0.7390132873150883,50.20668930500484,-6573.56208493519
8.2703453375541,11.00216865140403,0.7390132873150883,50.20668930500484,-6573.56208493519
8.851030337541673,10.574703555429286,0.6663874426097534,49.98945580431543,-6572.466088444979
8.851030337541673,10.574703555429286,0.6663874426097534,49.98945580431543,-6572.466088444979
8.851030337541673,10.574703555429286,0.6663874426097534,49.98945580431543,-6572.466088444979
9.238225029006777,11.641806905457196,0.5629221361304934,50.75086173388369,-6572.433129110551
8.943091051180966,9.743771718720613,0.7428430455139338,50.26483355016913,-6571.860054394154
8.943091051180966,9.743771718720613,0.7428430455139338,50.26483355016913,-6571.860054394154
9.393895839558535,11.538790391844676,0.9288502788337729,51.022190391229046,-6575.2373230682515
9.062049894777141,11.672628180868506,0.8749287432281336,50.67843862556705,-6573.185988693685
9.062049894777141,11.672628180868506,0.8749287432281336,50.67843862556705,-6573.185988693685
8.744777832084948,11.130743072504494,0.9548959881302838,50.62583024288347,-6573.266933786243
8.744777832084948,11.130743072504494,0.9548959881302838,50.62583024288347,-6573.266933786243
8.744777832084948,11.130743072504494,0.9548959881302838,50.62583024288347,-6573.266933786243
8.744777832084948,11.130743072504494,0.9548959881302838,50.62583024288347,-6573.266933786243
8.744777832084948,11.130743072504494,0.9548959881302838,50.62583024288347,-6573.266933786243
8.744777832084948,11.130743072504494,0.9548959881302838,50.62583024288347,-6573.266933786243
8.744777832084948,11.130743072504494,0.9548959881302838,50.62583024288347,-6573.266933786243
8.563630291105715,11.328123958083202,0.9220769253102232,50.52060259890576,-6572.986599624794
8.563630291105715,11.328123958083202,0.9220769253102232,50.52060259890576,-6572.986599624794
8.563630291105715,11.328123958083202,0.9220769253102232,50.52060259890576,-6572.986599624794
8.563630291105715,11.328123958083202,0.9220769253102232,50.52060259890576,-6572.986599624794
8.563630291105715,11.328123958083202,0.9220769253102232,50.52060259890576,-6572.986599624794
8.563630291105715,11.328123958083202,0.9220769253102232,50.52060259890576,-6572.986599624794
9.159093565312231,9.829686542387943,0.8821264578753805,49.80034766923786,-6571.562836342371
9.19452061894127,8.603699887989109,0.9093328274315217,49.94281290243372,-6571.726993384796
9.19452061894127,8.603699887989109,0.9093328274315217,49.94281290243372,-6571.726993384796
9.19452061894127,8.603699887989109,0.9093328274315217,49.94281290243372,-6571.726993384796
9.335750667438973,8.075816069304185,0.9055503766974928,49.58879952765359,-6572.457254849941
9.335750667438973,8.075816069304185,0.9055503766974928,49.58879952765359,-6572.457254849941
9.335750667438973,8.075816069304185,0.9055503766974928,49.58879952765359,-6572.457254849941
9.335750667438973,8.075816069304185,0.9055503766974928,49.58879952765359,-6572.457254849941
9.335750667438973,8.075816069304185,0.9055503766974928,49.58879952765359,-6572.457254849941
9.543919145208585,9.218934204177284,0.8687356862395219,50.21483088395017,-6570.716459927669
9.543919145208585,9.218934204177284,0.8687356862395219,50.21483088395017,-6570.716459927669
9.543919145208585,9.218934204177284,0.8687356862395219,50.21483088395017,-6570.716459927669
10.776614542766183,7.388503735766327,0.7795194047017077,50.52114481485676,-6570.41207933542
10.776614542766183,7.388503735766327,0.7795194047017077,50.52114481485676,-6570.41207933542
10.776614542766183,7.388503735766327,0.7795194047017077,50.52114481485676,-6570.41207933542
10.776614542766183,7.388503735766327,0.7795194047017077,50.52114481485676,-6570.41207933542
10.776614542766183,7.388503735766327,0.7795194047017077,50.52114481485676,-6570.41207933542
10.919602594789495,6.055817153923074,0.8984105219168621,51.20614109974225,-6572.132886742369
11.219967795228706,5.992560635603989,0.8592313325387941,50.84023418380592,-6571.460020046425
11.219967795228706,5.992560635603989,0.8592313325387941,50.84023418380592,-6571.460020046425
11.219967795228706,5.992560635603989,0.8592313325387941,50.84023418380592,-6571.460020046425
11.219967795228706,5.992560635603989,0.8592313325387941,50.84023418380592,-6571.460020046425
11.219967795228706,5.992560635603989,0.8592313325387941,50.84023418380592,-6571.460020046425
11.219967795228706,5.992560635603989,0.8592313325387941,50.84023418380592,-6571.460020046425
11.219967795228706,5.992560635603989,0.8592313325387941,50.84023418380592,-6571.460020046425
11.219967795228706,5.992560635603989,0.8592313325387941,50.84023418380592,-6571.460020046425
11.219967795228706,5.992560635603989,0.8592313325387941,50.84023418380592,-6571.460020046425
11.219967795228706,5.992560635603989,0.8592313325387941,50.84023418380592,-6571.460020046425
11.219967795228706,5.992560635603989,0.8592313325387941,50.84023418380592,-6571.460020046425
11.150375106977382,7.3577082434860674,0.8607026031682469,50.7983880424535,-6572.008600584119
11.150375106977382,7.3577082434860674,0.8607026031682469,50.7983880424535,-6572.008600584119
11.150375106977382,7.3577082434860674,0.8607026031682469,50.7983880424535,-6572.008600584119
11.150375106977382,7.3577082434860674,0.8607026031682469,50.7983880424535,-6572.008600584119
10.588023446690972,7.634871315754069,0.8048213285587394,51.2238754908083,-6571.371724520683
10.588023446690972,7.634871315754069,0.8048213285587394,51.2238754908083,-6571.371724520683
10.588023446690972,7.634871315754069,0.8048213285587394,51.2238754908083,-6571.371724520683
10.588023446690972,7.634871315754069,0.8048213285587394,51.2238754908083,-6571.371724520683
10.339799320842847,7.523367404957493,0.739658260368635,50.53792014593998,-6570.575705054413
10.339799320842847,7.523367404957493,0.739658260368635,50.53792014593998,-6570.575705054413
10.669259736913535,7.823791223056913,0.6875875003800159,50.19578957445235,-6570.580871832216
10.669259736913535,7.823791223056913,0.6875875003800159,50.19578957445235,-6570.580871832216
10.669259736913535,7.823791223056913,0.6875875003800159,50.19578957445235,-6570.580871832216
10.669259736913535,7.823791223056913,0.6875875003800159,50.19578957445235,-6570.580871832216
10.669259736913535,7.823791223056913,0.6875875003800159,50.19578957445235,-6570.580871832216
10.669259736913535,7.823791223056913,0.6875875003800159,50.19578957445235,-6570.580871832216
10.669259736913535,7.823791223056913,0.6875875003800159,50.19578957445235,-6570.580871832216
10.669259736913535,7.823791223056913,0.6875875003800159,50.19578957445235,-6570.580871832216
10.669259736913535,7.823791223056913,0.6875875003800159,50.19578957445235,-6570.580871832216
10.254666626565335,8.446086369762876,0.7396310840806855,50.54629252228115,-6570.180607544216
10.254666626565335,8.446086369762876,0.7396310840806855,50.54629252228115,-6570.180607544216
10.254666626565335,8.446086369762876,0.7396310840806855,50.54629252228115,-6570.180607544216
10.254666626565335,8.446086369762876,0.7396310840806855,50.54629252228115,-6570.180607544216
10.254666626565335,8.446086369762876,0.7396310840806855,50.54629252228115,-6570.180607544216
10.254666626565335,8.446086369762876,0.7396310840806855,50.54629252228115,-6570.180607544216
10.254666626565335,8.446086369762876,0.7396310840806855,50.54629252228115,-6570.180607544216
10.254666626565335,8.446086369762876,0.7396310840806855,50.54629252228115,-6570.180607544216
10.257430752439516,9.578404490249998,0.6079178965760375,50.83879265583343,-6571.126363159223
10.257430752439516,9.578404490249998,0.6079178965760375,50.83879265583343,-6571.126363159223
10.257430752439516,9.578404490249998,0.6079178965760375,50.83879265583343,-6571.126363159223
10.065998646732487,9.198590213008336,0.6655292181902518,51.22720155636839,-6571.4981558722575
10.678701993162017,7.628892021526316,0.760133369478652,51.26359217521497,-6571.408053425466
10.678701993162017,7.628892021526316,0.760133369478652,51.26359217521497,-6571.408053425466
10.062665173724628,9.697798830680423,0.7667397399931869,50.05387656494182,-6570.863030290406
9.491967216172554,10.129061186975228,0.6761209871456334,50.32471465431594,-6570.730673245545
9.573215519115548,10.968653708537804,0.7545687241812093,50.37161452242748,-6571.322817792574
9.573215519115548,10.968653708537804,0.7545687241812093,50.37161452242748,-6571.322817792574
9.119648847711158,9.953147571189405,0.6400717985865143,50.15892022785261,-6572.456894408901
9.119648847711158,9.953147571189405,0.6400717985865143,50.15892022785261,-6572.456894408901
9.115123333371534,10.841992953116476,0.7595179461181288,50.99837229711555,-6571.755913829956
9.115123333371534,10.841992953116476,0.7595179461181288,50.99837229711555,-6571.755913829956
9.837903042966872,11.436197303598163,0.7368412735686415,51.44264416208938,-6574.13755113687
9.837903042966872,11.436197303598163,0.7368412735686415,51.44264416208938,-6574.13755113687
9.837903042966872,11.436197303598163,0.7368412735686415,51.44264416208938,-6574.13755113687
9.901611408309392,10.484209852906172,0.8623959100508288,51.46318872930127,-6574.495946661913
9.901611408309392,10.484209852906172,0.8623959100508288,51.46318872930127,-6574.495946661913
8.909198255042956,11.01145945254942,0.891697118200294,51.23105243532122,-6573.541330021795
8.909198255042956,11.01145945254942,0.891697118200294,51.23105243532122,-6573.541330021795
9.405368394620032,10.056268590806873,0.7951358457866294,50.67616270264763,-6570.841461231264
9.20984246313141,9.766599389002224,0.8794259138831758,50.30604982149302,-6571.110674337342
9.20984246313141,9.766599389002224,0.8794259138831758,50.30604982149302,-6571.110674337342
9.20984246313141,9.766599389002224,0.8794259138831758,50.30604982149302,-6571.110674337342
8.886943278222628,10.139144861611188,0.765895033992624,50.917718345406186,-6572.134797624449
8.886943278222628,10.139144861611188,0.765895033992624,50.917718345406186,-6572.134797624449
8.886943278222628,10.139144861611188,0.765895033992624,50.917718345406186,-6572.134797624449
9.7677612492936,10.21064933480501,0.7132922051694841,50.93508165032019,-6571.052099495086
9.7677612492936,10.21064933480501,0.7132922051694841,50.93508165032019,-6571.052099495086
9.7677612492936,10.21064933480501,0.7132922051694841,50.93508165032019,-6571.052099495086
9.682054581816244,9.730496181490926,0.76461889754629,51.175125079650876,-6571.434370348976
9.682054581816244,9.730496181490926,0.76461889754629,51.175125079650876,-6571.434370348976
9.682054581816244,9.730496181490926,0.76461889754629,51.175125079650876,-6571.434370348976
9.682054581816244,9.730496181490926,0.76461889754629,51.175125079650876,-6571.434370348976
10.090364121361493,9.33001710658268,0.7902377899137851,50.79577512078639,-6570.850397049058
10.090364121361493,9.33001710658268,0.7902377899137851,50.79577512078639,-6570.850397049058
10.090364121361493,9.33001710658268,0.7902377899137851,50.79577512078639,-6570.850397049058
10.090364121361493,9.33001710658268,0.7902377899137851,50.79577512078639,-6570.850397049058
10.030359304723179,9.195811911196072,0.6055985149097235,50.730860473146905,-6571.354831972603
10.030359304723179,9.195811911196072,0.6055985149097235,50.730860473146905,-6571.354831972603
10.030359304723179,9.195811911196072,0.6055985149097235,50.730860473146905,-6571.354831972603
10.030359304723179,9.195811911196072,0.6055985149097235,50.730860473146905,-6571.354831972603
9.659634575407765,10.418027227472773,0.7239364999276435,49.70712289406082,-6571.327227936883
10.231404206033783,8.447212186169555,0.9130503419941703,50.55613861631937,-6571.324749797227
10.590745271324646,8.027863213171857,0.7690752487511967,50.54973518076427,-6570.3370831068805
10.590745271324646,8.027863213171857,0.7690752487511967,50.54973518076427,-6570.3370831068805
10.590745271324646,8.027863213171857,0.7690752487511967,50.54973518076427,-6570.3370831068805
10.590745271324646,8.027863213171857,0.7690752487511967,50.54973518076427,-6570.3370831068805
10.590745271324646,8.027863213171857,0.7690752487511967,50.54973518076427,-6570.3370831068805
10.590745271324646,8.027863213171857,0.7690752487511967,50.54973518076427,-6570.3370831068805
10.590745271324646,8.027863213171857,0.7690752487511967,50.54973518076427,-6570.3370831068805
10.590745271324646,8.027863213171857,0.7690752487511967,50.54973518076427,-6570.3370831068805
10.553187903516774,8.094846874971951,0.7771727411147766,50.53408955922006,-6570.340861419074
10.553187903516774,8.094846874971951,0.7771727411147766,50.53408955922006,-6570.340861419074
10.249677054827918,7.7668229081530775,0.754413940784623,50.572238072328545,-6570.4090667239925
10.249677054827918,7.7668229081530775,0.754413940784623,50.572238072328545,-6570.4090667239925
10.249677054827918,7.7668229081530775,0.754413940784623,50.572238072328545,-6570.4090667239925
10.249677054827918,7.7668229081530775,0.754413940784623,50.572238072328545,-6570.4090667239925
10.249677054827918,7.7668229081530775,0.754413940784623,50.572238072328545,-6570.4090667239925
11.245215486056287,7.780182260587841,0.6508585221224515,49.523415322613815,-6572.577099817268
11.245215486056287,7.780182260587841,0.6508585221224515,49.523415322613815,-6572.577099817268
11.245215486056287,7.780182260587841,0.6508585221224515,49.523415322613815,-6572.577099817268
11.245215486056287,7.780182260587841,0.6508585221224515,49.523415322613815,-6572.577099817268
11.245215486056287,7.780182260587841,0.6508585221224515,49.523415322613815,-6572.577099817268
11.245215486056287,7.780182260587841,0.6508585221224515,49.523415322613815,-6572.577099817268
11.245215486056287,7.780182260587841,0.6508585221224515,49.523415322613815,-6572.577099817268
11.245215486056287,7.780182260587841,0.6508585221224515,49.523415322613815,-6572.577099817268
11.245215486056287,7.780182260587841,0.6508585221224515,49.523415322613815,-6572.577099817268
11.512317949204247,7.724910689710397,0.7370762443982055,49.86687769017004,-6572.668404174653
12.05060085231385,7.406277890101961,0.632316684597245,50.37504854786734,-6573.254096238406
12.05060085231385,7.406277890101961,0.632316684597245,50.37504854786734,-6573.254096238406
11.225196000276226,9.599922553166026,0.6458758775479535,50.15723709902954,-6573.391759007585
10.710421990754323,11.00549818222594,0.5888192310358693,50.918994243243986,-6573.633570349469
10.710421990754323,11.00549818222594,0.5888192310358693,50.918994243243986,-6573.633570349469
10.710421990754323,11.00549818222594,0.5888192310358693,50.918994243243986,-6573.633570349469
10.710421990754323,11.00549818222594,0.5888192310358693,50.918994243243986,-6573.633570349469
10.796208563076394,11.500921327397602,0.4375952924479558,51.17030704637732,-6575.351718874064
9.893569388480842,11.038389347884621,0.5634286302375591,50.73767518978019,-6571.821075890799
9.893569388480842,11.038389347884621,0.5634286302375591,50.73767518978019,-6571.821075890799
9.893569388480842,11.038389347884621,0.5634286302375591,50.73767518978019,-6571.821075890799
10.065216426588668,9.78696899478082,0.5901060734879308,50.543933883459175,-6571.140724186131
10.065216426588668,9.78696899478082,0.5901060734879308,50.543933883459175,-6571.140724186131
10.065216426588668,9.78696899478082,0.5901060734879308,50.543933883459175,-6571.140724186131
10.266965028880039,9.849470144142742,0.5885861477683829,50.536353305624324,-6571.132575996313
10.266965028880039,9.849470144142742,0.5885861477683829,50.536353305624324,-6571.132575996313
10.266965028880039,9.849470144142742,0.5885861477683829,50.536353305624324,-6571.132575996313
10.266965028880039,9.849470144142742,0.5885861477683829,50.536353305624324,-6571.132575996313
9.495268350013067,9.666869323927079,0.7257057916690937,50.649032231472056,-6570.674797102358
9.495268350013067,9.666869323927079,0.7257057916690937,50.649032231472056,-6570.674797102358
9.495268350013067,9.666869323927079,0.7257057916690937,50.649032231472056,-6570.674797102358
9.495268350013067,9.666869323927079,0.7257057916690937,50.649032231472056,-6570.674797102358
9.59908103256335,8.292682986884003,0.7603086121674263,51.32090585258366,-6572.732152856429
9.59908103256335,8.292682986884003,0.7603086121674263,51.32090585258366,-6572.732152856429
9.59908103256335,8.292682986884003,0.7603086121674263,51.32090585258366,-6572.732152856429
9.59908103256335,8.292682986884003,0.7603086121674263,51.32090585258366,-6572.732152856429
9.59908103256335,8.292682986884003,0.7603086121674263,51.32090585258366,-6572.732152856429
9.59908103256335,8.292682986884003,0.7603086121674263,51.32090585258366,-6572.732152856429
9.59908103256335,8.292682986884003,0.7603086121674263,51.32090585258366,-6572.732152856429
9.886747668305391,8.494630518126954,0.9847469733237072,50.84460695447706,-6572.158139091536
9.886747668305391,8.494630518126954,0.9847469733237072,50.84460695447706,-6572.158139091536
9.886747668305391,8.494630518126954,0.9847469733237072,50.84460695447706,-6572.158139091536
9.886747668305391,8.494630518126954,0.9847469733237072,50.84460695447706,-6572.158139091536
9.886747668305391,8.494630518126954,0.9847469733237072,50.84460695447706,-6572.158139091536
9.692215818529835,7.73001983929735,0.9772355453914009,50.4715431696038,-6571.452226285011
9.692215818529835,7.73001983929735,0.9772355453914009,50.4715431696038,-6571.452226285011
9.692215818529835,7.73001983929735,0.9772355453914009,50.4715431696038,-6571.452226285011
9.692215818529835,7.73001983929735,0.9772355453914009,50.4715431696038,-6571.452226285011
9.692215818529835,7.73001983929735,0.9772355453914009,50.4715431696038,-6571.452226285011
9.692215818529835,7.73001983929735,0.9772355453914009,50.4715431696038,-6571.452226285011
9.692215818529835,7.73001983929735,0.9772355453914009,50.4715431696038,-6571.452226285011
10.323585587699272,8.20302766659748,0.9543286984639296,50.37586618777894,-6571.7823110951085
10.181591594592161,6.099454442459924,1.0910899604209754,50.29545761498567,-6572.788745376712
10.181591594592161,6.099454442459924,1.0910899604209754,50.29545761498567,-6572.788745376712
10.361626325998389,7.574261295948542,1.004889105280712,50.72375666616435,-6572.228288799022
10.34949348732246,5.368193707681417,0.9159017921476714,50.34843530092528,-6573.009936274264
10.364326702479856,6.976980077348114,0.9998755621276384,49.90937954142648,-6571.858309836506
10.364326702479856,6.976980077348114,0.9998755621276384,49.90937954142648,-6571.858309836506
10.364326702479856,6.976980077348114,0.9998755621276384,49.90937954142648,-6571.858309836506
10.364326702479856,6.976980077348114,0.9998755621276384,49.90937954142648,-6571.858309836506
10.790033728909341,5.168634233035341,1.0421466927844,50.10966480934168,-6572.7485102230585
10.790033728909341,5.168634233035341,1.0421466927844,50.10966480934168,-6572.7485102230585
10.790033728909341,5.168634233035341,1.0421466927844,50.10966480934168,-6572.7485102230585
10.790033728909341,5.168634233035341,1.0421466927844,50.10966480934168,-6572.7485102230585
10.790033728909341,5.168634233035341,1.0421466927844,50.10966480934168,-6572.7485102230585
10.66425119958033,5.844809310076508,0.9962875283560194,49.200982018760904,-6573.852096035171
10.806183046658568,3.7960476510301997,0.8943248209144457,49.20047757000449,-6578.847152610675
10.806183046658568,3.7960476510301997,0.8943248209144457,49.20047757000449,-6578.847152610675
10.973223603808922,2.91640938615625,1.0880418934016254,49.56725814556113,-6578.353384101185
10.973223603808922,2.91640938615625,1.0880418934016254,49.56725814556113,-6578.353384101185
10.973223603808922,2.91640938615625,1.0880418934016254,49.56725814556113,-6578.353384101185
10.973223603808922,2.91640938615625,1.0880418934016254,49.56725814556113,-6578.353384101185
10.973223603808922,2.91640938615625,1.0880418934016254,49.56725814556113,-6578.353384101185
10.973223603808922,2.91640938615625,1.0880418934016254,49.56725814556113,-6578.353384101185
10.973223603808922,2.91640938615625,1.0880418934016254,49.56725814556113,-6578.353384101185
10.018213836398496,4.168018471123984,1.01080941324661,50.305361470734994,-6578.3682009681725
11.085360886729175,4.175441937383497,0.8638910807761444,50.896865887473076,-6574.464095137775
10.83774342153303,5.626240611940469,0.7503204151388048,51.1076041159423,-6573.257348973694
10.561246199420502,6.544345060104297,0.6504846107340004,50.70940234982058,-6573.407089226004
10.561246199420502,6.544345060104297,0.6504846107340004,50.70940234982058,-6573.407089226004
10.561246199420502,6.544345060104297,0.6504846107340004,50.70940234982058,-6573.407089226004
12.121634182564774,5.4300761183008674,0.8981733206182783,50.3226840780921,-6573.69993122714
12.121634182564774,5.4300761183008674,0.8981733206182783,50.3226840780921,-6573.69993122714
12.121634182564774,5.4300761183008674,0.8981733206182783,50.3226840780921,-6573.69993122714
12.121634182564774,5.4300761183008674,0.8981733206182783,50.3226840780921,-6573.69993122714
12.121634182564774,5.4300761183008674,0.8981733206182783,50.3226840780921,-6573.69993122714
12.121634182564774,5.4300761183008674,0.8981733206182783,50.3226840780921,-6573.69993122714
12.121634182564774,5.4300761183008674,0.8981733206182783,50.3226840780921,-6573.69993122714
12.121634182564774,5.4300761183008674,0.8981733206182783,50.3226840780921,-6573.69993122714
12.055054901044535,5.244207139297911,0.7934500940173951,50.35720358517537,-6572.447615442607
12.039802891753185,7.063060797279877,0.6839710097698539,50.86715364266148,-6573.145471810964
11.087144673641994,9.653724223463014,0.6357179222000197,51.397358592984766,-6573.808307148092
11.087144673641994,9.653724223463014,0.6357179222000197,51.397358592984766,-6573.808307148092
11.01963754982264,8.616498581158108,0.6842807799553329,51.76264054953709,-6573.708998900032
10.198643917975282,8.069163492213812,0.7951586212712688,51.92562599765415,-6573.908910729906
9.478625854751124,9.423508055540655,0.7265743038395898,51.52640571713579,-6572.90448176368
9.478625854751124,9.423508055540655,0.7265743038395898,51.52640571713579,-6572.90448176368
9.478625854751124,9.423508055540655,0.7265743038395898,51.52640571713579,-6572.90448176368
9.478625854751124,9.423508055540655,0.7265743038395898,51.52640571713579,-6572.90448176368
9.478625854751124,9.423508055540655,0.7265743038395898,51.52640571713579,-6572.90448176368
9.478625854751124,9.423508055540655,0.7265743038395898,51.52640571713579,-6572.90448176368
9.735983452922644,10.267880644530273,0.6507306838812835,50.733053903446944,-6570.886141728479
9.735983452922644,10.267880644530273,0.6507306838812835,50.733053903446944,-6570.886141728479
9.735983452922644,10.267880644530273,0.6507306838812835,50.733053903446944,-6570.886141728479
9.735983452922644,10.267880644530273,0.6507306838812835,50.733053903446944,-6570.886141728479
9.735983452922644,10.267880644530273,0.6507306838812835,50.733053903446944,-6570.886141728479
9.735983452922644,10.267880644530273,0.6507306838812835,50.733053903446944,-6570.886141728479
9.620524312343896,11.631289855925052,0.6921520563115524,50.75074937018324,-6572.086207230654
9.620524312343896,11.631289855925052,0.6921520563115524,50.75074937018324,-6572.086207230654
9.620524312343896,11.631289855925052,0.6921520563115524,50.75074937018324,-6572.086207230654
9.620524312343896,11.631289855925052,0.6921520563115524,50.75074937018324,-6572.086207230654
10.247324226347052,10.533667491718056,0.6252267405058517,50.61166030786685,-6571.452770574483
10.247324226347052,10.533667491718056,0.6252267405058517,50.61166030786685,-6571.452770574483
10.387047125609163,7.972607503627554,0.7680924297613153,50.970703572568304,-6570.686445116678
10.387047125609163,7.972607503627554,0.7680924297613153,50.970703572568304,-6570.686445116678
10.148948601319175,9.808774838614816,0.8158990528708621,50.5895045685283,-6571.633557833061
10.148948601319175,9.808774838614816,0.8158990528708621,50.5895045685283,-6571.633557833061
9.809709686729658,10.089763462494835,0.7470806676045483,50.037334798767944,-6570.779288492823
9.809709686729658,10.089763462494835,0.7470806676045483,50.037334798767944,-6570.779288492823
9.809709686729658,10.089763462494835,0.7470806676045483,50.037334798767944,-6570.779288492823
10.484847358587631,9.868582441606124,0.7281651847116891,50.728428752477626,-6571.79664252151
10.484847358587631,9.868582441606124,0.7281651847116891,50.728428752477626,-6571.79664252151
9.933154398164621,9.029863427498382,0.7906980879298927,50.73232545584615,-6570.457559174447
9.25799537104387,9.59937731239017,0.7422312269891554,50.26243326240049,-6570.958754252352
9.25799537104387,9.59937731239017,0.7422312269891554,50.26243326240049,-6570.958754252352
9.25799537104387,9.59937731239017,0.7422312269891554,50.26243326240049,-6570.958754252352
9.25799537104387,9.59937731239017,0.7422312269891554,50.26243326240049,-6570.958754252352
9.25799537104387,9.59937731239017,0.7422312269891554,50.26243326240049,-6570.958754252352
9.25799537104387,9.59937731239017,0.7422312269891554,50.26243326240049,-6570.958754252352
9.25799537104387,9.59937731239017,0.7422312269891554,50.26243326240049,-6570.958754252352
9.54326031702308,11.353313740656265,0.699062489660424,49.93766803876693,-6571.687544877248
9.54326031702308,11.353313740656265,0.699062489660424,49.93766803876693,-6571.687544877248
9.54326031702308,11.353313740656265,0.699062489660424,49.93766803876693,-6571.687544877248
9.54326031702308,11.353313740656265,0.699062489660424,49.93766803876693,-6571.687544877248
9.54326031702308,11.353313740656265,0.699062489660424,49.93766803876693,-6571.687544877248
9.480262863885667,9.247138314049309,0.8091220138535588,50.131516138636485,-6570.56070444342
9.237175636920796,9.707897480102679,0.7366948605390088,50.30639480068952,-6570.97009543202
9.237175636920796,9.707897480102679,0.7366948605390088,50.30639480068952,-6570.97009543202
9.42919922483749,10.627124700494058,0.6129453417669573,50.570973483154724,-6571.407436846702
9.42919922483749,10.627124700494058,0.6129453417669573,50.570973483154724,-6571.407436846702
10.14502006416399,12.854991629185825,0.6182589190307028,50.655421476911336,-6575.525656661485
9.7373902706657,12.917258315660229,0.6452917752259864,51.378398569788594,-6575.563121472174
8.360522815033809,14.864397735651817,0.6408449754074449,50.39901693198604,-6575.216113670332
8.288918942905415,14.473044700513451,0.6696098939712032,51.107004170083194,-6575.614181571099
8.253451569835542,11.597224238956036,0.7279931979201667,50.82031034042915,-6573.666144252285
8.253451569835542,11.597224238956036,0.7279931979201667,50.82031034042915,-6573.666144252285
8.253451569835542,11.597224238956036,0.7279931979201667,50.82031034042915,-6573.666144252285
8.253451569835542,11.597224238956036,0.7279931979201667,50.82031034042915,-6573.666144252285
8.253451569835542,11.597224238956036,0.7279931979201667,50.82031034042915,-6573.666144252285
8.253451569835542,11.597224238956036,0.7279931979201667,50.82031034042915,-6573.666144252285
8.253451569835542,11.597224238956036,0.7279931979201667,50.82031034042915,-6573.666144252285
8.804294065820077,11.427663295910842,0.6277103990447248,50.65799755976451,-6572.510805964781
9.116685787962371,11.736816068966494,0.6975789586959599,49.96411094211385,-6571.736571197943
9.116685787962371,11.736816068966494,0.6975789586959599,49.96411094211385,-6571.736571197943
9.116685787962371,11.736816068966494,0.6975789586959599,49.96411094211385,-6571.736571197943
9.116685787962371,11.736816068966494,0.6975789586959599,49.96411094211385,-6571.736571197943
9.116685787962371,11.736816068966494,0.6975789586959599,49.96411094211385,-6571.736571197943
8.223393332556887,12.86715029157041,0.9047068875136242,49.462564346176926,-6575.458586148159
8.807525196113996,11.475208299064224,0.9095716885391174,49.581068134613425,-6573.576620392124
8.807525196113996,11.475208299064224,0.9095716885391174,49.581068134613425,-6573.576620392124
8.807525196113996,11.475208299064224,0.9095716885391174,49.581068134613425,-6573.576620392124
8.807525196113996,11.475208299064224,0.9095716885391174,49.581068134613425,-6573.576620392124
9.231783030397233,11.284045313934758,0.787798696037227,48.8833013174515,-6574.689272811242
9.231783030397233,11.284045313934758,0.787798696037227,48.8833013174515,-6574.689272811242
9.231783030397233,11.284045313934758,0.787798696037227,48.8833013174515,-6574.689272811242
8.41043497799075,10.81820314430977,0.8908300879788681,49.73269820310049,-6573.135763903285
8.617936340407805,10.74547361583541,0.9887711803446313,49.98140651320891,-6573.297342626807
8.824534459814256,10.34615889008014,0.9620897059132294,50.30106330082314,-6572.443479483078
8.276317815021937,9.888074514358447,1.0135119780713056,49.973055264298054,-6574.2872059943
8.276317815021937,9.888074514358447,1.0135119780713056,49.973055264298054,-6574.2872059943
9.202647765236923,9.940980279633791,1.05522781721904,50.662713233684876,-6573.826436266958
9.119311473016191,10.197102962376213,1.0279006886029758,50.34879698184856,-6573.341888503049
9.119311473016191,10.197102962376213,1.0279006886029758,50.34879698184856,-6573.341888503049
8.523458926141542,9.071998111264675,1.0092969361134612,50.14041611929397,-6573.829640433091
8.523458926141542,9.071998111264675,1.0092969361134612,50.14041611929397,-6573.829640433091
8.523458926141542,9.071998111264675,1.0092969361134612,50.14041611929397,-6573.829640433091
8.422243236029136,9.89394574873728,0.931664688007537,49.688718929110294,-6573.733361949044
8.886855412776697,8.76010664295611,0.8725866829836183,50.08900596871583,-6572.590425373597
9.318357555712955,9.308157020867423,0.7862001689963262,50.645501008822414,-6570.948218537658
9.057507068366016,8.363108102210873,0.9543815098500333,51.40171686052074,-6574.328055748996
10.563993055802047,6.2952622478843825,0.9969868674530601,51.044479242633464,-6572.390113418252
10.563993055802047,6.2952622478843825,0.9969868674530601,51.044479242633464,-6572.390113418252
10.563993055802047,6.2952622478843825,0.9969868674530601,51.044479242633464,-6572.390113418252
10.563993055802047,6.2952622478843825,0.9969868674530601,51.044479242633464,-6572.390113418252
10.563993055802047,6.2952622478843825,0.9969868674530601,51.044479242633464,-6572.390113418252
10.563993055802047,6.2952622478843825,0.9969868674530601,51.044479242633464,-6572.390113418252
10.563993055802047,6.2952622478843825,0.9969868674530601,51.044479242633464,-6572.390113418252
10.563993055802047,6.2952622478843825,0.9969868674530601,51.044479242633464,-6572.390113418252
10.563993055802047,6.2952622478843825,0.9969868674530601,51.044479242633464,-6572.390113418252
10.563993055802047,6.2952622478843825,0.9969868674530601,51.044479242633464,-6572.390113418252
10.563993055802047,6.2952622478843825,0.9969868674530601,51.044479242633464,-6572.390113418252
10.563993055802047,6.2952622478843825,0.9969868674530601,51.044479242633464,-6572.390113418252
10.563993055802047,6.2952622478843825,0.9969868674530601,51.044479242633464,-6572.390113418252
10.563993055802047,6.2952622478843825,0.9969868674530601,51.044479242633464,-6572.390113418252
9.707797544731683,7.302644753974197,1.0175833262199228,51.102998798859545,-6572.910235941792
10.451752195690199,8.773655441855796,0.9312545459572088,51.418355576473346,-6574.215826343358
10.451752195690199,8.773655441855796,0.9312545459572088,51.418355576473346,-6574.215826343358
10.451752195690199,8.773655441855796,0.9312545459572088,51.418355576473346,-6574.215826343358
10.451752195690199,8.773655441855796,0.9312545459572088,51.418355576473346,-6574.215826343358
10.397843074726186,8.304924914147863,0.8533609069326018,51.9014156155522,-6574.217940912283
10.373833867153479,8.81137037030189,0.7197317297771807,50.218980925267886,-6570.331902327111
10.373833867153479,8.81137037030189,0.7197317297771807,50.218980925267886,-6570.331902327111
10.373833867153479,8.81137037030189,0.7197317297771807,50.218980925267886,-6570.331902327111
9.553217899573289,9.60888808444752,0.8396971224290806,50.07592893724422,-6570.76124891457
9.553217899573289,9.60888808444752,0.8396971224290806,50.07592893724422,-6570.76124891457
9.553217899573289,9.60888808444752,0.8396971224290806,50.07592893724422,-6570.76124891457
9.553217899573289,9.60888808444752,0.8396971224290806,50.07592893724422,-6570.76124891457
9.844527817911187,8.677412392580809,0.8434200580298297,50.74176800299867,-6570.623980025162
9.844527817911187,8.677412392580809,0.8434200580298297,50.74176800299867,-6570.623980025162
10.022079702625135,7.330058830273215,0.9537376940510525,50.16572970363648,-6571.121775855843
10.203617087279136,7.264042291594886,0.749049660618825,50.30389600068043,-6571.059455441619
10.420695001613772,9.4102312889881,0.5488589090954377,49.9524076360035,-6572.138771408065
10.420695001613772,9.4102312889881,0.5488589090954377,49.9524076360035,-6572.138771408065
8.898309388260596,12.35415494142665,0.6884130491970177,49.472568370103446,-6573.238113671858
8.898309388260596,12.35415494142665,0.6884130491970177,49.472568370103446,-6573.238113671858
8.898309388260596,12.35415494142665,0.6884130491970177,49.472568370103446,-6573.238113671858
8.898309388260596,12.35415494142665,0.6884130491970177,49.472568370103446,-6573.238113671858
8.898309388260596,12.35415494142665,0.6884130491970177,49.472568370103446,-6573.238113671858
8.898309388260596,12.35415494142665,0.6884130491970177,49.472568370103446,-6573.238113671858
8.898309388260596,12.35415494142665,0.6884130491970177,49.472568370103446,-6573.238113671858
8.898309388260596,12.35415494142665,0.6884130491970177,49.472568370103446,-6573.238113671858
8.898309388260596,12.35415494142665,0.6884130491970177,49.472568370103446,-6573.238113671858
8.898309388260596,12.35415494142665,0.6884130491970177,49.472568370103446,-6573.238113671858
8.898309388260596,12.35415494142665,0.6884130491970177,49.472568370103446,-6573.238113671858
8.898309388260596,12.35415494142665,0.6884130491970177,49.472568370103446,-6573.238113671858
9.133107193155363,10.601739187407885,0.6332625632923379,49.90917388687446,-6572.101508583915
9.799926925660786,11.78557765027188,0.4972880400847491,50.350193163155794,-6572.945203636622
9.799926925660786,11.78557765027188,0.4972880400847491,50.350193163155794,-6572.945203636622
9.799926925660786,11.78557765027188,0.4972880400847491,50.350193163155794,-6572.945203636622
9.799926925660786,11.78557765027188,0.4972880400847491,50.350193163155794,-6572.945203636622
9.799926925660786,11.78557765027188,0.4972880400847491,50.350193163155794,-6572.945203636622
9.799926925660786,11.78557765027188,0.4972880400847491,50.350193163155794,-6572.945203636622
9.799926925660786,11.78557765027188,0.4972880400847491,50.350193163155794,-6572.945203636622
9.799926925660786,11.78557765027188,0.4972880400847491,50.350193163155794,-6572.945203636622
9.799926925660786,11.78557765027188,0.4972880400847491,50.350193163155794,-6572.945203636622
9.797409250401651,11.071243062303695,0.7616868200768845,51.04450547214702,-6572.694851581197
9.797409250401651,11.071243062303695,0.7616868200768845,51.04450547214702,-6572.694851581197
9.797409250401651,11.071243062303695,0.7616868200768845,51.04450547214702,-6572.694851581197
9.66597934670434,9.6580075672033,0.7289860668956594,50.598772546375855,-6570.43646806785
9.66597934670434,9.6580075672033,0.7289860668956594,50.598772546375855,-6570.43646806785
8.914923170360355,9.893639170471706,0.8007220795326582,50.39232794546377,-6571.46199714186
9.882116274709722,8.80896537403801,0.8756757206759678,50.59595381860239,-6570.765012677593
9.882116274709722,8.80896537403801,0.8756757206759678,50.59595381860239,-6570.765012677593
9.882116274709722,8.80896537403801,0.8756757206759678,50.59595381860239,-6570.765012677593
9.882116274709722,8.80896537403801,0.8756757206759678,50.59595381860239,-6570.765012677593
9.882116274709722,8.80896537403801,0.8756757206759678,50.59595381860239,-6570.765012677593
9.882116274709722,8.80896537403801,0.8756757206759678,50.59595381860239,-6570.765012677593
9.584085668224134,9.688309768755056,0.8890835850572472,50.15292083074327,-6571.249476375199
9.584085668224134,9.688309768755056,0.8890835850572472,50.15292083074327,-6571.249476375199
9.584085668224134,9.688309768755056,0.8890835850572472,50.15292083074327,-6571.249476375199
9.584085668224134,9.688309768755056,0.8890835850572472,50.15292083074327,-6571.249476375199
9.584085668224134,9.688309768755056,0.8890835850572472,50.15292083074327,-6571.249476375199
9.584085668224134,9.688309768755056,0.8890835850572472,50.15292083074327,-6571.249476375199
9.584085668224134,9.688309768755056,0.8890835850572472,50.15292083074327,-6571.249476375199
9.148548318546275,9.857348182397441,0.957616775509088,50.63992192364623,-6572.155923606853
9.148548318546275,9.857348182397441,0.957616775509088,50.63992192364623,-6572.155923606853
9.726475117789724,8.09211642546045,0.8507644229300185,50.359037296410655,-6570.642209853396
9.726475117789724,8.09211642546045,0.8507644229300185,50.359037296410655,-6570.642209853396
9.726475117789724,8.09211642546045,0.8507644229300185,50.359037296410655,-6570.642209853396
9.726475117789724,8.09211642546045,0.8507644229300185,50.359037296410655,-6570.642209853396
9.726475117789724,8.09211642546045,0.8507644229300185,50.359037296410655,-6570.642209853396
9.726475117789724,8.09211642546045,0.8507644229300185,50.359037296410655,-6570.642209853396
9.726475117789724,8.09211642546045,0.8507644229300185,50.359037296410655,-6570.642209853396
9.726475117789724,8.09211642546045,0.8507644229300185,50.359037296410655,-6570.642209853396
9.726475117789724,8.09211642546045,0.8507644229300185,50.359037296410655,-6570.642209853396
9.726475117789724,8.09211642546045,0.8507644229300185,50.359037296410655,-6570.642209853396
9.726475117789724,8.09211642546045,0.8507644229300185,50.359037296410655,-6570.642209853396
9.726475117789724,8.09211642546045,0.8507644229300185,50.359037296410655,-6570.642209853396
9.726475117789724,8.09211642546045,0.8507644229300185,50.359037296410655,-6570.642209853396
9.865356403229201,9.550878643859221,0.8827343071503139,49.78860411385921,-6571.818232540696
9.865356403229201,9.550878643859221,0.8827343071503139,49.78860411385921,-6571.818232540696
9.865356403229201,9.550878643859221,0.8827343071503139,49.78860411385921,-6571.818232540696
9.865356403229201,9.550878643859221,0.8827343071503139,49.78860411385921,-6571.818232540696
9.937041706931968,9.299049877303453,0.6916206532289653,50.2519959932575,-6570.351316705137
9.937041706931968,9.299049877303453,0.6916206532289653,50.2519959932575,-6570.351316705137
9.937041706931968,9.299049877303453,0.6916206532289653,50.2519959932575,-6570.351316705137
9.937041706931968,9.299049877303453,0.6916206532289653,50.2519959932575,-6570.351316705137
9.708756161900636,10.569965387720309,0.6185679644522902,50.99509885258118,-6571.555613818497
10.578952619086706,8.376802963911345,0.7075947730072408,50.954891485382596,-6570.765129459294
10.609929655507795,7.994192235510265,0.7190746163243809,51.08502029715039,-6570.9747313294465
10.609929655507795,7.994192235510265,0.7190746163243809,51.08502029715039,-6570.9747313294465
10.609929655507795,7.994192235510265,0.7190746163243809,51.08502029715039,-6570.9747313294465
10.609929655507795,7.994192235510265,0.7190746163243809,51.08502029715039,-6570.9747313294465
11.635236026731066,5.3355282020148564,0.7892975679018523,50.69837128755396,-6571.838718449502
11.635236026731066,5.3355282020148564,0.7892975679018523,50.69837128755396,-6571.838718449502
11.635236026731066,5.3355282020148564,0.7892975679018523,50.69837128755396,-6571.838718449502
11.635236026731066,5.3355282020148564,0.7892975679018523,50.69837128755396,-6571.838718449502
11.635236026731066,5.3355282020148564,0.7892975679018523,50.69837128755396,-6571.838718449502
11.635236026731066,5.3355282020148564,0.7892975679018523,50.69837128755396,-6571.838718449502
10.614487111923086,5.122501557303669,0.8994590270874568,49.569390405495334,-6573.879213472996
11.354204668928375,9.729576546592376,0.6532435184109262,49.22950389725618,-6576.381494661573
10.978994985934806,9.245776384497068,0.5262003304291529,49.536876033049936,-6573.827827298274
10.978994985934806,9.245776384497068,0.5262003304291529,49.536876033049936,-6573.827827298274
10.978994985934806,9.245776384497068,0.5262003304291529,49.536876033049936,-6573.827827298274
10.978994985934806,9.245776384497068,0.5262003304291529,49.536876033049936,-6573.827827298274
10.978994985934806,9.245776384497068,0.5262003304291529,49.536876033049936,-6573.827827298274
10.978994985934806,9.245776384497068,0.5262003304291529,49.536876033049936,-6573.827827298274
9.524857165209037,11.18564021366053,0.5792199303896042,49.66072645100886,-6572.538515177534
10.03216181178886,9.956581528707067,0.5850736348622816,50.21338798208378,-6571.266057773086
10.03216181178886,9.956581528707067,0.5850736348622816,50.21338798208378,-6571.266057773086
10.03216181178886,9.956581528707067,0.5850736348622816,50.21338798208378,-6571.266057773086
10.03216181178886,9.956581528707067,0.5850736348622816,50.21338798208378,-6571.266057773086
10.03216181178886,9.956581528707067,0.5850736348622816,50.21338798208378,-6571.266057773086
10.5358465755244,8.839750806351422,0.7092959665452222,50.845448816883696,-6570.757825934989
10.5358465755244,8.839750806351422,0.7092959665452222,50.845448816883696,-6570.757825934989
10.5358465755244,8.839750806351422,0.7092959665452222,50.845448816883696,-6570.757825934989
10.5358465755244,8.839750806351422,0.7092959665452222,50.845448816883696,-6570.757825934989
10.5358465755244,8.839750806351422,0.7092959665452222,50.845448816883696,-6570.757825934989
10.5358465755244,8.839750806351422,0.7092959665452222,50.845448816883696,-6570.757825934989
10.832621233859221,9.634130564443485,0.747862968203459,50.71264508906737,-6572.87288849165
10.48214418460778,10.775178683541784,0.6212673240517775,51.035197468122,-6572.806103114458
10.48214418460778,10.775178683541784,0.6212673240517775,51.035197468122,-6572.806103114458
9.626021210317546,12.541741373448831,0.5824302063068973,51.003000531399394,-6573.364731201735
9.626021210317546,12.541741373448831,0.5824302063068973,51.003000531399394,-6573.364731201735
9.626021210317546,12.541741373448831,0.5824302063068973,51.003000531399394,-6573.364731201735
10.191231386663958,11.429752802117434,0.4875226860931016,51.14381134213915,-6573.656280394158
10.191231386663958,11.429752802117434,0.4875226860931016,51.14381134213915,-6573.656280394158
10.191231386663958,11.429752802117434,0.4875226860931016,51.14381134213915,-6573.656280394158
10.191231386663958,11.429752802117434,0.4875226860931016,51.14381134213915,-6573.656280394158
10.191231386663958,11.429752802117434,0.4875226860931016,51.14381134213915,-6573.656280394158
8.99353916285754,12.26957582525379,0.6713076163890275,51.11787173628596,-6572.890790874895
8.99353916285754,12.26957582525379,0.6713076163890275,51.11787173628596,-6572.890790874895
8.99353916285754,12.26957582525379,0.6713076163890275,51.11787173628596,-6572.890790874895
8.99353916285754,12.26957582525379,0.6713076163890275,51.11787173628596,-6572.890790874895
9.01010552813648,10.843934651103558,0.7189824276549321,51.25833656423701,-6572.591431473827
9.323209367251376,13.42684353715126,0.6267665230290843,51.054861831510294,-6574.574052744258
9.323209367251376,13.42684353715126,0.6267665230290843,51.054861831510294,-6574.574052744258
8.985091385632375,13.123283307503268,0.6198641367490486,51.1558904692418,-6573.843620293724
9.027508422370575,13.93483851475888,0.602085169061183,51.63024887180111,-6576.435725824572
9.027508422370575,13.93483851475888,0.602085169061183,51.63024887180111,-6576.435725824572
9.053634669420502,13.139153569763884,0.42093720020953596,51.129254727277214,-6576.566335182524
9.35286470388617,14.614567778930745,0.4250856585606044,50.29352334802246,-6576.661550601082
9.35286470388617,14.614567778930745,0.4250856585606044,50.29352334802246,-6576.661550601082
9.35286470388617,14.614567778930745,0.4250856585606044,50.29352334802246,-6576.661550601082
9.35286470388617,14.614567778930745,0.4250856585606044,50.29352334802246,-6576.661550601082
9.35286470388617,14.614567778930745,0.4250856585606044,50.29352334802246,-6576.661550601082
9.35286470388617,14.614567778930745,0.4250856585606044,50.29352334802246,-6576.661550601082
9.35286470388617,14.614567778930745,0.4250856585606044,50.29352334802246,-6576.661550601082
9.35286470388617,14.614567778930745,0.4250856585606044,50.29352334802246,-6576.661550601082
8.549378765224116,13.743132660028902,0.5386350849334914,50.234676443478634,-6574.300342301407
8.549378765224116,13.743132660028902,0.5386350849334914,50.234676443478634,-6574.300342301407
8.549378765224116,13.743132660028902,0.5386350849334914,50.234676443478634,-6574.300342301407
8.549378765224116,13.743132660028902,0.5386350849334914,50.234676443478634,-6574.300342301407
8.549378765224116,13.743132660028902,0.5386350849334914,50.234676443478634,-6574.300342301407
8.611725940255615,10.018094372234351,0.7169959932667869,49.890985407764894,-6573.735085270109
9.272696320389688,10.01498525432875,0.8433398887543625,50.179921690880114,-6570.952420113391
9.272696320389688,10.01498525432875,0.8433398887543625,50.179921690880114,-6570.952420113391
9.272696320389688,10.01498525432875,0.8433398887543625,50.179921690880114,-6570.952420113391
9.272696320389688,10.01498525432875,0.8433398887543625,50.179921690880114,-6570.952420113391
9.272696320389688,10.01498525432875,0.8433398887543625,50.179921690880114,-6570.952420113391
9.165065367869888,8.40607324028637,0.9016249837469185,50.06601485449098,-6571.890954907699
9.165065367869888,8.40607324028637,0.9016249837469185,50.06601485449098,-6571.890954907699
9.165065367869888,8.40607324028637,0.9016249837469185,50.06601485449098,-6571.890954907699
9.165065367869888,8.40607324028637,0.9016249837469185,50.06601485449098,-6571.890954907699
9.165065367869888,8.40607324028637,0.9016249837469185,50.06601485449098,-6571.890954907699
9.165065367869888,8.40607324028637,0.9016249837469185,50.06601485449098,-6571.890954907699
9.165065367869888,8.40607324028637,0.9016249837469185,50.06601485449098,-6571.890954907699
9.165065367869888,8.40607324028637,0.9016249837469185,50.06601485449098,-6571.890954907699
9.165065367869888,8.40607324028637,0.9016249837469185,50.06601485449098,-6571.890954907699
9.165065367869888,8.40607324028637,0.9016249837469185,50.06601485449098,-6571.890954907699
9.165065367869888,8.40607324028637,0.9016249837469185,50.06601485449098,-6571.890954907699
9.165065367869888,8.40607324028637,0.9016249837469185,50.06601485449098,-6571.890954907699
9.165065367869888,8.40607324028637,0.9016249837469185,50.06601485449098,-6571.890954907699
9.165065367869888,8.40607324028637,0.9016249837469185,50.06601485449098,-6571.890954907699
9.165065367869888,8.40607324028637,0.9016249837469185,50.06601485449098,-6571.890954907699
9.165065367869888,8.40607324028637,0.9016249837469185,50.06601485449098,-6571.890954907699
9.165065367869888,8.40607324028637,0.9016249837469185,50.06601485449098,-6571.890954907699
10.116138925917033,6.740591949833199,0.9325905352394607,49.59668229740255,-6572.112964121401
10.116138925917033,6.740591949833199,0.9325905352394607,49.59668229740255,-6572.112964121401
10.116138925917033,6.740591949833199,0.9325905352394607,49.59668229740255,-6572.112964121401
10.116138925917033,6.740591949833199,0.9325905352394607,49.59668229740255,-6572.112964121401
9.758191358226867,8.92863839941167,0.916932060765403,49.89368347547303,-6571.318225203297
9.103592120509045,8.943935303710138,0.8062176796864721,50.232666276332054,-6571.695220632173
9.103592120509045,8.943935303710138,0.8062176796864721,50.232666276332054,-6571.695220632173
9.103592120509045,8.943935303710138,0.8062176796864721,50.232666276332054,-6571.695220632173
10.445010674486921,5.796318125782346,0.867848839970461,50.33937740968151,-6572.010198993266
10.445010674486921,5.796318125782346,0.867848839970461,50.33937740968151,-6572.010198993266
10.445010674486921,5.796318125782346,0.867848839970461,50.33937740968151,-6572.010198993266
10.445010674486921,5.796318125782346,0.867848839970461,50.33937740968151,-6572.010198993266
10.445010674486921,5.796318125782346,0.867848839970461,50.33937740968151,-6572.010198993266
10.78122129824307,5.525385519998071,0.8737699611552541,50.025131033811704,-6571.924232507422
10.59610178105944,7.094263361015855,0.7272390384128021,50.825837129062506,-6571.018669583025
10.59610178105944,7.094263361015855,0.7272390384128021,50.825837129062506,-6571.018669583025
10.59610178105944,7.094263361015855,0.7272390384128021,50.825837129062506,-6571.018669583025
10.59610178105944,7.094263361015855,0.7272390384128021,50.825837129062506,-6571.018669583025
10.59610178105944,7.094263361015855,0.7272390384128021,50.825837129062506,-6571.018669583025
10.59610178105944,7.094263361015855,0.7272390384128021,50.825837129062506,-6571.018669583025
10.59610178105944,7.094263361015855,0.7272390384128021,50.825837129062506,-6571.018669583025
10.59610178105944,7.094263361015855,0.7272390384128021,50.825837129062506,-6571.018669583025
10.59610178105944,7.094263361015855,0.7272390384128021,50.825837129062506,-6571.018669583025
10.59610178105944,7.094263361015855,0.7272390384128021,50.825837129062506,-6571.018669583025
10.054904162157047,9.188136341884311,0.6994019090295801,50.841714425816804,-6570.571956677776
10.054904162157047,9.188136341884311,0.6994019090295801,50.841714425816804,-6570.571956677776
10.054904162157047,9.188136341884311,0.6994019090295801,50.841714425816804,-6570.571956677776
10.867650309300602,10.015739330966658,0.6293070682311518,51.01540503594253,-6572.823642499199
10.867650309300602,10.015739330966658,0.6293070682311518,51.01540503594253,-6572.823642499199
9.688413451242889,9.721906364647994,0.6581097896874428,50.89955064295183,-6571.147674688111
9.688413451242889,9.721906364647994,0.6581097896874428,50.89955064295183,-6571.147674688111
9.688413451242889,9.721906364647994,0.6581097896874428,50.89955064295183,-6571.147674688111
9.688413451242889,9.721906364647994,0.6581097896874428,50.89955064295183,-6571.147674688111
9.688413451242889,9.721906364647994,0.6581097896874428,50.89955064295183,-6571.147674688111
10.55197331196624,9.135606816583408,0.7290447530050683,50.32532064893688,-6570.866087662577
10.55197331196624,9.135606816583408,0.7290447530050683,50.32532064893688,-6570.866087662577
10.55197331196624,9.135606816583408,0.7290447530050683,50.32532064893688,-6570.866087662577
10.55197331196624,9.135606816583408,0.7290447530050683,50.32532064893688,-6570.866087662577
9.931267796896448,8.714756057296789,0.8398357812000408,49.72324822165256,-6570.950667832349
9.931267796896448,8.714756057296789,0.8398357812000408,49.72324822165256,-6570.950667832349
10.31618392034579,7.236561855631061,0.7351508911777213,49.84329487369126,-6571.4746042251245
10.31618392034579,7.236561855631061,0.7351508911777213,49.84329487369126,-6571.4746042251245
10.31618392034579,7.236561855631061,0.7351508911777213,49.84329487369126,-6571.4746042251245
10.31618392034579,7.236561855631061,0.7351508911777213,49.84329487369126,-6571.4746042251245
10.31618392034579,7.236561855631061,0.7351508911777213,49.84329487369126,-6571.4746042251245
10.31618392034579,7.236561855631061,0.7351508911777213,49.84329487369126,-6571.4746042251245
10.31618392034579,7.236561855631061,0.7351508911777213,49.84329487369126,-6571.4746042251245
10.31618392034579,7.236561855631061,0.7351508911777213,49.84329487369126,-6571.4746042251245
10.31618392034579,7.236561855631061,0.7351508911777213,49.84329487369126,-6571.4746042251245
10.31618392034579,7.236561855631061,0.7351508911777213,49.84329487369126,-6571.4746042251245
10.31618392034579,7.236561855631061,0.7351508911777213,49.84329487369126,-6571.4746042251245
10.31618392034579,7.236561855631061,0.7351508911777213,49.84329487369126,-6571.4746042251245
10.31618392034579,7.236561855631061,0.7351508911777213,49.84329487369126,-6571.4746042251245
10.31618392034579,7.236561855631061,0.7351508911777213,49.84329487369126,-6571.4746042251245
10.31618392034579,7.236561855631061,0.7351508911777213,49.84329487369126,-6571.4746042251245
11.756338737122391,4.466912260572098,0.842068088959141,49.840915602199274,-6573.1189972444945
11.756338737122391,4.466912260572098,0.842068088959141,49.840915602199274,-6573.1189972444945
11.756338737122391,4.466912260572098,0.842068088959141,49.840915602199274,-6573.1189972444945
12.46665611999039,4.780238348267802,0.8998707986450001,50.82673626454987,-6574.627947685327
12.46665611999039,4.780238348267802,0.8998707986450001,50.82673626454987,-6574.627947685327
12.46665611999039,4.780238348267802,0.8998707986450001,50.82673626454987,-6574.627947685327
12.46665611999039,4.780238348267802,0.8998707986450001,50.82673626454987,-6574.627947685327
12.46665611999039,4.780238348267802,0.8998707986450001,50.82673626454987,-6574.627947685327
12.46665611999039,4.780238348267802,0.8998707986450001,50.82673626454987,-6574.627947685327
12.46665611999039,4.780238348267802,0.8998707986450001,50.82673626454987,-6574.627947685327
12.46665611999039,4.780238348267802,0.8998707986450001,50.82673626454987,-6574.627947685327
11.64874004117577,4.195527436743225,1.0534289727253912,50.72110706669295,-6573.994383504407
11.64874004117577,4.195527436743225,1.0534289727253912,50.72110706669295,-6573.994383504407
11.64874004117577,4.195527436743225,1.0534289727253912,50.72110706669295,-6573.994383504407
11.64874004117577,4.195527436743225,1.0534289727253912,50.72110706669295,-6573.994383504407
12.849870679511163,4.257328740899138,1.046908924207494,51.10157341362822,-6578.877988443872
12.849870679511163,4.257328740899138,1.046908924207494,51.10157341362822,-6578.877988443872
12.849870679511163,4.257328740899138,1.046908924207494,51.10157341362822,-6578.877988443872
12.849870679511163,4.257328740899138,1.046908924207494,51.10157341362822,-6578.877988443872
13.475457922820231,4.005186799946012,0.811279007698021,50.74606120163941,-6577.2429811329575
13.475457922820231,4.005186799946012,0.811279007698021,50.74606120163941,-6577.2429811329575
13.475457922820231,4.005186799946012,0.811279007698021,50.74606120163941,-6577.2429811329575
13.475457922820231,4.005186799946012,0.811279007698021,50.74606120163941,-6577.2429811329575
13.475457922820231,4.005186799946012,0.811279007698021,50.74606120163941,-6577.2429811329575
13.475457922820231,4.005186799946012,0.811279007698021,50.74606120163941,-6577.2429811329575
13.475457922820231,4.005186799946012,0.811279007698021,50.74606120163941,-6577.2429811329575
13.475457922820231,4.005186799946012,0.811279007698021,50.74606120163941,-6577.2429811329575
12.602792685502326,4.700473323122112,0.8946355887266405,49.89284301283461,-6575.35136567227
12.602792685502326,4.700473323122112,0.8946355887266405,49.89284301283461,-6575.35136567227
12.602792685502326,4.700473323122112,0.8946355887266405,49.89284301283461,-6575.35136567227
12.602792685502326,4.700473323122112,0.8946355887266405,49.89284301283461,-6575.35136567227
12.602792685502326,4.700473323122112,0.8946355887266405,49.89284301283461,-6575.35136567227
12.602792685502326,4.700473323122112,0.8946355887266405,49.89284301283461,-6575.35136567227
12.602792685502326,4.700473323122112,0.8946355887266405,49.89284301283461,-6575.35136567227
12.602792685502326,4.700473323122112,0.8946355887266405,49.89284301283461,-6575.35136567227
12.602792685502326,4.700473323122112,0.8946355887266405,49.89284301283461,-6575.35136567227
12.602792685502326,4.700473323122112,0.8946355887266405,49.89284301283461,-6575.35136567227
12.602792685502326,4.700473323122112,0.8946355887266405,49.89284301283461,-6575.35136567227
12.501232965257886,5.549089654360136,0.8052287201001423,50.5065044984086,-6574.2189227745985
12.501232965257886,5.549089654360136,0.8052287201001423,50.5065044984086,-6574.2189227745985
12.501232965257886,5.549089654360136,0.8052287201001423,50.5065044984086,-6574.2189227745985
12.501232965257886,5.549089654360136,0.8052287201001423,50.5065044984086,-6574.2189227745985
11.555113464017134,6.416948458040027,0.8804101564080128,51.282876322681474,-6573.383433466644
11.260570295498908,6.817098134794309,0.9674641745240563,51.27560578127477,-6574.224788433122
11.260570295498908,6.817098134794309,0.9674641745240563,51.27560578127477,-6574.224788433122
11.260570295498908,6.817098134794309,0.9674641745240563,51.27560578127477,-6574.224788433122
11.260570295498908,6.817098134794309,0.9674641745240563,51.27560578127477,-6574.224788433122
12.660680079584704,5.086841153586061,0.7955989610420919,50.6419454888581,-6574.347098023022
12.660680079584704,5.086841153586061,0.7955989610420919,50.6419454888581,-6574.347098023022
12.660680079584704,5.086841153586061,0.7955989610420919,50.6419454888581,-6574.347098023022
11.98826441072783,6.618324715398782,0.6782687144407551,49.648295114104556,-6573.501982862269
11.98826441072783,6.618324715398782,0.6782687144407551,49.648295114104556,-6573.501982862269
11.82860672860639,5.158090446283255,0.759306890261527,49.651184646131576,-6573.162787184754
10.247313071702317,6.679357979622004,0.7377625400308196,49.541090988565486,-6573.438798898998
10.247313071702317,6.679357979622004,0.7377625400308196,49.541090988565486,-6573.438798898998
10.785893829670497,6.981320402116973,0.8811337796969233,49.48267681410103,-6572.047855124276
11.082919631176553,7.320332982589435,0.8894438642841397,50.023011566874274,-6572.104693834561
11.082919631176553,7.320332982589435,0.8894438642841397,50.023011566874274,-6572.104693834561
11.082919631176553,7.320332982589435,0.8894438642841397,50.023011566874274,-6572.104693834561
9.652796709259757,8.976689126761801,0.9014557513397461,50.77178524080516,-6571.197026954333
9.652796709259757,8.976689126761801,0.9014557513397461,50.77178524080516,-6571.197026954333
9.652796709259757,8.976689126761801,0.9014557513397461,50.77178524080516,-6571.197026954333
9.652796709259757,8.976689126761801,0.9014557513397461,50.77178524080516,-6571.197026954333
9.652796709259757,8.976689126761801,0.9014557513397461,50.77178524080516,-6571.197026954333
9.652796709259757,8.976689126761801,0.9014557513397461,50.77178524080516,-6571.197026954333
9.652796709259757,8.976689126761801,0.9014557513397461,50.77178524080516,-6571.197026954333
10.307897341091298,9.309828229857786,0.8023198988516309,50.44805020622892,-6571.107499200771
10.307897341091298,9.309828229857786,0.8023198988516309,50.44805020622892,-6571.107499200771
10.103494554774231,7.6092555813455585,0.7652543458201952,50.75777998806593,-6570.89885440015
10.103494554774231,7.6092555813455585,0.7652543458201952,50.75777998806593,-6570.89885440015
10.103494554774231,7.6092555813455585,0.7652543458201952,50.75777998806593,-6570.89885440015
10.329150502012766,10.384742790343836,0.7265977076926026,50.520177566938024,-6572.0272062375925
10.329150502012766,10.384742790343836,0.7265977076926026,50.520177566938024,-6572.0272062375925
10.329150502012766,10.384742790343836,0.7265977076926026,50.520177566938024,-6572.0272062375925
10.329150502012766,10.384742790343836,0.7265977076926026,50.520177566938024,-6572.0272062375925
10.311164977301567,9.754131971756383,0.5996929922846445,50.24791481923004,-6571.080064280024
10.311164977301567,9.754131971756383,0.5996929922846445,50.24791481923004,-6571.080064280024
10.311164977301567,9.754131971756383,0.5996929922846445,50.24791481923004,-6571.080064280024
10.311164977301567,9.754131971756383,0.5996929922846445,50.24791481923004,-6571.080064280024
10.311164977301567,9.754131971756383,0.5996929922846445,50.24791481923004,-6571.080064280024
10.009521911204786,8.508290942522871,0.7175958195074719,49.88827952162148,-6570.76134776951
10.009521911204786,8.508290942522871,0.7175958195074719,49.88827952162148,-6570.76134776951
10.009521911204786,8.508290942522871,0.7175958195074719,49.88827952162148,-6570.76134776951
10.009521911204786,8.508290942522871,0.7175958195074719,49.88827952162148,-6570.76134776951
10.009521911204786,8.508290942522871,0.7175958195074719,49.88827952162148,-6570.76134776951
10.009521911204786,8.508290942522871,0.7175958195074719,49.88827952162148,-6570.76134776951
10.009521911204786,8.508290942522871,0.7175958195074719,49.88827952162148,-6570.76134776951
10.009521911204786,8.508290942522871,0.7175958195074719,49.88827952162148,-6570.76134776951
10.009521911204786,8.508290942522871,0.7175958195074719,49.88827952162148,-6570.76134776951
10.009521911204786,8.508290942522871,0.7175958195074719,49.88827952162148,-6570.76134776951
11.380000030969459,6.6039183831029815,0.8191017256680728,49.513936951349514,-6572.5706851712275
11.380000030969459,6.6039183831029815,0.8191017256680728,49.513936951349514,-6572.5706851712275
11.433865528793664,7.655321377996039,0.8344448260237237,50.17572859962101,-6573.033243542214
11.433865528793664,7.655321377996039,0.8344448260237237,50.17572859962101,-6573.033243542214
11.433865528793664,7.655321377996039,0.8344448260237237,50.17572859962101,-6573.033243542214
11.188780611298261,5.6449708774277205,0.8257660402592552,51.4228174720353,-6572.814301252833
11.188780611298261,5.6449708774277205,0.8257660402592552,51.4228174720353,-6572.814301252833
10.308496751741021,5.967921080389849,0.8693589437932985,51.81060414642445,-6575.408164415967
10.308496751741021,5.967921080389849,0.8693589437932985,51.81060414642445,-6575.408164415967
10.308496751741021,5.967921080389849,0.8693589437932985,51.81060414642445,-6575.408164415967
12.092494780591933,5.593955645090456,0.745322980649717,51.938614435061126,-6575.36102463311
12.092494780591933,5.593955645090456,0.745322980649717,51.938614435061126,-6575.36102463311
12.092494780591933,5.593955645090456,0.745322980649717,51.938614435061126,-6575.36102463311
12.092494780591933,5.593955645090456,0.745322980649717,51.938614435061126,-6575.36102463311
12.092494780591933,5.593955645090456,0.745322980649717,51.938614435061126,-6575.36102463311
12.284355816598493,8.095748174349554,0.5246686703038143,51.64721496022982,-6576.38538446452
11.492264256946104,7.33965165011053,0.567149275052926,50.78941251490094,-6572.492105168447
11.492264256946104,7.33965165011053,0.567149275052926,50.78941251490094,-6572.492105168447
10.180096528387512,7.868199709033167,0.8194775142877856,49.849619262966115,-6570.65172762527
10.180096528387512,7.868199709033167,0.8194775142877856,49.849619262966115,-6570.65172762527
10.180096528387512,7.868199709033167,0.8194775142877856,49.849619262966115,-6570.65172762527
10.180096528387512,7.868199709033167,0.8194775142877856,49.849619262966115,-6570.65172762527
10.180096528387512,7.868199709033167,0.8194775142877856,49.849619262966115,-6570.65172762527
10.180096528387512,7.868199709033167,0.8194775142877856,49.849619262966115,-6570.65172762527
10.180096528387512,7.868199709033167,0.8194775142877856,49.849619262966115,-6570.65172762527
10.180096528387512,7.868199709033167,0.8194775142877856,49.849619262966115,-6570.65172762527
10.180096528387512,7.868199709033167,0.8194775142877856,49.849619262966115,-6570.65172762527
10.180096528387512,7.868199709033167,0.8194775142877856,49.849619262966115,-6570.65172762527
10.180096528387512,7.868199709033167,0.8194775142877856,49.849619262966115,-6570.65172762527
10.180096528387512,7.868199709033167,0.8194775142877856,49.849619262966115,-6570.65172762527
10.180096528387512,7.868199709033167,0.8194775142877856,49.849619262966115,-6570.65172762527
10.52168560801401,7.496542770816347,0.8157073144566713,49.570743337702716,-6571.3099342677615
10.52168560801401,7.496542770816347,0.8157073144566713,49.570743337702716,-6571.3099342677615
10.52168560801401,7.496542770816347,0.8157073144566713,49.570743337702716,-6571.3099342677615
10.52168560801401,7.496542770816347,0.8157073144566713,49.570743337702716,-6571.3099342677615
10.52168560801401,7.496542770816347,0.8157073144566713,49.570743337702716,-6571.3099342677615
10.52168560801401,7.496542770816347,0.8157073144566713,49.570743337702716,-6571.3099342677615
10.267266612082016,8.664238780551635,0.6371167852821689,50.46997245609664,-6570.784707092885
10.267266612082016,8.664238780551635,0.6371167852821689,50.46997245609664,-6570.784707092885
10.267266612082016,8.664238780551635,0.6371167852821689,50.46997245609664,-6570.784707092885
10.267266612082016,8.664238780551635,0.6371167852821689,50.46997245609664,-6570.784707092885
10.267266612082016,8.664238780551635,0.6371167852821689,50.46997245609664,-6570.784707092885
10.267266612082016,8.664238780551635,0.6371167852821689,50.46997245609664,-6570.784707092885
10.267266612082016,8.664238780551635,0.6371167852821689,50.46997245609664,-6570.784707092885
9.578629600482538,8.267369011149714,0.7715739056270842,50.6586043329755,-6571.326237661606
9.578629600482538,8.267369011149714,0.7715739056270842,50.6586043329755,-6571.326237661606
10.434079284809336,7.79785832036866,0.8073086438008663,50.948027663491814,-6570.734988072589
10.434079284809336,7.79785832036866,0.8073086438008663,50.948027663491814,-6570.734988072589
10.434079284809336,7.79785832036866,0.8073086438008663,50.948027663491814,-6570.734988072589
10.434079284809336,7.79785832036866,0.8073086438008663,50.948027663491814,-6570.734988072589
10.434079284809336,7.79785832036866,0.8073086438008663,50.948027663491814,-6570.734988072589
10.434079284809336,7.79785832036866,0.8073086438008663,50.948027663491814,-6570.734988072589
10.434079284809336,7.79785832036866,0.8073086438008663,50.948027663491814,-6570.734988072589
10.434079284809336,7.79785832036866,0.8073086438008663,50.948027663491814,-6570.734988072589
10.434079284809336,7.79785832036866,0.8073086438008663,50.948027663491814,-6570.734988072589
10.434079284809336,7.79785832036866,0.8073086438008663,50.948027663491814,-6570.734988072589
10.59077604143114,7.491872177653513,0.719792960539406,50.5276120261834,-6570.487320406313
10.59077604143114,7.491872177653513,0.719792960539406,50.5276120261834,-6570.487320406313
10.59077604143114,7.491872177653513,0.719792960539406,50.5276120261834,-6570.487320406313
10.59077604143114,7.491872177653513,0.719792960539406,50.5276120261834,-6570.487320406313
10.59077604143114,7.491872177653513,0.719792960539406,50.5276120261834,-6570.487320406313
10.59077604143114,7.491872177653513,0.719792960539406,50.5276120261834,-6570.487320406313
10.59077604143114,7.491872177653513,0.719792960539406,50.5276120261834,-6570.487320406313
10.763180435941077,8.242895166382423,0.7746090382622911,50.49878664995544,-6570.772482878643
10.763180435941077,8.242895166382423,0.7746090382622911,50.49878664995544,-6570.772482878643
10.763180435941077,8.242895166382423,0.7746090382622911,50.49878664995544,-6570.772482878643
10.763180435941077,8.242895166382423,0.7746090382622911,50.49878664995544,-6570.772482878643
10.031775997720514,8.038882399654666,0.6938629541409236,50.181210299193935,-6571.1260961083435
10.275529439472683,6.173622077012254,0.7419646033261328,49.57582568060933,-6574.553277465793
10.275529439472683,6.173622077012254,0.7419646033261328,49.57582568060933,-6574.553277465793
10.275529439472683,6.173622077012254,0.7419646033261328,49.57582568060933,-6574.553277465793
10.275529439472683,6.173622077012254,0.7419646033261328,49.57582568060933,-6574.553277465793
10.275529439472683,6.173622077012254,0.7419646033261328,49.57582568060933,-6574.553277465793
10.275529439472683,6.173622077012254,0.7419646033261328,49.57582568060933,-6574.553277465793
10.275529439472683,6.173622077012254,0.7419646033261328,49.57582568060933,-6574.553277465793
10.275529439472683,6.173622077012254,0.7419646033261328,49.57582568060933,-6574.553277465793
11.257157796954086,7.599047048761944,0.6173651066676129,49.82009536708507,-6572.138704525963
11.257157796954086,7.599047048761944,0.6173651066676129,49.82009536708507,-6572.138704525963
11.884722029289993,8.10410089570125,0.6693172277110727,50.34205241171917,-6573.755327858119
11.884722029289993,8.10410089570125,0.6693172277110727,50.34205241171917,-6573.755327858119
11.279407291650879,10.554338779466136,0.6119370902476592,50.43592061401575,-6575.233615943282
11.279407291650879,10.554338779466136,0.6119370902476592,50.43592061401575,-6575.233615943282
11.279407291650879,10.554338779466136,0.6119370902476592,50.43592061401575,-6575.233615943282
9.862485889675991,10.232248775808491,0.5677513669731598,51.28435708494322,-6572.684165414267
9.862485889675991,10.232248775808491,0.5677513669731598,51.28435708494322,-6572.684165414267
10.589517024365032,10.52875376214717,0.6635296997827895,51.535497083238795,-6574.206990914135
10.807021379700585,7.8277919462415095,0.679346481752688,50.298617604227104,-6570.608896261752
10.807021379700585,7.8277919462415095,0.679346481752688,50.298617604227104,-6570.608896261752
10.807021379700585,7.8277919462415095,0.679346481752688,50.298617604227104,-6570.608896261752
10.807021379700585,7.8277919462415095,0.679346481752688,50.298617604227104,-6570.608896261752
10.807021379700585,7.8277919462415095,0.679346481752688,50.298617604227104,-6570.608896261752
10.807021379700585,7.8277919462415095,0.679346481752688,50.298617604227104,-6570.608896261752
10.654858728112,8.926801081772098,0.656047690669986,50.37092597696758,-6570.732282802808
10.654858728112,8.926801081772098,0.656047690669986,50.37092597696758,-6570.732282802808
10.654858728112,8.926801081772098,0.656047690669986,50.37092597696758,-6570.732282802808
10.654858728112,8.926801081772098,0.656047690669986,50.37092597696758,-6570.732282802808
10.654858728112,8.926801081772098,0.656047690669986,50.37092597696758,-6570.732282802808
10.654858728112,8.926801081772098,0.656047690669986,50.37092597696758,-6570.732282802808
10.654858728112,8.926801081772098,0.656047690669986,50.37092597696758,-6570.732282802808
10.654858728112,8.926801081772098,0.656047690669986,50.37092597696758,-6570.732282802808
10.654858728112,8.926801081772098,0.656047690669986,50.37092597696758,-6570.732282802808
10.654858728112,8.926801081772098,0.656047690669986,50.37092597696758,-6570.732282802808
10.654858728112,8.926801081772098,0.656047690669986,50.37092597696758,-6570.732282802808
11.45813020882292,9.370732650968296,0.6430353101185593,50.72675682971285,-6573.874725592914
10.64498644261058,7.163342244658922,0.5938276784486374,51.5986360001412,-6575.170605204025
10.64498644261058,7.163342244658922,0.5938276784486374,51.5986360001412,-6575.170605204025
10.64498644261058,7.163342244658922,0.5938276784486374,51.5986360001412,-6575.170605204025
10.834238950594969,8.105231070578405,0.6227661676733622,50.13960652015822,-6571.169109143013
10.834238950594969,8.105231070578405,0.6227661676733622,50.13960652015822,-6571.169109143013
10.834238950594969,8.105231070578405,0.6227661676733622,50.13960652015822,-6571.169109143013
10.834238950594969,8.105231070578405,0.6227661676733622,50.13960652015822,-6571.169109143013
10.834238950594969,8.105231070578405,0.6227661676733622,50.13960652015822,-6571.169109143013
10.834238950594969,8.105231070578405,0.6227661676733622,50.13960652015822,-6571.169109143013
10.834238950594969,8.105231070578405,0.6227661676733622,50.13960652015822,-6571.169109143013
10.834238950594969,8.105231070578405,0.6227661676733622,50.13960652015822,-6571.169109143013
10.834238950594969,8.105231070578405,0.6227661676733622,50.13960652015822,-6571.169109143013
10.834238950594969,8.105231070578405,0.6227661676733622,50.13960652015822,-6571.169109143013
10.834238950594969,8.105231070578405,0.6227661676733622,50.13960652015822,-6571.169109143013
9.629614721228595,7.673124093731977,0.8475639298918691,50.59103501066078,-6571.443193197756
9.947191590275654,7.134424640164901,0.8773348046945357,50.832513157455274,-6571.475129503238
9.947191590275654,7.134424640164901,0.8773348046945357,50.832513157455274,-6571.475129503238
9.947191590275654,7.134424640164901,0.8773348046945357,50.832513157455274,-6571.475129503238
10.570249287089059,7.119917311161509,0.800481856485421,50.704822511664425,-6570.5482376495565
10.570249287089059,7.119917311161509,0.800481856485421,50.704822511664425,-6570.5482376495565
10.570249287089059,7.119917311161509,0.800481856485421,50.704822511664425,-6570.5482376495565
10.570249287089059,7.119917311161509,0.800481856485421,50.704822511664425,-6570.5482376495565
10.570249287089059,7.119917311161509,0.800481856485421,50.704822511664425,-6570.5482376495565
10.570249287089059,7.119917311161509,0.800481856485421,50.704822511664425,-6570.5482376495565
10.570249287089059,7.119917311161509,0.800481856485421,50.704822511664425,-6570.5482376495565
10.570249287089059,7.119917311161509,0.800481856485421,50.704822511664425,-6570.5482376495565
9.886450851159049,8.910091023507364,0.8602235425477103,50.40349888570232,-6570.591618730383
9.886450851159049,8.910091023507364,0.8602235425477103,50.40349888570232,-6570.591618730383
9.886450851159049,8.910091023507364,0.8602235425477103,50.40349888570232,-6570.591618730383
9.886450851159049,8.910091023507364,0.8602235425477103,50.40349888570232,-6570.591618730383
9.886450851159049,8.910091023507364,0.8602235425477103,50.40349888570232,-6570.591618730383
9.886450851159049,8.910091023507364,0.8602235425477103,50.40349888570232,-6570.591618730383
9.886450851159049,8.910091023507364,0.8602235425477103,50.40349888570232,-6570.591618730383
9.903725542964699,9.242681658001203,0.7240766730885443,50.980416389216074,-6570.7965442921495
9.903725542964699,9.242681658001203,0.7240766730885443,50.980416389216074,-6570.7965442921495
9.903725542964699,9.242681658001203,0.7240766730885443,50.980416389216074,-6570.7965442921495
9.903725542964699,9.242681658001203,0.7240766730885443,50.980416389216074,-6570.7965442921495
9.903725542964699,9.242681658001203,0.7240766730885443,50.980416389216074,-6570.7965442921495
9.903725542964699,9.242681658001203,0.7240766730885443,50.980416389216074,-6570.7965442921495
9.903725542964699,9.242681658001203,0.7240766730885443,50.980416389216074,-6570.7965442921495
9.903725542964699,9.242681658001203,0.7240766730885443,50.980416389216074,-6570.7965442921495
9.903725542964699,9.242681658001203,0.7240766730885443,50.980416389216074,-6570.7965442921495
9.903725542964699,9.242681658001203,0.7240766730885443,50.980416389216074,-6570.7965442921495
9.903725542964699,9.242681658001203,0.7240766730885443,50.980416389216074,-6570.7965442921495
10.324095350992254,8.47375773219523,0.6805680632147821,50.69021905143999,-6570.505358917053
10.324095350992254,8.47375773219523,0.6805680632147821,50.69021905143999,-6570.505358917053
10.324095350992254,8.47375773219523,0.6805680632147821,50.69021905143999,-6570.505358917053
10.324095350992254,8.47375773219523,0.6805680632147821,50.69021905143999,-6570.505358917053
10.324095350992254,8.47375773219523,0.6805680632147821,50.69021905143999,-6570.505358917053
11.217585554239948,8.302482722256924,0.7164217105405494,50.733719663239036,-6571.7976723137635
10.459799897081474,8.906555475777964,0.7641118037384537,50.752770560419926,-6570.83481013957
10.459799897081474,8.906555475777964,0.7641118037384537,50.752770560419926,-6570.83481013957
10.459799897081474,8.906555475777964,0.7641118037384537,50.752770560419926,-6570.83481013957
10.459799897081474,8.906555475777964,0.7641118037384537,50.752770560419926,-6570.83481013957
10.459799897081474,8.906555475777964,0.7641118037384537,50.752770560419926,-6570.83481013957
10.459799897081474,8.906555475777964,0.7641118037384537,50.752770560419926,-6570.83481013957
10.459799897081474,8.906555475777964,0.7641118037384537,50.752770560419926,-6570.83481013957
10.459799897081474,8.906555475777964,0.7641118037384537,50.752770560419926,-6570.83481013957
10.400409422803707,9.811055543861748,0.6048060946824402,50.025418117522534,-6571.365695608598
10.400409422803707,9.811055543861748,0.6048060946824402,50.025418117522534,-6571.365695608598
10.400409422803707,9.811055543861748,0.6048060946824402,50.025418117522534,-6571.365695608598
10.400409422803707,9.811055543861748,0.6048060946824402,50.025418117522534,-6571.365695608598
10.400409422803707,9.811055543861748,0.6048060946824402,50.025418117522534,-6571.365695608598
10.58888475692554,11.140567111566112,0.4682336851638603,50.42499653124482,-6573.69401331231
10.536573383859531,9.755399062941393,0.6135705815261527,50.837380622139676,-6571.409868335796
10.536573383859531,9.755399062941393,0.6135705815261527,50.837380622139676,-6571.409868335796
10.536573383859531,9.755399062941393,0.6135705815261527,50.837380622139676,-6571.409868335796
10.536573383859531,9.755399062941393,0.6135705815261527,50.837380622139676,-6571.409868335796
10.592984128682005,9.741847857284283,0.5828663296423348,51.1308320755545,-6572.058246085684
10.592984128682005,9.741847857284283,0.5828663296423348,51.1308320755545,-6572.058246085684
10.592984128682005,9.741847857284283,0.5828663296423348,51.1308320755545,-6572.058246085684
10.592984128682005,9.741847857284283,0.5828663296423348,51.1308320755545,-6572.058246085684
10.592984128682005,9.741847857284283,0.5828663296423348,51.1308320755545,-6572.058246085684
10.592984128682005,9.741847857284283,0.5828663296423348,51.1308320755545,-6572.058246085684
11.069613129480215,9.426276590736633,0.5000264757227282,50.68389949666755,-6572.9071321226165
11.069613129480215,9.426276590736633,0.5000264757227282,50.68389949666755,-6572.9071321226165
11.069613129480215,9.426276590736633,0.5000264757227282,50.68389949666755,-6572.9071321226165
11.069613129480215,9.426276590736633,0.5000264757227282,50.68389949666755,-6572.9071321226165
9.593802232096131,10.471480594150135,0.747527643173786,50.42350626155515,-6570.768580620095
9.593802232096131,10.471480594150135,0.747527643173786,50.42350626155515,-6570.768580620095
9.593802232096131,10.471480594150135,0.747527643173786,50.42350626155515,-6570.768580620095
9.593802232096131,10.471480594150135,0.747527643173786,50.42350626155515,-6570.768580620095
9.593802232096131,10.471480594150135,0.747527643173786,50.42350626155515,-6570.768580620095
9.593802232096131,10.471480594150135,0.747527643173786,50.42350626155515,-6570.768580620095
9.593802232096131,10.471480594150135,0.747527643173786,50.42350626155515,-6570.768580620095
9.593802232096131,10.471480594150135,0.747527643173786,50.42350626155515,-6570.768580620095
9.593802232096131,10.471480594150135,0.747527643173786,50.42350626155515,-6570.768580620095
9.593802232096131,10.471480594150135,0.747527643173786,50.42350626155515,-6570.768580620095
9.593802232096131,10.471480594150135,0.747527643173786,50.42350626155515,-6570.768580620095
9.593802232096131,10.471480594150135,0.747527643173786,50.42350626155515,-6570.768580620095
9.593802232096131,10.471480594150135,0.747527643173786,50.42350626155515,-6570.768580620095
9.593802232096131,10.471480594150135,0.747527643173786,50.42350626155515,-6570.768580620095
9.593802232096131,10.471480594150135,0.747527643173786,50.42350626155515,-6570.768580620095
9.593802232096131,10.471480594150135,0.747527643173786,50.42350626155515,-6570.768580620095
9.593802232096131,10.471480594150135,0.747527643173786,50.42350626155515,-6570.768580620095
9.593802232096131,10.471480594150135,0.747527643173786,50.42350626155515,-6570.768580620095
9.593802232096131,10.471480594150135,0.747527643173786,50.42350626155515,-6570.768580620095
9.347537531398585,9.671405922862732,0.7388427909696887,49.92067438861728,-6571.002870886886
9.347537531398585,9.671405922862732,0.7388427909696887,49.92067438861728,-6571.002870886886
9.347537531398585,9.671405922862732,0.7388427909696887,49.92067438861728,-6571.002870886886
9.347537531398585,9.671405922862732,0.7388427909696887,49.92067438861728,-6571.002870886886
11.04745670813149,6.189483191785127,0.8236284664740863,49.94025903847931,-6571.237864887889
11.04745670813149,6.189483191785127,0.8236284664740863,49.94025903847931,-6571.237864887889
11.04745670813149,6.189483191785127,0.8236284664740863,49.94025903847931,-6571.237864887889
11.04745670813149,6.189483191785127,0.8236284664740863,49.94025903847931,-6571.237864887889
11.04745670813149,6.189483191785127,0.8236284664740863,49.94025903847931,-6571.237864887889
11.04745670813149,6.189483191785127,0.8236284664740863,49.94025903847931,-6571.237864887889
11.04745670813149,6.189483191785127,0.8236284664740863,49.94025903847931,-6571.237864887889
11.04745670813149,6.189483191785127,0.8236284664740863,49.94025903847931,-6571.237864887889
11.04745670813149,6.189483191785127,0.8236284664740863,49.94025903847931,-6571.237864887889
11.04745670813149,6.189483191785127,0.8236284664740863,49.94025903847931,-6571.237864887889
11.04745670813149,6.189483191785127,0.8236284664740863,49.94025903847931,-6571.237864887889
11.04745670813149,6.189483191785127,0.8236284664740863,49.94025903847931,-6571.237864887889
11.04745670813149,6.189483191785127,0.8236284664740863,49.94025903847931,-6571.237864887889
11.04745670813149,6.189483191785127,0.8236284664740863,49.94025903847931,-6571.237864887889
11.04745670813149,6.189483191785127,0.8236284664740863,49.94025903847931,-6571.237864887889
11.04745670813149,6.189483191785127,0.8236284664740863,49.94025903847931,-6571.237864887889
12.091416088854748,5.182057336668105,0.9601466481938149,50.4915008691793,-6574.234832671986
12.091416088854748,5.182057336668105,0.9601466481938149,50.4915008691793,-6574.234832671986
12.091416088854748,5.182057336668105,0.9601466481938149,50.4915008691793,-6574.234832671986
12.091416088854748,5.182057336668105,0.9601466481938149,50.4915008691793,-6574.234832671986
10.76242996347182,4.897367031029073,0.9242048723263496,50.743801884209624,-6572.961279124898
11.23210688971866,6.005775660244073,1.0751121420463772,50.494164402404074,-6573.99223283873
10.415992918999946,5.64377836932873,0.947225034024145,51.00945624233924,-6572.796077646973
10.415992918999946,5.64377836932873,0.947225034024145,51.00945624233924,-6572.796077646973
10.959296387201956,5.981157400869121,0.8842462646427873,51.045676060334756,-6571.753057644831
10.959296387201956,5.981157400869121,0.8842462646427873,51.045676060334756,-6571.753057644831
10.959296387201956,5.981157400869121,0.8842462646427873,51.045676060334756,-6571.753057644831
10.623108765029777,6.716305805082063,0.9219185098733914,51.23036922378529,-6572.103911020578
10.56998713737731,7.378825978817916,0.9608919534265462,51.07831177145615,-6572.378679857493
10.56998713737731,7.378825978817916,0.9608919534265462,51.07831177145615,-6572.378679857493
10.636159167199677,7.853947570201007,0.981661673272558,50.393258257192464,-6572.663492309849
10.636159167199677,7.853947570201007,0.981661673272558,50.393258257192464,-6572.663492309849
10.185005061401013,7.7183915467127004,1.0820016619982074,50.879322262186896,-6573.568761516065
10.0927724578261,8.122958383948367,0.9415478027282473,49.86306529466173,-6571.444265150094
10.0927724578261,8.122958383948367,0.9415478027282473,49.86306529466173,-6571.444265150094
9.505585683941764,8.450513399916556,0.840632394164417,49.632052112102514,-6571.5949683264835
9.505585683941764,8.450513399916556,0.840632394164417,49.632052112102514,-6571.5949683264835
9.505585683941764,8.450513399916556,0.840632394164417,49.632052112102514,-6571.5949683264835
9.505585683941764,8.450513399916556,0.840632394164417,49.632052112102514,-6571.5949683264835
9.582480668199187,6.383326415571581,0.8583514614140239,50.203276733177944,-6574.595931370917
9.582480668199187,6.383326415571581,0.8583514614140239,50.203276733177944,-6574.595931370917
9.582480668199187,6.383326415571581,0.8583514614140239,50.203276733177944,-6574.595931370917
9.582480668199187,6.383326415571581,0.8583514614140239,50.203276733177944,-6574.595931370917
9.582480668199187,6.383326415571581,0.8583514614140239,50.203276733177944,-6574.595931370917
9.582480668199187,6.383326415571581,0.8583514614140239,50.203276733177944,-6574.595931370917
9.87842035746194,6.725380413678107,1.163796332039863,49.606567637918495,-6574.3504825665605
9.87842035746194,6.725380413678107,1.163796332039863,49.606567637918495,-6574.3504825665605
9.87842035746194,6.725380413678107,1.163796332039863,49.606567637918495,-6574.3504825665605
9.87842035746194,6.725380413678107,1.163796332039863,49.606567637918495,-6574.3504825665605
9.87842035746194,6.725380413678107,1.163796332039863,49.606567637918495,-6574.3504825665605
9.87842035746194,6.725380413678107,1.163796332039863,49.606567637918495,-6574.3504825665605
9.87842035746194,6.725380413678107,1.163796332039863,49.606567637918495,-6574.3504825665605
9.567619829431075,8.057020685870585,1.129532793490717,49.4453981117373,-6574.406757585668
9.567619829431075,8.057020685870585,1.129532793490717,49.4453981117373,-6574.406757585668
9.567619829431075,8.057020685870585,1.129532793490717,49.4453981117373,-6574.406757585668
8.885361842862514,8.448361996577571,0.9145281537137926,49.62566779765877,-6573.620102724992
8.885361842862514,8.448361996577571,0.9145281537137926,49.62566779765877,-6573.620102724992
8.885361842862514,8.448361996577571,0.9145281537137926,49.62566779765877,-6573.620102724992
8.885361842862514,8.448361996577571,0.9145281537137926,49.62566779765877,-6573.620102724992
8.885361842862514,8.448361996577571,0.9145281537137926,49.62566779765877,-6573.620102724992
8.885361842862514,8.448361996577571,0.9145281537137926,49.62566779765877,-6573.620102724992
8.885361842862514,8.448361996577571,0.9145281537137926,49.62566779765877,-6573.620102724992
8.885361842862514,8.448361996577571,0.9145281537137926,49.62566779765877,-6573.620102724992
8.885361842862514,8.448361996577571,0.9145281537137926,49.62566779765877,-6573.620102724992
8.885361842862514,8.448361996577571,0.9145281537137926,49.62566779765877,-6573.620102724992
8.885361842862514,8.448361996577571,0.9145281537137926,49.62566779765877,-6573.620102724992
8.885361842862514,8.448361996577571,0.9145281537137926,49.62566779765877,-6573.620102724992
8.885361842862514,8.448361996577571,0.9145281537137926,49.62566779765877,-6573.620102724992
8.885361842862514,8.448361996577571,0.9145281537137926,49.62566779765877,-6573.620102724992
9.559950757629464,5.736801215489431,1.0276878544673744,50.09213843257588,-6575.358080247775
9.726878970522963,6.502787171302518,0.9451470310728457,49.84437208308903,-6573.09104137866
10.4607082516229,4.914430079571912,0.9494531231800039,50.40819508138216,-6573.584509951348
10.4607082516229,4.914430079571912,0.9494531231800039,50.40819508138216,-6573.584509951348
10.4607082516229,4.914430079571912,0.9494531231800039,50.40819508138216,-6573.584509951348
10.4607082516229,4.914430079571912,0.9494531231800039,50.40819508138216,-6573.584509951348
11.129535570598543,5.546339304487509,0.8226567770860135,50.517341408523876,-6571.45294507774
11.129535570598543,5.546339304487509,0.8226567770860135,50.517341408523876,-6571.45294507774
11.129535570598543,5.546339304487509,0.8226567770860135,50.517341408523876,-6571.45294507774
10.294907088256792,7.848872099447783,0.9058939216081033,50.558552438130704,-6570.878349202776
10.294907088256792,7.848872099447783,0.9058939216081033,50.558552438130704,-6570.878349202776
10.294907088256792,7.848872099447783,0.9058939216081033,50.558552438130704,-6570.878349202776
10.294907088256792,7.848872099447783,0.9058939216081033,50.558552438130704,-6570.878349202776
10.294907088256792,7.848872099447783,0.9058939216081033,50.558552438130704,-6570.878349202776
10.294907088256792,7.848872099447783,0.9058939216081033,50.558552438130704,-6570.878349202776
10.294907088256792,7.848872099447783,0.9058939216081033,50.558552438130704,-6570.878349202776
10.294907088256792,7.848872099447783,0.9058939216081033,50.558552438130704,-6570.878349202776
10.294907088256792,7.848872099447783,0.9058939216081033,50.558552438130704,-6570.878349202776
10.294907088256792,7.848872099447783,0.9058939216081033,50.558552438130704,-6570.878349202776
10.294907088256792,7.848872099447783,0.9058939216081033,50.558552438130704,-6570.878349202776
10.294907088256792,7.848872099447783,0.9058939216081033,50.558552438130704,-6570.878349202776
10.294907088256792,7.848872099447783,0.9058939216081033,50.558552438130704,-6570.878349202776
10.294907088256792,7.848872099447783,0.9058939216081033,50.558552438130704,-6570.878349202776
10.294907088256792,7.848872099447783,0.9058939216081033,50.558552438130704,-6570.878349202776
10.294907088256792,7.848872099447783,0.9058939216081033,50.558552438130704,-6570.878349202776
10.294907088256792,7.848872099447783,0.9058939216081033,50.558552438130704,-6570.878349202776
10.294907088256792,7.848872099447783,0.9058939216081033,50.558552438130704,-6570.878349202776
10.294907088256792,7.848872099447783,0.9058939216081033,50.558552438130704,-6570.878349202776
10.294907088256792,7.848872099447783,0.9058939216081033,50.558552438130704,-6570.878349202776
10.294907088256792,7.848872099447783,0.9058939216081033,50.558552438130704,-6570.878349202776
10.294907088256792,7.848872099447783,0.9058939216081033,50.558552438130704,-6570.878349202776
10.294907088256792,7.848872099447783,0.9058939216081033,50.558552438130704,-6570.878349202776
10.294907088256792,7.848872099447783,0.9058939216081033,50.558552438130704,-6570.878349202776
10.731194252169587,5.082667211182375,0.977648918297732,50.39795383218463,-6572.4627077143905
10.731194252169587,5.082667211182375,0.977648918297732,50.39795383218463,-6572.4627077143905
10.731194252169587,5.082667211182375,0.977648918297732,50.39795383218463,-6572.4627077143905
10.12418274991152,8.69964732632584,0.858882783677173,49.81704326663355,-6571.093272307724
10.12418274991152,8.69964732632584,0.858882783677173,49.81704326663355,-6571.093272307724
10.12418274991152,8.69964732632584,0.858882783677173,49.81704326663355,-6571.093272307724
10.12418274991152,8.69964732632584,0.858882783677173,49.81704326663355,-6571.093272307724
10.12418274991152,8.69964732632584,0.858882783677173,49.81704326663355,-6571.093272307724
9.798215096731296,7.201579694577574,0.7687264186554149,49.68820763481087,-6573.123528279664
10.350370466221516,6.263031490366877,0.9399162689707123,50.195354344586825,-6571.438819200821
10.350370466221516,6.263031490366877,0.9399162689707123,50.195354344586825,-6571.438819200821
10.350370466221516,6.263031490366877,0.9399162689707123,50.195354344586825,-6571.438819200821
10.350370466221516,6.263031490366877,0.9399162689707123,50.195354344586825,-6571.438819200821
10.350370466221516,6.263031490366877,0.9399162689707123,50.195354344586825,-6571.438819200821
10.383249745852183,7.871853821745404,0.9536301368261397,50.03681082958496,-6571.681639882112
9.913830248142153,9.811740982259114,0.8668681802564963,50.46584857067606,-6571.66981648159
9.913830248142153,9.811740982259114,0.8668681802564963,50.46584857067606,-6571.66981648159
10.582490824670955,8.855813943653365,0.9243433851085467,50.89489863957646,-6573.523675662106
10.582490824670955,8.855813943653365,0.9243433851085467,50.89489863957646,-6573.523675662106
9.824034216349187,7.561491970227178,1.007819895258747,50.82254309411944,-6572.028426059454
9.824034216349187,7.561491970227178,1.007819895258747,50.82254309411944,-6572.028426059454
10.166618426941547,7.988777808039352,0.9724554111125784,50.15502856905787,-6571.570048687581
10.166618426941547,7.988777808039352,0.9724554111125784,50.15502856905787,-6571.570048687581
9.972260958790475,10.129691221068493,0.7379533491733482,50.61508438752761,-6570.9183265687
9.972260958790475,10.129691221068493,0.7379533491733482,50.61508438752761,-6570.9183265687
9.972260958790475,10.129691221068493,0.7379533491733482,50.61508438752761,-6570.9183265687
9.972260958790475,10.129691221068493,0.7379533491733482,50.61508438752761,-6570.9183265687
9.972260958790475,10.129691221068493,0.7379533491733482,50.61508438752761,-6570.9183265687
9.972260958790475,10.129691221068493,0.7379533491733482,50.61508438752761,-6570.9183265687
9.972260958790475,10.129691221068493,0.7379533491733482,50.61508438752761,-6570.9183265687
9.972260958790475,10.129691221068493,0.7379533491733482,50.61508438752761,-6570.9183265687
9.972260958790475,10.129691221068493,0.7379533491733482,50.61508438752761,-6570.9183265687
9.972260958790475,10.129691221068493,0.7379533491733482,50.61508438752761,-6570.9183265687
9.972260958790475,10.129691221068493,0.7379533491733482,50.61508438752761,-6570.9183265687
9.972260958790475,10.129691221068493,0.7379533491733482,50.61508438752761,-6570.9183265687
9.634472406340638,10.285294181110245,0.7229337880369213,50.88329630289447,-6570.990019336235
9.634472406340638,10.285294181110245,0.7229337880369213,50.88329630289447,-6570.990019336235
9.853622288323448,10.398115583510338,0.745880708506379,51.29281586430852,-6572.26886692729
10.038884844989376,10.901291135040646,0.7121072576247678,50.59386661961578,-6571.926942201806
10.038884844989376,10.901291135040646,0.7121072576247678,50.59386661961578,-6571.926942201806
10.038884844989376,10.901291135040646,0.7121072576247678,50.59386661961578,-6571.926942201806
10.038884844989376,10.901291135040646,0.7121072576247678,50.59386661961578,-6571.926942201806
10.038884844989376,10.901291135040646,0.7121072576247678,50.59386661961578,-6571.926942201806
10.038884844989376,10.901291135040646,0.7121072576247678,50.59386661961578,-6571.926942201806
10.038884844989376,10.901291135040646,0.7121072576247678,50.59386661961578,-6571.926942201806
10.038884844989376,10.901291135040646,0.7121072576247678,50.59386661961578,-6571.926942201806
10.038884844989376,10.901291135040646,0.7121072576247678,50.59386661961578,-6571.926942201806
11.009209167614554,8.620587650517196,0.6997973617059101,50.322793757692146,-6571.340789582773
11.009209167614554,8.620587650517196,0.6997973617059101,50.322793757692146,-6571.340789582773
11.009209167614554,8.620587650517196,0.6997973617059101,50.322793757692146,-6571.340789582773
11.009209167614554,8.620587650517196,0.6997973617059101,50.322793757692146,-6571.340789582773
11.009209167614554,8.620587650517196,0.6997973617059101,50.322793757692146,-6571.340789582773
11.415282735538142,7.501193729915653,0.8004878318565657,49.86960715742724,-6572.611584715232
11.415282735538142,7.501193729915653,0.8004878318565657,49.86960715742724,-6572.611584715232
11.415282735538142,7.501193729915653,0.8004878318565657,49.86960715742724,-6572.611584715232
11.281586151199054,7.514357365991368,0.820650785348627,49.66380044479247,-6572.739082167847
10.565959483879206,6.615577246554541,0.7871267791369929,50.00888158690574,-6571.136486406427
9.737614885101168,8.877058507322994,0.814993641390015,50.78120302796556,-6570.6204214881855
9.737614885101168,8.877058507322994,0.814993641390015,50.78120302796556,-6570.6204214881855
9.737614885101168,8.877058507322994,0.814993641390015,50.78120302796556,-6570.6204214881855
9.737614885101168,8.877058507322994,0.814993641390015,50.78120302796556,-6570.6204214881855
9.737614885101168,8.877058507322994,0.814993641390015,50.78120302796556,-6570.6204214881855
9.737614885101168,8.877058507322994,0.814993641390015,50.78120302796556,-6570.6204214881855
10.534653004501465,9.763956847734981,0.7284340012563203,50.742557962997616,-6571.800928624977
9.968549268073687,8.799176031921924,0.7410184182242945,50.25698103305458,-6570.201079212449
9.968549268073687,8.799176031921924,0.7410184182242945,50.25698103305458,-6570.201079212449
9.968549268073687,8.799176031921924,0.7410184182242945,50.25698103305458,-6570.201079212449
9.968549268073687,8.799176031921924,0.7410184182242945,50.25698103305458,-6570.201079212449
9.968549268073687,8.799176031921924,0.7410184182242945,50.25698103305458,-6570.201079212449
9.968549268073687,8.799176031921924,0.7410184182242945,50.25698103305458,-6570.201079212449
9.928437697041971,10.68480963010602,0.7007806566227095,50.74414111358832,-6571.386957832179
9.928437697041971,10.68480963010602,0.7007806566227095,50.74414111358832,-6571.386957832179
10.279634845079148,8.664071685057689,0.8653873906829652,50.45475834699756,-6570.997877782882
10.47985002888787,6.420609810275022,0.880205996171539,50.40004385016942,-6570.972117059337
10.47985002888787,6.420609810275022,0.880205996171539,50.40004385016942,-6570.972117059337
10.47985002888787,6.420609810275022,0.880205996171539,50.40004385016942,-6570.972117059337
10.47985002888787,6.420609810275022,0.880205996171539,50.40004385016942,-6570.972117059337
10.47985002888787,6.420609810275022,0.880205996171539,50.40004385016942,-6570.972117059337
10.47985002888787,6.420609810275022,0.880205996171539,50.40004385016942,-6570.972117059337
10.47985002888787,6.420609810275022,0.880205996171539,50.40004385016942,-6570.972117059337
10.47985002888787,6.420609810275022,0.880205996171539,50.40004385016942,-6570.972117059337
10.47985002888787,6.420609810275022,0.880205996171539,50.40004385016942,-6570.972117059337
10.47985002888787,6.420609810275022,0.880205996171539,50.40004385016942,-6570.972117059337
10.47985002888787,6.420609810275022,0.880205996171539,50.40004385016942,-6570.972117059337
10.47985002888787,6.420609810275022,0.880205996171539,50.40004385016942,-6570.972117059337
10.47985002888787,6.420609810275022,0.880205996171539,50.40004385016942,-6570.972117059337
10.47985002888787,6.420609810275022,0.880205996171539,50.40004385016942,-6570.972117059337
10.47985002888787,6.420609810275022,0.880205996171539,50.40004385016942,-6570.972117059337
11.576453376001702,5.261149014235727,0.796079803574472,50.116120546486925,-6571.943969909778
11.576453376001702,5.261149014235727,0.796079803574472,50.116120546486925,-6571.943969909778
11.576453376001702,5.261149014235727,0.796079803574472,50.116120546486925,-6571.943969909778
11.576453376001702,5.261149014235727,0.796079803574472,50.116120546486925,-6571.943969909778
11.576453376001702,5.261149014235727,0.796079803574472,50.116120546486925,-6571.943969909778
11.726830386025611,3.758855727783817,0.7383001793829937,50.19433411168765,-6575.603434531457
11.726830386025611,3.758855727783817,0.7383001793829937,50.19433411168765,-6575.603434531457
11.726830386025611,3.758855727783817,0.7383001793829937,50.19433411168765,-6575.603434531457
11.726830386025611,3.758855727783817,0.7383001793829937,50.19433411168765,-6575.603434531457
12.795007246752435,1.7892348681547543,0.974679544777174,50.3264426802436,-6576.98557257677
12.35568529739517,3.377477559886014,1.002905252273578,50.12831218366756,-6575.013768249999
11.918459514059977,2.238476772317744,1.1111566991853565,50.75717598856812,-6576.927855739235
10.923418974677897,3.929723876506478,1.0545994152521276,51.111817592102994,-6575.277333093427
10.923418974677897,3.929723876506478,1.0545994152521276,51.111817592102994,-6575.277333093427
10.923418974677897,3.929723876506478,1.0545994152521276,51.111817592102994,-6575.277333093427
10.923418974677897,3.929723876506478,1.0545994152521276,51.111817592102994,-6575.277333093427
10.583135305666683,3.5267080738568675,1.0989242666252133,50.09351744314947,-6576.985853934578
10.583135305666683,3.5267080738568675,1.0989242666252133,50.09351744314947,-6576.985853934578
10.583135305666683,3.5267080738568675,1.0989242666252133,50.09351744314947,-6576.985853934578
10.583135305666683,3.5267080738568675,1.0989242666252133,50.09351744314947,-6576.985853934578
10.583135305666683,3.5267080738568675,1.0989242666252133,50.09351744314947,-6576.985853934578
10.583135305666683,3.5267080738568675,1.0989242666252133,50.09351744314947,-6576.985853934578
10.583135305666683,3.5267080738568675,1.0989242666252133,50.09351744314947,-6576.985853934578
10.192909510344267,5.415287542776007,1.138509045834511,50.839915752633985,-6574.306527915758
10.106978348903935,6.698079874546523,1.0065757543079437,49.78220583617991,-6572.152808714105
10.106978348903935,6.698079874546523,1.0065757543079437,49.78220583617991,-6572.152808714105
10.106978348903935,6.698079874546523,1.0065757543079437,49.78220583617991,-6572.152808714105
10.441090474882683,9.141546527704874,0.9860390409645698,49.45818441654925,-6575.4174845917805
9.330243578835557,7.562070506772275,0.9454379232785082,49.31848381754824,-6573.933434219056
8.869215361308997,8.13452673957422,0.9559152064032633,49.96804257116235,-6573.595759142821
8.869215361308997,8.13452673957422,0.9559152064032633,49.96804257116235,-6573.595759142821
8.869215361308997,8.13452673957422,0.9559152064032633,49.96804257116235,-6573.595759142821
8.869215361308997,8.13452673957422,0.9559152064032633,49.96804257116235,-6573.595759142821
8.869215361308997,8.13452673957422,0.9559152064032633,49.96804257116235,-6573.595759142821
8.869215361308997,8.13452673957422,0.9559152064032633,49.96804257116235,-6573.595759142821
8.869215361308997,8.13452673957422,0.9559152064032633,49.96804257116235,-6573.595759142821
8.869215361308997,8.13452673957422,0.9559152064032633,49.96804257116235,-6573.595759142821
8.49538708245286,11.198006258589842,0.8230170829531918,50.27158621343668,-6572.223894847231
8.459431404920986,11.814180800128987,0.6447471507578878,50.942608046580546,-6573.771781414574
8.459431404920986,11.814180800128987,0.6447471507578878,50.942608046580546,-6573.771781414574
8.132874833694297,13.53763662464045,0.733669264250403,50.164130894664275,-6573.883801915285
8.132874833694297,13.53763662464045,0.733669264250403,50.164130894664275,-6573.883801915285
8.132874833694297,13.53763662464045,0.733669264250403,50.164130894664275,-6573.883801915285
8.132874833694297,13.53763662464045,0.733669264250403,50.164130894664275,-6573.883801915285
9.151755138587415,12.182647174548542,0.689475682853575,49.91051695400641,-6572.274307022779
9.151755138587415,12.182647174548542,0.689475682853575,49.91051695400641,-6572.274307022779
8.686193682526339,11.899099347229146,1.0148016873801888,49.514173553893166,-6575.9394773637305
8.686193682526339,11.899099347229146,1.0148016873801888,49.514173553893166,-6575.9394773637305
8.808518581567329,12.550877807188002,0.9416074220587518,49.172866135372836,-6576.989636353885
9.024444092003831,8.398811795305068,0.9521939751606469,49.79124857447908,-6572.75488825082
10.233095561714945,7.860297299279441,0.9253365854953389,50.359176765615,-6570.949961414788
10.233095561714945,7.860297299279441,0.9253365854953389,50.359176765615,-6570.949961414788
10.233095561714945,7.860297299279441,0.9253365854953389,50.359176765615,-6570.949961414788
10.233095561714945,7.860297299279441,0.9253365854953389,50.359176765615,-6570.949961414788
10.233095561714945,7.860297299279441,0.9253365854953389,50.359176765615,-6570.949961414788
10.233095561714945,7.860297299279441,0.9253365854953389,50.359176765615,-6570.949961414788
10.233095561714945,7.860297299279441,0.9253365854953389,50.359176765615,-6570.949961414788
10.233095561714945,7.860297299279441,0.9253365854953389,50.359176765615,-6570.949961414788
10.233095561714945,7.860297299279441,0.9253365854953389,50.359176765615,-6570.949961414788
10.233095561714945,7.860297299279441,0.9253365854953389,50.359176765615,-6570.949961414788
10.590831647375236,7.353987337490807,0.8344564968505288,50.2436229311531,-6570.445486664452
10.590831647375236,7.353987337490807,0.8344564968505288,50.2436229311531,-6570.445486664452
10.590831647375236,7.353987337490807,0.8344564968505288,50.2436229311531,-6570.445486664452
10.590831647375236,7.353987337490807,0.8344564968505288,50.2436229311531,-6570.445486664452
10.590831647375236,7.353987337490807,0.8344564968505288,50.2436229311531,-6570.445486664452
10.590831647375236,7.353987337490807,0.8344564968505288,50.2436229311531,-6570.445486664452
10.590831647375236,7.353987337490807,0.8344564968505288,50.2436229311531,-6570.445486664452
10.590831647375236,7.353987337490807,0.8344564968505288,50.2436229311531,-6570.445486664452
10.590831647375236,7.353987337490807,0.8344564968505288,50.2436229311531,-6570.445486664452
10.590831647375236,7.353987337490807,0.8344564968505288,50.2436229311531,-6570.445486664452
10.590831647375236,7.353987337490807,0.8344564968505288,50.2436229311531,-6570.445486664452
10.590831647375236,7.353987337490807,0.8344564968505288,50.2436229311531,-6570.445486664452
10.576871532732307,7.7904422047472766,0.7867497978902234,50.52499300915926,-6570.305937826628
10.576871532732307,7.7904422047472766,0.7867497978902234,50.52499300915926,-6570.305937826628
9.656527098649645,8.199614530463954,0.8605460623760166,49.952894328542634,-6570.919886608575
9.982988966715046,7.420879951456711,0.8136317381567725,50.54063537370715,-6570.906752848247
9.982988966715046,7.420879951456711,0.8136317381567725,50.54063537370715,-6570.906752848247
10.219593438894906,7.7937234221076475,0.8199968277137492,49.86342744214918,-6570.639460227401
10.219593438894906,7.7937234221076475,0.8199968277137492,49.86342744214918,-6570.639460227401
10.219593438894906,7.7937234221076475,0.8199968277137492,49.86342744214918,-6570.639460227401
10.219593438894906,7.7937234221076475,0.8199968277137492,49.86342744214918,-6570.639460227401
10.219593438894906,7.7937234221076475,0.8199968277137492,49.86342744214918,-6570.639460227401
10.219593438894906,7.7937234221076475,0.8199968277137492,49.86342744214918,-6570.639460227401
10.219593438894906,7.7937234221076475,0.8199968277137492,49.86342744214918,-6570.639460227401
9.318258741478347,8.821218901778627,0.7085571377776755,49.88656102331681,-6572.455861540257
9.318258741478347,8.821218901778627,0.7085571377776755,49.88656102331681,-6572.455861540257
9.318258741478347,8.821218901778627,0.7085571377776755,49.88656102331681,-6572.455861540257
9.318258741478347,8.821218901778627,0.7085571377776755,49.88656102331681,-6572.455861540257
9.318258741478347,8.821218901778627,0.7085571377776755,49.88656102331681,-6572.455861540257
9.318258741478347,8.821218901778627,0.7085571377776755,49.88656102331681,-6572.455861540257
9.318258741478347,8.821218901778627,0.7085571377776755,49.88656102331681,-6572.455861540257
9.318258741478347,8.821218901778627,0.7085571377776755,49.88656102331681,-6572.455861540257
10.750559984428445,7.842217134080871,0.8956058830692823,49.38800398177535,-6572.984217967249
10.750559984428445,7.842217134080871,0.8956058830692823,49.38800398177535,-6572.984217967249
10.750559984428445,7.842217134080871,0.8956058830692823,49.38800398177535,-6572.984217967249
10.750559984428445,7.842217134080871,0.8956058830692823,49.38800398177535,-6572.984217967249
10.750559984428445,7.842217134080871,0.8956058830692823,49.38800398177535,-6572.984217967249
10.750559984428445,7.842217134080871,0.8956058830692823,49.38800398177535,-6572.984217967249
10.750559984428445,7.842217134080871,0.8956058830692823,49.38800398177535,-6572.984217967249
10.790652816829079,8.321371266662188,0.8368147868133927,49.30104253610161,-6573.238333044736
10.790652816829079,8.321371266662188,0.8368147868133927,49.30104253610161,-6573.238333044736
10.790652816829079,8.321371266662188,0.8368147868133927,49.30104253610161,-6573.238333044736
10.790652816829079,8.321371266662188,0.8368147868133927,49.30104253610161,-6573.238333044736
10.790652816829079,8.321371266662188,0.8368147868133927,49.30104253610161,-6573.238333044736
10.790652816829079,8.321371266662188,0.8368147868133927,49.30104253610161,-6573.238333044736
9.36726862333159,9.132650758457425,0.9356354652020447,49.37346349979468,-6572.582609460798
9.36726862333159,9.132650758457425,0.9356354652020447,49.37346349979468,-6572.582609460798
9.36726862333159,9.132650758457425,0.9356354652020447,49.37346349979468,-6572.582609460798
9.36726862333159,9.132650758457425,0.9356354652020447,49.37346349979468,-6572.582609460798
9.36726862333159,9.132650758457425,0.9356354652020447,49.37346349979468,-6572.582609460798
9.757238276282992,10.177390601972599,0.9192318351279446,50.64901075990029,-6572.826750714672
9.616124192477935,10.114071332937241,0.8499215133971151,51.096376770225554,-6572.155992665745
9.616124192477935,10.114071332937241,0.8499215133971151,51.096376770225554,-6572.155992665745
9.616124192477935,10.114071332937241,0.8499215133971151,51.096376770225554,-6572.155992665745
9.616124192477935,10.114071332937241,0.8499215133971151,51.096376770225554,-6572.155992665745
9.616124192477935,10.114071332937241,0.8499215133971151,51.096376770225554,-6572.155992665745
9.616124192477935,10.114071332937241,0.8499215133971151,51.096376770225554,-6572.155992665745
9.616124192477935,10.114071332937241,0.8499215133971151,51.096376770225554,-6572.155992665745
9.616124192477935,10.114071332937241,0.8499215133971151,51.096376770225554,-6572.155992665745
9.616124192477935,10.114071332937241,0.8499215133971151,51.096376770225554,-6572.155992665745
9.616124192477935,10.114071332937241,0.8499215133971151,51.096376770225554,-6572.155992665745
9.616124192477935,10.114071332937241,0.8499215133971151,51.096376770225554,-6572.155992665745
9.616124192477935,10.114071332937241,0.8499215133971151,51.096376770225554,-6572.155992665745
9.616124192477935,10.114071332937241,0.8499215133971151,51.096376770225554,-6572.155992665745
9.616124192477935,10.114071332937241,0.8499215133971151,51.096376770225554,-6572.155992665745
9.616124192477935,10.114071332937241,0.8499215133971151,51.096376770225554,-6572.155992665745
9.616124192477935,10.114071332937241,0.8499215133971151,51.096376770225554,-6572.155992665745
9.616124192477935,10.114071332937241,0.8499215133971151,51.096376770225554,-6572.155992665745
9.85051536466365,9.256628472146934,0.761763396442307,51.47020963139126,-6572.13152226256
9.85051536466365,9.256628472146934,0.761763396442307,51.47020963139126,-6572.13152226256
10.225929948014496,11.70666450550347,0.768695223823077,50.29598136709968,-6575.241264658936
11.004982961037726,8.582381393143748,0.9022022634516315,50.72891745298189,-6574.161258650643
11.004982961037726,8.582381393143748,0.9022022634516315,50.72891745298189,-6574.161258650643
11.004982961037726,8.582381393143748,0.9022022634516315,50.72891745298189,-6574.161258650643
11.004982961037726,8.582381393143748,0.9022022634516315,50.72891745298189,-6574.161258650643
11.146248816297271,7.978626384358749,0.8599503523264239,51.081174977552976,-6573.302805766237
10.944100611046274,6.261628041753004,0.806193249829367,50.7415409640604,-6571.014848863479
10.77846446885791,7.25761545691318,0.7208253622814789,49.956332503819254,-6570.884112134846
10.77846446885791,7.25761545691318,0.7208253622814789,49.956332503819254,-6570.884112134846
10.56384403985033,6.212107638569394,0.8309635134168734,50.361581890044036,-6571.205421927132
10.56384403985033,6.212107638569394,0.8309635134168734,50.361581890044036,-6571.205421927132
11.080993657512822,7.088407952856066,0.8727773588647069,50.813059919044,-6571.697090321761
10.615234388646957,6.112912851252502,0.928024404214272,50.95240139756818,-6571.769210519216
10.615234388646957,6.112912851252502,0.928024404214272,50.95240139756818,-6571.769210519216
9.461295232972402,8.708895489214068,0.8980210490288588,50.69013476039023,-6571.137659574433
9.461295232972402,8.708895489214068,0.8980210490288588,50.69013476039023,-6571.137659574433
9.461295232972402,8.708895489214068,0.8980210490288588,50.69013476039023,-6571.137659574433
10.142386783977368,8.583287511650331,0.9735460721982598,50.837384682257564,-6572.513742375428
10.142386783977368,8.583287511650331,0.9735460721982598,50.837384682257564,-6572.513742375428
10.142386783977368,8.583287511650331,0.9735460721982598,50.837384682257564,-6572.513742375428
10.142386783977368,8.583287511650331,0.9735460721982598,50.837384682257564,-6572.513742375428
10.142386783977368,8.583287511650331,0.9735460721982598,50.837384682257564,-6572.513742375428
10.142386783977368,8.583287511650331,0.9735460721982598,50.837384682257564,-6572.513742375428
10.142386783977368,8.583287511650331,0.9735460721982598,50.837384682257564,-6572.513742375428
11.448344541676095,4.146870123684519,0.9771301527678694,50.402126638646656,-6573.128290856288
11.448344541676095,4.146870123684519,0.9771301527678694,50.402126638646656,-6573.128290856288
11.448344541676095,4.146870123684519,0.9771301527678694,50.402126638646656,-6573.128290856288
11.448344541676095,4.146870123684519,0.9771301527678694,50.402126638646656,-6573.128290856288
11.448344541676095,4.146870123684519,0.9771301527678694,50.402126638646656,-6573.128290856288
10.258842056899018,6.5301273408300915,1.053923977931919,50.40456870866881,-6572.180169571025
10.258842056899018,6.5301273408300915,1.053923977931919,50.40456870866881,-6572.180169571025
9.399914863307595,7.201181187506194,0.9413784056129494,49.78807514412004,-6573.139951180651
9.848091628165182,6.792851399205241,1.0353175835736925,50.204805255903004,-6572.201331478051
9.848091628165182,6.792851399205241,1.0353175835736925,50.204805255903004,-6572.201331478051
9.848091628165182,6.792851399205241,1.0353175835736925,50.204805255903004,-6572.201331478051
9.848091628165182,6.792851399205241,1.0353175835736925,50.204805255903004,-6572.201331478051
10.126025863508625,9.81050742771326,0.7875907994138076,50.328873619651056,-6571.171579399826
10.126025863508625,9.81050742771326,0.7875907994138076,50.328873619651056,-6571.171579399826
10.126025863508625,9.81050742771326,0.7875907994138076,50.328873619651056,-6571.171579399826
10.126025863508625,9.81050742771326,0.7875907994138076,50.328873619651056,-6571.171579399826
10.126025863508625,9.81050742771326,0.7875907994138076,50.328873619651056,-6571.171579399826
10.126025863508625,9.81050742771326,0.7875907994138076,50.328873619651056,-6571.171579399826
10.03653661877731,6.899890254846275,0.9468868415098936,50.4580853121082,-6571.29498133038
10.03653661877731,6.899890254846275,0.9468868415098936,50.4580853121082,-6571.29498133038
10.03653661877731,6.899890254846275,0.9468868415098936,50.4580853121082,-6571.29498133038
10.03653661877731,6.899890254846275,0.9468868415098936,50.4580853121082,-6571.29498133038
10.03653661877731,6.899890254846275,0.9468868415098936,50.4580853121082,-6571.29498133038
10.03653661877731,6.899890254846275,0.9468868415098936,50.4580853121082,-6571.29498133038
10.451504839137051,6.428703207937183,0.7966963520102718,50.11452422752259,-6571.452227213108
10.451504839137051,6.428703207937183,0.7966963520102718,50.11452422752259,-6571.452227213108
10.451504839137051,6.428703207937183,0.7966963520102718,50.11452422752259,-6571.452227213108
10.43923351527135,7.94302213153043,0.8239032676498282,51.06013928510472,-6571.058714653336
10.43923351527135,7.94302213153043,0.8239032676498282,51.06013928510472,-6571.058714653336
10.75691906750951,5.911313504305165,0.8844573555278222,51.041867771985665,-6571.8818075763575
10.75691906750951,5.911313504305165,0.8844573555278222,51.041867771985665,-6571.8818075763575
10.75691906750951,5.911313504305165,0.8844573555278222,51.041867771985665,-6571.8818075763575
10.75691906750951,5.911313504305165,0.8844573555278222,51.041867771985665,-6571.8818075763575
9.326480782221715,7.211197902775968,0.9509372643533492,50.787699548678546,-6573.360762034739
9.326480782221715,7.211197902775968,0.9509372643533492,50.787699548678546,-6573.360762034739
9.326480782221715,7.211197902775968,0.9509372643533492,50.787699548678546,-6573.360762034739
9.326480782221715,7.211197902775968,0.9509372643533492,50.787699548678546,-6573.360762034739
9.860921425196782,7.228858310992704,1.214719529587584,50.94044218595271,-6575.290436251323
9.860921425196782,7.228858310992704,1.214719529587584,50.94044218595271,-6575.290436251323
10.303258422071432,5.957928029523911,1.2599713711691591,50.36731228074079,-6575.356904953167
10.303258422071432,5.957928029523911,1.2599713711691591,50.36731228074079,-6575.356904953167
10.303258422071432,5.957928029523911,1.2599713711691591,50.36731228074079,-6575.356904953167
8.969069048590361,8.6576702629932,1.0719999836244118,50.88408250222056,-6573.773769845731
8.969069048590361,8.6576702629932,1.0719999836244118,50.88408250222056,-6573.773769845731
11.229320115596053,6.007536894401403,0.9754794249927559,50.63564710601852,-6572.410552006033
11.229320115596053,6.007536894401403,0.9754794249927559,50.63564710601852,-6572.410552006033
11.229320115596053,6.007536894401403,0.9754794249927559,50.63564710601852,-6572.410552006033
10.80575226712203,7.9691400555084,0.7844995703415064,51.60309565929998,-6572.782626512557
10.547647633683408,9.414269658377647,0.7917475502991346,50.91398423605256,-6572.228202019327
10.547647633683408,9.414269658377647,0.7917475502991346,50.91398423605256,-6572.228202019327
10.921878890271246,8.13776284701699,0.6092162263586911,51.04768123813119,-6571.661986513933
10.921878890271246,8.13776284701699,0.6092162263586911,51.04768123813119,-6571.661986513933
10.921878890271246,8.13776284701699,0.6092162263586911,51.04768123813119,-6571.661986513933
10.921878890271246,8.13776284701699,0.6092162263586911,51.04768123813119,-6571.661986513933
10.921878890271246,8.13776284701699,0.6092162263586911,51.04768123813119,-6571.661986513933
10.921878890271246,8.13776284701699,0.6092162263586911,51.04768123813119,-6571.661986513933
10.921878890271246,8.13776284701699,0.6092162263586911,51.04768123813119,-6571.661986513933
10.921878890271246,8.13776284701699,0.6092162263586911,51.04768123813119,-6571.661986513933
10.921878890271246,8.13776284701699,0.6092162263586911,51.04768123813119,-6571.661986513933
10.921878890271246,8.13776284701699,0.6092162263586911,51.04768123813119,-6571.661986513933
10.921878890271246,8.13776284701699,0.6092162263586911,51.04768123813119,-6571.661986513933
10.921878890271246,8.13776284701699,0.6092162263586911,51.04768123813119,-6571.661986513933
10.921878890271246,8.13776284701699,0.6092162263586911,51.04768123813119,-6571.661986513933
10.921878890271246,8.13776284701699,0.6092162263586911,51.04768123813119,-6571.661986513933
10.921878890271246,8.13776284701699,0.6092162263586911,51.04768123813119,-6571.661986513933
10.921878890271246,8.13776284701699,0.6092162263586911,51.04768123813119,-6571.661986513933
10.420574948207717,8.90171357924563,0.6754848003659539,50.63772938508976,-6570.4765150953135
10.420574948207717,8.90171357924563,0.6754848003659539,50.63772938508976,-6570.4765150953135
10.420574948207717,8.90171357924563,0.6754848003659539,50.63772938508976,-6570.4765150953135
10.420574948207717,8.90171357924563,0.6754848003659539,50.63772938508976,-6570.4765150953135
10.420574948207717,8.90171357924563,0.6754848003659539,50.63772938508976,-6570.4765150953135
10.420574948207717,8.90171357924563,0.6754848003659539,50.63772938508976,-6570.4765150953135
10.420574948207717,8.90171357924563,0.6754848003659539,50.63772938508976,-6570.4765150953135
10.420574948207717,8.90171357924563,0.6754848003659539,50.63772938508976,-6570.4765150953135
9.695625794327745,10.429368220264035,0.7889528289002319,49.56893945161948,-6572.018815410984
10.211412102021272,8.26791058376212,0.576339908967072,50.32915640516205,-6572.695140954502
10.211412102021272,8.26791058376212,0.576339908967072,50.32915640516205,-6572.695140954502
10.211412102021272,8.26791058376212,0.576339908967072,50.32915640516205,-6572.695140954502
10.755817932284105,6.987224963749425,0.7355340623094355,50.575371712160404,-6570.67902587446
10.755817932284105,6.987224963749425,0.7355340623094355,50.575371712160404,-6570.67902587446
10.755817932284105,6.987224963749425,0.7355340623094355,50.575371712160404,-6570.67902587446
10.755817932284105,6.987224963749425,0.7355340623094355,50.575371712160404,-6570.67902587446
10.755817932284105,6.987224963749425,0.7355340623094355,50.575371712160404,-6570.67902587446
10.755817932284105,6.987224963749425,0.7355340623094355,50.575371712160404,-6570.67902587446
10.755817932284105,6.987224963749425,0.7355340623094355,50.575371712160404,-6570.67902587446
11.691110692302397,6.456319938642818,0.7016498384531294,50.22418007569382,-6571.741965522839
11.691110692302397,6.456319938642818,0.7016498384531294,50.22418007569382,-6571.741965522839
11.691110692302397,6.456319938642818,0.7016498384531294,50.22418007569382,-6571.741965522839
11.691110692302397,6.456319938642818,0.7016498384531294,50.22418007569382,-6571.741965522839
11.691110692302397,6.456319938642818,0.7016498384531294,50.22418007569382,-6571.741965522839
11.691110692302397,6.456319938642818,0.7016498384531294,50.22418007569382,-6571.741965522839
11.691110692302397,6.456319938642818,0.7016498384531294,50.22418007569382,-6571.741965522839
11.691110692302397,6.456319938642818,0.7016498384531294,50.22418007569382,-6571.741965522839
11.691110692302397,6.456319938642818,0.7016498384531294,50.22418007569382,-6571.741965522839
11.691110692302397,6.456319938642818,0.7016498384531294,50.22418007569382,-6571.741965522839
11.691110692302397,6.456319938642818,0.7016498384531294,50.22418007569382,-6571.741965522839
11.691110692302397,6.456319938642818,0.7016498384531294,50.22418007569382,-6571.741965522839
11.691110692302397,6.456319938642818,0.7016498384531294,50.22418007569382,-6571.741965522839
11.691110692302397,6.456319938642818,0.7016498384531294,50.22418007569382,-6571.741965522839
11.691110692302397,6.456319938642818,0.7016498384531294,50.22418007569382,-6571.741965522839
11.691110692302397,6.456319938642818,0.7016498384531294,50.22418007569382,-6571.741965522839
11.691110692302397,6.456319938642818,0.7016498384531294,50.22418007569382,-6571.741965522839
11.691110692302397,6.456319938642818,0.7016498384531294,50.22418007569382,-6571.741965522839
11.691110692302397,6.456319938642818,0.7016498384531294,50.22418007569382,-6571.741965522839
11.691110692302397,6.456319938642818,0.7016498384531294,50.22418007569382,-6571.741965522839
11.630244619961976,6.241719115180889,0.5776050757907084,50.99151166088166,-6573.656714839464
11.630244619961976,6.241719115180889,0.5776050757907084,50.99151166088166,-6573.656714839464
11.630244619961976,6.241719115180889,0.5776050757907084,50.99151166088166,-6573.656714839464
11.715633712667415,7.445660272585161,0.7510302099092787,51.09606774234811,-6573.2426283663535
11.368036809791576,4.909710983084277,0.8173891559836941,50.04128865715086,-6572.429763816997
11.368036809791576,4.909710983084277,0.8173891559836941,50.04128865715086,-6572.429763816997
10.332706686506418,6.00007982133886,0.8769854908100828,50.00033519485287,-6572.098414477436
9.310729313436651,9.143487868023819,0.8900456644589574,49.17600234748942,-6572.979849503075
9.310729313436651,9.143487868023819,0.8900456644589574,49.17600234748942,-6572.979849503075
9.310729313436651,9.143487868023819,0.8900456644589574,49.17600234748942,-6572.979849503075
9.310729313436651,9.143487868023819,0.8900456644589574,49.17600234748942,-6572.979849503075
9.310729313436651,9.143487868023819,0.8900456644589574,49.17600234748942,-6572.979849503075
9.310729313436651,9.143487868023819,0.8900456644589574,49.17600234748942,-6572.979849503075
9.310729313436651,9.143487868023819,0.8900456644589574,49.17600234748942,-6572.979849503075
9.48438825721308,8.700671782623202,0.9851980376377445,49.43312764266367,-6572.739314695147
9.643267871320132,7.9383319478401795,0.8197949431504152,49.912583697075696,-6571.356477166359
10.630501887233164,6.966178394100711,0.609385712756405,49.96635202922681,-6573.522753671934
11.492441758788697,7.234232334317695,0.4970593642281912,50.22668929017179,-6574.474072927528
11.492441758788697,7.234232334317695,0.4970593642281912,50.22668929017179,-6574.474072927528
11.492441758788697,7.234232334317695,0.4970593642281912,50.22668929017179,-6574.474072927528
11.492441758788697,7.234232334317695,0.4970593642281912,50.22668929017179,-6574.474072927528
11.492441758788697,7.234232334317695,0.4970593642281912,50.22668929017179,-6574.474072927528
11.492441758788697,7.234232334317695,0.4970593642281912,50.22668929017179,-6574.474072927528
11.886017275169882,4.563134323267904,0.7018216982514978,51.04353856336146,-6574.029192285396
11.886017275169882,4.563134323267904,0.7018216982514978,51.04353856336146,-6574.029192285396
12.24604767856711,7.288652637742699,0.5905056990962221,50.92984209525317,-6573.973161632744
12.24604767856711,7.288652637742699,0.5905056990962221,50.92984209525317,-6573.973161632744
12.24604767856711,7.288652637742699,0.5905056990962221,50.92984209525317,-6573.973161632744
12.24604767856711,7.288652637742699,0.5905056990962221,50.92984209525317,-6573.973161632744
12.24604767856711,7.288652637742699,0.5905056990962221,50.92984209525317,-6573.973161632744
12.24604767856711,7.288652637742699,0.5905056990962221,50.92984209525317,-6573.973161632744
11.786607735344734,4.913761227543324,0.7845588601879667,51.298761516354155,-6573.234300893993
10.898930342794205,5.377026867907678,0.8236514288935478,50.815898832253964,-6572.2757478650665
11.215396128512099,4.970170578045372,0.8879780631155065,50.11396875850036,-6572.130821636663
11.215396128512099,4.970170578045372,0.8879780631155065,50.11396875850036,-6572.130821636663
11.215396128512099,4.970170578045372,0.8879780631155065,50.11396875850036,-6572.130821636663
11.215396128512099,4.970170578045372,0.8879780631155065,50.11396875850036,-6572.130821636663
11.215396128512099,4.970170578045372,0.8879780631155065,50.11396875850036,-6572.130821636663
10.885636144642667,6.58187371756641,0.8922062338656829,50.01923369403815,-6571.189320079819
9.134989194981229,9.392195581491034,0.9073692695587579,49.465399305083245,-6572.388434987289
9.134989194981229,9.392195581491034,0.9073692695587579,49.465399305083245,-6572.388434987289
9.134989194981229,9.392195581491034,0.9073692695587579,49.465399305083245,-6572.388434987289
9.134989194981229,9.392195581491034,0.9073692695587579,49.465399305083245,-6572.388434987289
9.134989194981229,9.392195581491034,0.9073692695587579,49.465399305083245,-6572.388434987289
9.134989194981229,9.392195581491034,0.9073692695587579,49.465399305083245,-6572.388434987289
9.134989194981229,9.392195581491034,0.9073692695587579,49.465399305083245,-6572.388434987289
9.134989194981229,9.392195581491034,0.9073692695587579,49.465399305083245,-6572.388434987289
9.134989194981229,9.392195581491034,0.9073692695587579,49.465399305083245,-6572.388434987289
9.959610406434418,7.505483360058039,0.964399438963872,49.96434809409501,-6571.350761060426
9.959610406434418,7.505483360058039,0.964399438963872,49.96434809409501,-6571.350761060426
9.959610406434418,7.505483360058039,0.964399438963872,49.96434809409501,-6571.350761060426
9.959610406434418,7.505483360058039,0.964399438963872,49.96434809409501,-6571.350761060426
10.20194155872928,7.939521312118435,0.939091663004397,50.518549988940116,-6571.165969305102
10.20194155872928,7.939521312118435,0.939091663004397,50.518549988940116,-6571.165969305102
10.20194155872928,7.939521312118435,0.939091663004397,50.518549988940116,-6571.165969305102
10.20194155872928,7.939521312118435,0.939091663004397,50.518549988940116,-6571.165969305102
10.20194155872928,7.939521312118435,0.939091663004397,50.518549988940116,-6571.165969305102
10.469436820760421,7.532635823141954,0.8315970281261862,50.15521189373776,-6570.411125239557
10.469436820760421,7.532635823141954,0.8315970281261862,50.15521189373776,-6570.411125239557
10.469436820760421,7.532635823141954,0.8315970281261862,50.15521189373776,-6570.411125239557
10.469436820760421,7.532635823141954,0.8315970281261862,50.15521189373776,-6570.411125239557
10.469436820760421,7.532635823141954,0.8315970281261862,50.15521189373776,-6570.411125239557
10.469436820760421,7.532635823141954,0.8315970281261862,50.15521189373776,-6570.411125239557
10.469436820760421,7.532635823141954,0.8315970281261862,50.15521189373776,-6570.411125239557
10.469436820760421,7.532635823141954,0.8315970281261862,50.15521189373776,-6570.411125239557
10.469436820760421,7.532635823141954,0.8315970281261862,50.15521189373776,-6570.411125239557
10.469436820760421,7.532635823141954,0.8315970281261862,50.15521189373776,-6570.411125239557
10.469436820760421,7.532635823141954,0.8315970281261862,50.15521189373776,-6570.411125239557
10.469436820760421,7.532635823141954,0.8315970281261862,50.15521189373776,-6570.411125239557
10.469436820760421,7.532635823141954,0.8315970281261862,50.15521189373776,-6570.411125239557
10.469436820760421,7.532635823141954,0.8315970281261862,50.15521189373776,-6570.411125239557
10.469436820760421,7.532635823141954,0.8315970281261862,50.15521189373776,-6570.411125239557
10.469436820760421,7.532635823141954,0.8315970281261862,50.15521189373776,-6570.411125239557
10.469436820760421,7.532635823141954,0.8315970281261862,50.15521189373776,-6570.411125239557
10.469436820760421,7.532635823141954,0.8315970281261862,50.15521189373776,-6570.411125239557
10.469436820760421,7.532635823141954,0.8315970281261862,50.15521189373776,-6570.411125239557
10.469436820760421,7.532635823141954,0.8315970281261862,50.15521189373776,-6570.411125239557
10.373778945333692,8.06105880589214,0.8241679253817815,49.937942095673854,-6570.613086507425
9.669117646546303,8.339792110636044,0.9691434969711938,50.12678516776006,-6571.361076905625
10.400572869228686,8.591632288987784,0.9618687112527973,49.649466936537735,-6573.32877532067
9.122592297538217,8.65560001101882,0.8249200893367334,49.67604651960741,-6572.563610993817
9.122592297538217,8.65560001101882,0.8249200893367334,49.67604651960741,-6572.563610993817
9.16218024327308,9.341536759645608,0.9123895575012827,50.294726025692995,-6571.318911439972
9.16218024327308,9.341536759645608,0.9123895575012827,50.294726025692995,-6571.318911439972
9.16218024327308,9.341536759645608,0.9123895575012827,50.294726025692995,-6571.318911439972
9.526077456326178,9.321336307893027,0.8752023157000741,50.12738663254333,-6570.842187160238
10.004695112500743,8.713338806376008,0.7114149649445798,50.39353179506702,-6570.310527997527
10.004695112500743,8.713338806376008,0.7114149649445798,50.39353179506702,-6570.310527997527
10.55383897631236,7.926029178014206,0.7523277389073049,50.21124040872916,-6570.282557612254
10.55383897631236,7.926029178014206,0.7523277389073049,50.21124040872916,-6570.282557612254
10.55383897631236,7.926029178014206,0.7523277389073049,50.21124040872916,-6570.282557612254
10.55383897631236,7.926029178014206,0.7523277389073049,50.21124040872916,-6570.282557612254
10.4979250853336,9.422091652900994,0.7011009444117573,50.45241323294486,-6570.894116786608
10.4979250853336,9.422091652900994,0.7011009444117573,50.45241323294486,-6570.894116786608
10.4979250853336,9.422091652900994,0.7011009444117573,50.45241323294486,-6570.894116786608
10.4979250853336,9.422091652900994,0.7011009444117573,50.45241323294486,-6570.894116786608
10.4979250853336,9.422091652900994,0.7011009444117573,50.45241323294486,-6570.894116786608
10.863762004612529,7.649340190356144,0.799972519450697,50.523910154825735,-6570.7183058627015
10.863762004612529,7.649340190356144,0.799972519450697,50.523910154825735,-6570.7183058627015
10.863762004612529,7.649340190356144,0.799972519450697,50.523910154825735,-6570.7183058627015
10.863762004612529,7.649340190356144,0.799972519450697,50.523910154825735,-6570.7183058627015
10.863762004612529,7.649340190356144,0.799972519450697,50.523910154825735,-6570.7183058627015
10.863762004612529,7.649340190356144,0.799972519450697,50.523910154825735,-6570.7183058627015
10.863762004612529,7.649340190356144,0.799972519450697,50.523910154825735,-6570.7183058627015
10.863762004612529,7.649340190356144,0.799972519450697,50.523910154825735,-6570.7183058627015
10.863762004612529,7.649340190356144,0.799972519450697,50.523910154825735,-6570.7183058627015
10.863762004612529,7.649340190356144,0.799972519450697,50.523910154825735,-6570.7183058627015
10.863762004612529,7.649340190356144,0.799972519450697,50.523910154825735,-6570.7183058627015
10.863762004612529,7.649340190356144,0.799972519450697,50.523910154825735,-6570.7183058627015
10.748640031900806,6.961959876664137,0.895781267545664,49.94024708038389,-6571.203807196096
10.748640031900806,6.961959876664137,0.895781267545664,49.94024708038389,-6571.203807196096
10.748640031900806,6.961959876664137,0.895781267545664,49.94024708038389,-6571.203807196096
10.748640031900806,6.961959876664137,0.895781267545664,49.94024708038389,-6571.203807196096
10.748640031900806,6.961959876664137,0.895781267545664,49.94024708038389,-6571.203807196096
10.748640031900806,6.961959876664137,0.895781267545664,49.94024708038389,-6571.203807196096
10.748640031900806,6.961959876664137,0.895781267545664,49.94024708038389,-6571.203807196096
10.748640031900806,6.961959876664137,0.895781267545664,49.94024708038389,-6571.203807196096
10.748640031900806,6.961959876664137,0.895781267545664,49.94024708038389,-6571.203807196096
11.612177777306382,6.862014636759405,0.6835609130788068,50.15370356530082,-6571.74049464539
11.612177777306382,6.862014636759405,0.6835609130788068,50.15370356530082,-6571.74049464539
11.612177777306382,6.862014636759405,0.6835609130788068,50.15370356530082,-6571.74049464539
11.612177777306382,6.862014636759405,0.6835609130788068,50.15370356530082,-6571.74049464539
11.612177777306382,6.862014636759405,0.6835609130788068,50.15370356530082,-6571.74049464539
11.612177777306382,6.862014636759405,0.6835609130788068,50.15370356530082,-6571.74049464539
11.612177777306382,6.862014636759405,0.6835609130788068,50.15370356530082,-6571.74049464539
11.612177777306382,6.862014636759405,0.6835609130788068,50.15370356530082,-6571.74049464539
11.612177777306382,6.862014636759405,0.6835609130788068,50.15370356530082,-6571.74049464539
11.612177777306382,6.862014636759405,0.6835609130788068,50.15370356530082,-6571.74049464539
11.612177777306382,6.862014636759405,0.6835609130788068,50.15370356530082,-6571.74049464539
10.908200846872424,5.9812996515855135,0.740168717902571,49.965578744523526,-6572.087739426439
10.791574769273492,9.062644678701323,0.7780142906180346,49.83642066329372,-6572.406494438319
9.894398210509712,9.355206471216501,0.7640195468030603,50.212405784392686,-6570.297314746258
9.894398210509712,9.355206471216501,0.7640195468030603,50.212405784392686,-6570.297314746258
10.352213188154561,8.359610744043547,0.8565727585876437,50.46433329051714,-6570.755422016597
10.352213188154561,8.359610744043547,0.8565727585876437,50.46433329051714,-6570.755422016597
10.352213188154561,8.359610744043547,0.8565727585876437,50.46433329051714,-6570.755422016597
10.352213188154561,8.359610744043547,0.8565727585876437,50.46433329051714,-6570.755422016597
10.352213188154561,8.359610744043547,0.8565727585876437,50.46433329051714,-6570.755422016597
10.352213188154561,8.359610744043547,0.8565727585876437,50.46433329051714,-6570.755422016597
10.352213188154561,8.359610744043547,0.8565727585876437,50.46433329051714,-6570.755422016597
10.352213188154561,8.359610744043547,0.8565727585876437,50.46433329051714,-6570.755422016597
10.352213188154561,8.359610744043547,0.8565727585876437,50.46433329051714,-6570.755422016597
10.352213188154561,8.359610744043547,0.8565727585876437,50.46433329051714,-6570.755422016597
10.352213188154561,8.359610744043547,0.8565727585876437,50.46433329051714,-6570.755422016597
10.352213188154561,8.359610744043547,0.8565727585876437,50.46433329051714,-6570.755422016597
10.352213188154561,8.359610744043547,0.8565727585876437,50.46433329051714,-6570.755422016597
10.352213188154561,8.359610744043547,0.8565727585876437,50.46433329051714,-6570.755422016597
10.352213188154561,8.359610744043547,0.8565727585876437,50.46433329051714,-6570.755422016597
10.352213188154561,8.359610744043547,0.8565727585876437,50.46433329051714,-6570.755422016597
10.352213188154561,8.359610744043547,0.8565727585876437,50.46433329051714,-6570.755422016597
10.352213188154561,8.359610744043547,0.8565727585876437,50.46433329051714,-6570.755422016597
10.352213188154561,8.359610744043547,0.8565727585876437,50.46433329051714,-6570.755422016597
10.876990544395193,7.654647101228418,0.7544640308257856,50.63779995738786,-6570.5806797143505
10.876990544395193,7.654647101228418,0.7544640308257856,50.63779995738786,-6570.5806797143505
10.876990544395193,7.654647101228418,0.7544640308257856,50.63779995738786,-6570.5806797143505
9.596575800860196,10.12214901999706,0.7557316454315381,51.0751265836673,-6571.35549490045
9.596575800860196,10.12214901999706,0.7557316454315381,51.0751265836673,-6571.35549490045
10.268047570850499,9.620407849682595,0.6816609519840755,51.453533868946366,-6572.2266138868345
10.268047570850499,9.620407849682595,0.6816609519840755,51.453533868946366,-6572.2266138868345
10.268047570850499,9.620407849682595,0.6816609519840755,51.453533868946366,-6572.2266138868345
10.268047570850499,9.620407849682595,0.6816609519840755,51.453533868946366,-6572.2266138868345
10.268047570850499,9.620407849682595,0.6816609519840755,51.453533868946366,-6572.2266138868345
10.268047570850499,9.620407849682595,0.6816609519840755,51.453533868946366,-6572.2266138868345
10.268047570850499,9.620407849682595,0.6816609519840755,51.453533868946366,-6572.2266138868345
10.268047570850499,9.620407849682595,0.6816609519840755,51.453533868946366,-6572.2266138868345
10.268047570850499,9.620407849682595,0.6816609519840755,51.453533868946366,-6572.2266138868345
10.268047570850499,9.620407849682595,0.6816609519840755,51.453533868946366,-6572.2266138868345
10.268047570850499,9.620407849682595,0.6816609519840755,51.453533868946366,-6572.2266138868345
10.268047570850499,9.620407849682595,0.6816609519840755,51.453533868946366,-6572.2266138868345
10.268047570850499,9.620407849682595,0.6816609519840755,51.453533868946366,-6572.2266138868345
10.268047570850499,9.620407849682595,0.6816609519840755,51.453533868946366,-6572.2266138868345
10.268047570850499,9.620407849682595,0.6816609519840755,51.453533868946366,-6572.2266138868345
10.268047570850499,9.620407849682595,0.6816609519840755,51.453533868946366,-6572.2266138868345
11.628471549003546,8.210493947654978,0.5652737126124803,51.58748316109913,-6574.216938659283
11.628471549003546,8.210493947654978,0.5652737126124803,51.58748316109913,-6574.216938659283
11.628471549003546,8.210493947654978,0.5652737126124803,51.58748316109913,-6574.216938659283
11.381116381216788,8.1903354244357,0.7144521869999123,51.1407118065241,-6572.731472370455
11.381116381216788,8.1903354244357,0.7144521869999123,51.1407118065241,-6572.731472370455
11.381116381216788,8.1903354244357,0.7144521869999123,51.1407118065241,-6572.731472370455
11.241226802500869,6.570296874059089,0.7392286130982575,51.424943302081864,-6572.345321419514
10.626987038795166,7.256330937826593,0.8210982635362605,50.22094009453342,-6570.4317271186455
10.626987038795166,7.256330937826593,0.8210982635362605,50.22094009453342,-6570.4317271186455
10.626987038795166,7.256330937826593,0.8210982635362605,50.22094009453342,-6570.4317271186455
10.626987038795166,7.256330937826593,0.8210982635362605,50.22094009453342,-6570.4317271186455
10.626987038795166,7.256330937826593,0.8210982635362605,50.22094009453342,-6570.4317271186455
10.626987038795166,7.256330937826593,0.8210982635362605,50.22094009453342,-6570.4317271186455
10.626987038795166,7.256330937826593,0.8210982635362605,50.22094009453342,-6570.4317271186455
10.626987038795166,7.256330937826593,0.8210982635362605,50.22094009453342,-6570.4317271186455
10.626987038795166,7.256330937826593,0.8210982635362605,50.22094009453342,-6570.4317271186455
10.527712674715707,4.827774952329422,0.950460226163262,49.906862321419744,-6573.919728393086
10.527712674715707,4.827774952329422,0.950460226163262,49.906862321419744,-6573.919728393086
10.527712674715707,4.827774952329422,0.950460226163262,49.906862321419744,-6573.919728393086
10.527712674715707,4.827774952329422,0.950460226163262,49.906862321419744,-6573.919728393086
11.479672735593665,5.085333216258042,0.9499611885025007,49.57364828527827,-6573.326882236914
11.479672735593665,5.085333216258042,0.9499611885025007,49.57364828527827,-6573.326882236914
11.479672735593665,5.085333216258042,0.9499611885025007,49.57364828527827,-6573.326882236914
11.479672735593665,5.085333216258042,0.9499611885025007,49.57364828527827,-6573.326882236914
11.479672735593665,5.085333216258042,0.9499611885025007,49.57364828527827,-6573.326882236914
11.479672735593665,5.085333216258042,0.9499611885025007,49.57364828527827,-6573.326882236914
11.479672735593665,5.085333216258042,0.9499611885025007,49.57364828527827,-6573.326882236914
11.479672735593665,5.085333216258042,0.9499611885025007,49.57364828527827,-6573.326882236914
11.479672735593665,5.085333216258042,0.9499611885025007,49.57364828527827,-6573.326882236914
11.479672735593665,5.085333216258042,0.9499611885025007,49.57364828527827,-6573.326882236914
11.366715556035071,6.099458269861668,0.8526020935503098,50.149380241322675,-6571.487496278989
11.366715556035071,6.099458269861668,0.8526020935503098,50.149380241322675,-6571.487496278989
11.366715556035071,6.099458269861668,0.8526020935503098,50.149380241322675,-6571.487496278989
11.366715556035071,6.099458269861668,0.8526020935503098,50.149380241322675,-6571.487496278989
11.366715556035071,6.099458269861668,0.8526020935503098,50.149380241322675,-6571.487496278989
11.366715556035071,6.099458269861668,0.8526020935503098,50.149380241322675,-6571.487496278989
11.366715556035071,6.099458269861668,0.8526020935503098,50.149380241322675,-6571.487496278989
11.366715556035071,6.099458269861668,0.8526020935503098,50.149380241322675,-6571.487496278989
11.366715556035071,6.099458269861668,0.8526020935503098,50.149380241322675,-6571.487496278989
11.366715556035071,6.099458269861668,0.8526020935503098,50.149380241322675,-6571.487496278989
11.366715556035071,6.099458269861668,0.8526020935503098,50.149380241322675,-6571.487496278989
11.366715556035071,6.099458269861668,0.8526020935503098,50.149380241322675,-6571.487496278989
11.366715556035071,6.099458269861668,0.8526020935503098,50.149380241322675,-6571.487496278989
11.366715556035071,6.099458269861668,0.8526020935503098,50.149380241322675,-6571.487496278989
11.366715556035071,6.099458269861668,0.8526020935503098,50.149380241322675,-6571.487496278989
11.366715556035071,6.099458269861668,0.8526020935503098,50.149380241322675,-6571.487496278989
11.366715556035071,6.099458269861668,0.8526020935503098,50.149380241322675,-6571.487496278989
11.366715556035071,6.099458269861668,0.8526020935503098,50.149380241322675,-6571.487496278989
11.366715556035071,6.099458269861668,0.8526020935503098,50.149380241322675,-6571.487496278989
11.366715556035071,6.099458269861668,0.8526020935503098,50.149380241322675,-6571.487496278989
11.366715556035071,6.099458269861668,0.8526020935503098,50.149380241322675,-6571.487496278989
11.366715556035071,6.099458269861668,0.8526020935503098,50.149380241322675,-6571.487496278989
11.366715556035071,6.099458269861668,0.8526020935503098,50.149380241322675,-6571.487496278989
11.366715556035071,6.099458269861668,0.8526020935503098,50.149380241322675,-6571.487496278989
10.872212359328028,8.563960330751643,0.751043752341816,50.55275414475753,-6571.224305374831
10.872212359328028,8.563960330751643,0.751043752341816,50.55275414475753,-6571.224305374831
10.872212359328028,8.563960330751643,0.751043752341816,50.55275414475753,-6571.224305374831
10.306402991181251,9.538438033372591,0.7215675751222548,51.11926296414585,-6571.475283103925
9.44686843279557,11.685714371387386,0.6022758501603556,50.430185189631835,-6571.685135376449
9.44686843279557,11.685714371387386,0.6022758501603556,50.430185189631835,-6571.685135376449
9.44686843279557,11.685714371387386,0.6022758501603556,50.430185189631835,-6571.685135376449
9.44686843279557,11.685714371387386,0.6022758501603556,50.430185189631835,-6571.685135376449
9.44686843279557,11.685714371387386,0.6022758501603556,50.430185189631835,-6571.685135376449
9.44686843279557,11.685714371387386,0.6022758501603556,50.430185189631835,-6571.685135376449
9.44686843279557,11.685714371387386,0.6022758501603556,50.430185189631835,-6571.685135376449
9.44686843279557,11.685714371387386,0.6022758501603556,50.430185189631835,-6571.685135376449
9.370735847506834,11.151766670488842,0.5669481174377429,50.48529387210461,-6572.021807492083
9.16864905417971,10.500851606202431,0.7867836027748712,50.71226848451588,-6571.168778665902
9.16864905417971,10.500851606202431,0.7867836027748712,50.71226848451588,-6571.168778665902
9.16864905417971,10.500851606202431,0.7867836027748712,50.71226848451588,-6571.168778665902
9.16864905417971,10.500851606202431,0.7867836027748712,50.71226848451588,-6571.168778665902
9.401962457095667,10.610424188130837,0.6328360103422982,51.02378198020158,-6571.837440031126
9.401962457095667,10.610424188130837,0.6328360103422982,51.02378198020158,-6571.837440031126
9.401962457095667,10.610424188130837,0.6328360103422982,51.02378198020158,-6571.837440031126
9.401962457095667,10.610424188130837,0.6328360103422982,51.02378198020158,-6571.837440031126
9.674241829539499,13.008144006158812,0.74708032755638,50.608087314601605,-6575.824231829741
9.361482068194867,13.447243705957055,0.8008722880182999,51.127699894603204,-6577.466961190776
8.705066431106388,10.181228767198704,0.9952064646884236,51.595424819905844,-6575.673817235502
8.705066431106388,10.181228767198704,0.9952064646884236,51.595424819905844,-6575.673817235502
9.653604627189399,6.073766198803986,0.9358009880076036,50.99046951102391,-6574.943815804189
9.653604627189399,6.073766198803986,0.9358009880076036,50.99046951102391,-6574.943815804189
9.653604627189399,6.073766198803986,0.9358009880076036,50.99046951102391,-6574.943815804189
9.653604627189399,6.073766198803986,0.9358009880076036,50.99046951102391,-6574.943815804189
9.653604627189399,6.073766198803986,0.9358009880076036,50.99046951102391,-6574.943815804189
10.588439369622707,6.922361894087311,0.8412916737219516,51.55099921710063,-6572.6018595195865
10.588439369622707,6.922361894087311,0.8412916737219516,51.55099921710063,-6572.6018595195865
10.588439369622707,6.922361894087311,0.8412916737219516,51.55099921710063,-6572.6018595195865
11.053227967657541,6.315211391988222,0.7652163338392507,50.76162582815321,-6571.082989793587
11.053227967657541,6.315211391988222,0.7652163338392507,50.76162582815321,-6571.082989793587
11.053227967657541,6.315211391988222,0.7652163338392507,50.76162582815321,-6571.082989793587
11.053227967657541,6.315211391988222,0.7652163338392507,50.76162582815321,-6571.082989793587
11.053227967657541,6.315211391988222,0.7652163338392507,50.76162582815321,-6571.082989793587
11.053227967657541,6.315211391988222,0.7652163338392507,50.76162582815321,-6571.082989793587
11.053227967657541,6.315211391988222,0.7652163338392507,50.76162582815321,-6571.082989793587
11.053227967657541,6.315211391988222,0.7652163338392507,50.76162582815321,-6571.082989793587
11.053227967657541,6.315211391988222,0.7652163338392507,50.76162582815321,-6571.082989793587
11.053227967657541,6.315211391988222,0.7652163338392507,50.76162582815321,-6571.082989793587
11.053227967657541,6.315211391988222,0.7652163338392507,50.76162582815321,-6571.082989793587
11.053227967657541,6.315211391988222,0.7652163338392507,50.76162582815321,-6571.082989793587
11.053227967657541,6.315211391988222,0.7652163338392507,50.76162582815321,-6571.082989793587
11.053227967657541,6.315211391988222,0.7652163338392507,50.76162582815321,-6571.082989793587
11.053227967657541,6.315211391988222,0.7652163338392507,50.76162582815321,-6571.082989793587
9.076458238383811,9.226250897939183,0.8217303296968834,50.732721627461046,-6571.694676591273
9.076458238383811,9.226250897939183,0.8217303296968834,50.732721627461046,-6571.694676591273
9.076458238383811,9.226250897939183,0.8217303296968834,50.732721627461046,-6571.694676591273
9.076458238383811,9.226250897939183,0.8217303296968834,50.732721627461046,-6571.694676591273
9.076458238383811,9.226250897939183,0.8217303296968834,50.732721627461046,-6571.694676591273
9.076458238383811,9.226250897939183,0.8217303296968834,50.732721627461046,-6571.694676591273
10.023423333776524,8.39592373035636,0.8035697675745027,50.427668971742065,-6570.191767587079
10.023423333776524,8.39592373035636,0.8035697675745027,50.427668971742065,-6570.191767587079
10.023423333776524,8.39592373035636,0.8035697675745027,50.427668971742065,-6570.191767587079
10.023423333776524,8.39592373035636,0.8035697675745027,50.427668971742065,-6570.191767587079
10.023423333776524,8.39592373035636,0.8035697675745027,50.427668971742065,-6570.191767587079
10.023423333776524,8.39592373035636,0.8035697675745027,50.427668971742065,-6570.191767587079
10.023423333776524,8.39592373035636,0.8035697675745027,50.427668971742065,-6570.191767587079
10.023423333776524,8.39592373035636,0.8035697675745027,50.427668971742065,-6570.191767587079
10.023423333776524,8.39592373035636,0.8035697675745027,50.427668971742065,-6570.191767587079
10.023423333776524,8.39592373035636,0.8035697675745027,50.427668971742065,-6570.191767587079
10.023423333776524,8.39592373035636,0.8035697675745027,50.427668971742065,-6570.191767587079
10.023423333776524,8.39592373035636,0.8035697675745027,50.427668971742065,-6570.191767587079
10.023423333776524,8.39592373035636,0.8035697675745027,50.427668971742065,-6570.191767587079
10.023423333776524,8.39592373035636,0.8035697675745027,50.427668971742065,-6570.191767587079
10.023423333776524,8.39592373035636,0.8035697675745027,50.427668971742065,-6570.191767587079
10.023423333776524,8.39592373035636,0.8035697675745027,50.427668971742065,-6570.191767587079
10.023423333776524,8.39592373035636,0.8035697675745027,50.427668971742065,-6570.191767587079
10.023423333776524,8.39592373035636,0.8035697675745027,50.427668971742065,-6570.191767587079
10.023423333776524,8.39592373035636,0.8035697675745027,50.427668971742065,-6570.191767587079
10.023423333776524,8.39592373035636,0.8035697675745027,50.427668971742065,-6570.191767587079
10.023423333776524,8.39592373035636,0.8035697675745027,50.427668971742065,-6570.191767587079
10.67068800304669,7.438601352202744,0.7698325429951227,50.11094944722956,-6570.445079792755
10.67068800304669,7.438601352202744,0.7698325429951227,50.11094944722956,-6570.445079792755
10.67068800304669,7.438601352202744,0.7698325429951227,50.11094944722956,-6570.445079792755
10.67068800304669,7.438601352202744,0.7698325429951227,50.11094944722956,-6570.445079792755
10.67068800304669,7.438601352202744,0.7698325429951227,50.11094944722956,-6570.445079792755
10.67068800304669,7.438601352202744,0.7698325429951227,50.11094944722956,-6570.445079792755
10.67068800304669,7.438601352202744,0.7698325429951227,50.11094944722956,-6570.445079792755
10.67068800304669,7.438601352202744,0.7698325429951227,50.11094944722956,-6570.445079792755
10.67068800304669,7.438601352202744,0.7698325429951227,50.11094944722956,-6570.445079792755
10.67068800304669,7.438601352202744,0.7698325429951227,50.11094944722956,-6570.445079792755
10.67068800304669,7.438601352202744,0.7698325429951227,50.11094944722956,-6570.445079792755
10.692463256034644,5.120221694009882,0.955972951015254,49.90408381841615,-6572.793660016188
10.206094874968565,7.767149502909698,0.7456177517842079,49.27013871667537,-6572.45013722263
10.206094874968565,7.767149502909698,0.7456177517842079,49.27013871667537,-6572.45013722263
10.206094874968565,7.767149502909698,0.7456177517842079,49.27013871667537,-6572.45013722263
10.206094874968565,7.767149502909698,0.7456177517842079,49.27013871667537,-6572.45013722263
10.206094874968565,7.767149502909698,0.7456177517842079,49.27013871667537,-6572.45013722263
10.337745547968538,8.481053939560258,0.7136460041707807,49.51972302579698,-6571.41190815727
10.337745547968538,8.481053939560258,0.7136460041707807,49.51972302579698,-6571.41190815727
10.337745547968538,8.481053939560258,0.7136460041707807,49.51972302579698,-6571.41190815727
10.337745547968538,8.481053939560258,0.7136460041707807,49.51972302579698,-6571.41190815727
10.337745547968538,8.481053939560258,0.7136460041707807,49.51972302579698,-6571.41190815727
10.337745547968538,8.481053939560258,0.7136460041707807,49.51972302579698,-6571.41190815727
10.337745547968538,8.481053939560258,0.7136460041707807,49.51972302579698,-6571.41190815727
10.337745547968538,8.481053939560258,0.7136460041707807,49.51972302579698,-6571.41190815727
10.337745547968538,8.481053939560258,0.7136460041707807,49.51972302579698,-6571.41190815727
10.337745547968538,8.481053939560258,0.7136460041707807,49.51972302579698,-6571.41190815727
10.337745547968538,8.481053939560258,0.7136460041707807,49.51972302579698,-6571.41190815727
10.337745547968538,8.481053939560258,0.7136460041707807,49.51972302579698,-6571.41190815727
10.337745547968538,8.481053939560258,0.7136460041707807,49.51972302579698,-6571.41190815727
9.468409834159477,10.63488837132966,0.8242478579358743,49.673649935145114,-6572.023956599613
9.468409834159477,10.63488837132966,0.8242478579358743,49.673649935145114,-6572.023956599613
9.468409834159477,10.63488837132966,0.8242478579358743,49.673649935145114,-6572.023956599613
9.753328859549272,7.9200764535275505,0.9049245991750641,50.12929357029801,-6570.87981633812
9.753328859549272,7.9200764535275505,0.9049245991750641,50.12929357029801,-6570.87981633812
9.753328859549272,7.9200764535275505,0.9049245991750641,50.12929357029801,-6570.87981633812
9.753328859549272,7.9200764535275505,0.9049245991750641,50.12929357029801,-6570.87981633812
10.112599532445264,9.360634726995857,0.6971960450870407,49.844216760699226,-6570.778680642761
10.59806682836078,6.8383497287994075,0.8376593556789167,49.81347835373313,-6571.044649412486
10.59806682836078,6.8383497287994075,0.8376593556789167,49.81347835373313,-6571.044649412486
10.59806682836078,6.8383497287994075,0.8376593556789167,49.81347835373313,-6571.044649412486
10.59806682836078,6.8383497287994075,0.8376593556789167,49.81347835373313,-6571.044649412486
10.59806682836078,6.8383497287994075,0.8376593556789167,49.81347835373313,-6571.044649412486
10.59806682836078,6.8383497287994075,0.8376593556789167,49.81347835373313,-6571.044649412486
10.461022845009847,7.556621673642875,0.9294452232852235,50.68106459576136,-6571.291950470301
10.461022845009847,7.556621673642875,0.9294452232852235,50.68106459576136,-6571.291950470301
10.461022845009847,7.556621673642875,0.9294452232852235,50.68106459576136,-6571.291950470301
10.461022845009847,7.556621673642875,0.9294452232852235,50.68106459576136,-6571.291950470301
10.461022845009847,7.556621673642875,0.9294452232852235,50.68106459576136,-6571.291950470301
10.461022845009847,7.556621673642875,0.9294452232852235,50.68106459576136,-6571.291950470301
10.461022845009847,7.556621673642875,0.9294452232852235,50.68106459576136,-6571.291950470301
10.461022845009847,7.556621673642875,0.9294452232852235,50.68106459576136,-6571.291950470301
10.461022845009847,7.556621673642875,0.9294452232852235,50.68106459576136,-6571.291950470301
10.461022845009847,7.556621673642875,0.9294452232852235,50.68106459576136,-6571.291950470301
9.577738069803619,9.267270585073128,0.856771217573297,50.94417862252897,-6571.238686889577
9.577738069803619,9.267270585073128,0.856771217573297,50.94417862252897,-6571.238686889577
9.577738069803619,9.267270585073128,0.856771217573297,50.94417862252897,-6571.238686889577
9.577738069803619,9.267270585073128,0.856771217573297,50.94417862252897,-6571.238686889577
9.577738069803619,9.267270585073128,0.856771217573297,50.94417862252897,-6571.238686889577
9.577738069803619,9.267270585073128,0.856771217573297,50.94417862252897,-6571.238686889577
9.577738069803619,9.267270585073128,0.856771217573297,50.94417862252897,-6571.238686889577
9.315992591628834,10.010226443180589,0.8682188523728129,50.573078717412194,-6571.227327818562
9.315992591628834,10.010226443180589,0.8682188523728129,50.573078717412194,-6571.227327818562
9.315992591628834,10.010226443180589,0.8682188523728129,50.573078717412194,-6571.227327818562
8.889302780498493,11.433411624545208,0.5935806199511118,51.17490222657864,-6573.734888704174
8.889302780498493,11.433411624545208,0.5935806199511118,51.17490222657864,-6573.734888704174
9.899939890799619,11.564697299096595,0.5981839117927576,50.895137617157985,-6572.321242578324
9.899939890799619,11.564697299096595,0.5981839117927576,50.895137617157985,-6572.321242578324
10.132704650086229,10.54100604646842,0.7801421691849186,51.21636287608275,-6573.304692931029
9.448387353819438,10.705901647901593,0.6031523847063561,51.07728354676586,-6572.189245747616
9.448387353819438,10.705901647901593,0.6031523847063561,51.07728354676586,-6572.189245747616
9.448387353819438,10.705901647901593,0.6031523847063561,51.07728354676586,-6572.189245747616
9.448387353819438,10.705901647901593,0.6031523847063561,51.07728354676586,-6572.189245747616
9.448387353819438,10.705901647901593,0.6031523847063561,51.07728354676586,-6572.189245747616
9.448387353819438,10.705901647901593,0.6031523847063561,51.07728354676586,-6572.189245747616
9.448387353819438,10.705901647901593,0.6031523847063561,51.07728354676586,-6572.189245747616
9.704846126032365,8.375325614057239,0.7281825267743398,50.859976189556306,-6571.474422588146
9.704846126032365,8.375325614057239,0.7281825267743398,50.859976189556306,-6571.474422588146
9.704846126032365,8.375325614057239,0.7281825267743398,50.859976189556306,-6571.474422588146
9.426435692786185,10.556096849501863,0.6784170908155234,50.78322069780049,-6571.07104878324
9.426435692786185,10.556096849501863,0.6784170908155234,50.78322069780049,-6571.07104878324
9.426435692786185,10.556096849501863,0.6784170908155234,50.78322069780049,-6571.07104878324
9.426435692786185,10.556096849501863,0.6784170908155234,50.78322069780049,-6571.07104878324
9.426435692786185,10.556096849501863,0.6784170908155234,50.78322069780049,-6571.07104878324
9.886028909259169,11.708019785738692,0.5501517544669461,51.13607555503724,-6573.005828868981
9.886028909259169,11.708019785738692,0.5501517544669461,51.13607555503724,-6573.005828868981
9.886028909259169,11.708019785738692,0.5501517544669461,51.13607555503724,-6573.005828868981
9.886028909259169,11.708019785738692,0.5501517544669461,51.13607555503724,-6573.005828868981
9.886028909259169,11.708019785738692,0.5501517544669461,51.13607555503724,-6573.005828868981
9.886028909259169,11.708019785738692,0.5501517544669461,51.13607555503724,-6573.005828868981
9.886028909259169,11.708019785738692,0.5501517544669461,51.13607555503724,-6573.005828868981
9.886028909259169,11.708019785738692,0.5501517544669461,51.13607555503724,-6573.005828868981
9.886028909259169,11.708019785738692,0.5501517544669461,51.13607555503724,-6573.005828868981
9.886028909259169,11.708019785738692,0.5501517544669461,51.13607555503724,-6573.005828868981
9.886028909259169,11.708019785738692,0.5501517544669461,51.13607555503724,-6573.005828868981
9.886028909259169,11.708019785738692,0.5501517544669461,51.13607555503724,-6573.005828868981
9.886028909259169,11.708019785738692,0.5501517544669461,51.13607555503724,-6573.005828868981
10.097478935607823,11.140589797381473,0.6956090640969411,50.32944328580148,-6572.320895883755
10.154408568939617,10.119216333741608,0.695270770568197,49.67714177805858,-6571.706864014276
10.154408568939617,10.119216333741608,0.695270770568197,49.67714177805858,-6571.706864014276
10.154408568939617,10.119216333741608,0.695270770568197,49.67714177805858,-6571.706864014276
10.154408568939617,10.119216333741608,0.695270770568197,49.67714177805858,-6571.706864014276
10.154408568939617,10.119216333741608,0.695270770568197,49.67714177805858,-6571.706864014276
10.841304205403913,7.498750480220041,0.7909485824862206,50.0992458526684,-6570.673296190543
10.841304205403913,7.498750480220041,0.7909485824862206,50.0992458526684,-6570.673296190543
10.841304205403913,7.498750480220041,0.7909485824862206,50.0992458526684,-6570.673296190543
10.841304205403913,7.498750480220041,0.7909485824862206,50.0992458526684,-6570.673296190543
10.841304205403913,7.498750480220041,0.7909485824862206,50.0992458526684,-6570.673296190543
10.841304205403913,7.498750480220041,0.7909485824862206,50.0992458526684,-6570.673296190543
10.841304205403913,7.498750480220041,0.7909485824862206,50.0992458526684,-6570.673296190543
10.841304205403913,7.498750480220041,0.7909485824862206,50.0992458526684,-6570.673296190543
10.841304205403913,7.498750480220041,0.7909485824862206,50.0992458526684,-6570.673296190543
10.841304205403913,7.498750480220041,0.7909485824862206,50.0992458526684,-6570.673296190543
11.065783527809254,7.760464841703674,0.7869494938722507,50.448202238542336,-6571.173556448663
11.065783527809254,7.760464841703674,0.7869494938722507,50.448202238542336,-6571.173556448663
11.065783527809254,7.760464841703674,0.7869494938722507,50.448202238542336,-6571.173556448663
11.065783527809254,7.760464841703674,0.7869494938722507,50.448202238542336,-6571.173556448663
11.065783527809254,7.760464841703674,0.7869494938722507,50.448202238542336,-6571.173556448663
11.065783527809254,7.760464841703674,0.7869494938722507,50.448202238542336,-6571.173556448663
11.065783527809254,7.760464841703674,0.7869494938722507,50.448202238542336,-6571.173556448663
10.334227010355587,7.894716071279827,0.8900966674036367,49.70178617242027,-6571.350842369226
10.334227010355587,7.894716071279827,0.8900966674036367,49.70178617242027,-6571.350842369226
10.334227010355587,7.894716071279827,0.8900966674036367,49.70178617242027,-6571.350842369226
10.334227010355587,7.894716071279827,0.8900966674036367,49.70178617242027,-6571.350842369226
10.334227010355587,7.894716071279827,0.8900966674036367,49.70178617242027,-6571.350842369226
9.97967415411703,7.677878895781435,1.0296409314283776,49.54256702697114,-6572.781280703857
9.97967415411703,7.677878895781435,1.0296409314283776,49.54256702697114,-6572.781280703857
10.238460746997154,6.896550077221665,0.753383982230851,50.090504473671984,-6571.683350425916
10.238460746997154,6.896550077221665,0.753383982230851,50.090504473671984,-6571.683350425916
10.238460746997154,6.896550077221665,0.753383982230851,50.090504473671984,-6571.683350425916
11.164389660774766,6.868459404707496,0.5288983121307321,49.641540891793866,-6575.745198773598
11.198400216765648,5.903944885987417,0.6162990985081319,49.58230071693029,-6575.172429575075
11.198400216765648,5.903944885987417,0.6162990985081319,49.58230071693029,-6575.172429575075
11.198400216765648,5.903944885987417,0.6162990985081319,49.58230071693029,-6575.172429575075
11.198400216765648,5.903944885987417,0.6162990985081319,49.58230071693029,-6575.172429575075
11.198400216765648,5.903944885987417,0.6162990985081319,49.58230071693029,-6575.172429575075
11.198400216765648,5.903944885987417,0.6162990985081319,49.58230071693029,-6575.172429575075
10.813796327624672,5.699265634401646,0.6886152514464249,49.53436094849475,-6575.106818925475
10.813796327624672,5.699265634401646,0.6886152514464249,49.53436094849475,-6575.106818925475
10.813796327624672,5.699265634401646,0.6886152514464249,49.53436094849475,-6575.106818925475
10.104792705015834,8.281961045038267,0.6663107055145434,48.90630998702263,-6574.628851767199
9.426091874247055,9.280272133525944,0.768499504073895,49.297207605789765,-6572.358013192139
9.426091874247055,9.280272133525944,0.768499504073895,49.297207605789765,-6572.358013192139
10.422872143785288,9.68822008087095,0.8547385482203543,50.02630314097624,-6573.022314233161
9.489415778854418,7.157166744041385,0.9760958707914957,50.52275090528098,-6572.473941838814
9.489415778854418,7.157166744041385,0.9760958707914957,50.52275090528098,-6572.473941838814
9.489415778854418,7.157166744041385,0.9760958707914957,50.52275090528098,-6572.473941838814
10.30705568433277,7.771104325649195,0.9405080882638945,50.90981810051212,-6571.649751235541
10.753312452680452,9.084798510641969,0.8077613157304331,50.63951623223761,-6572.323514503969
9.68805938680719,8.089467814494274,0.8219623974811707,51.39245900734911,-6572.562996893656
9.68805938680719,8.089467814494274,0.8219623974811707,51.39245900734911,-6572.562996893656
9.68805938680719,8.089467814494274,0.8219623974811707,51.39245900734911,-6572.562996893656
9.68805938680719,8.089467814494274,0.8219623974811707,51.39245900734911,-6572.562996893656
9.68805938680719,8.089467814494274,0.8219623974811707,51.39245900734911,-6572.562996893656
10.21096036384887,7.423530015437075,1.0983145344669947,50.76184472505326,-6573.4467358353
10.732876743653724,5.878603255526361,0.889667181603502,50.9680513455857,-6571.804679750765
10.732876743653724,5.878603255526361,0.889667181603502,50.9680513455857,-6571.804679750765
10.732876743653724,5.878603255526361,0.889667181603502,50.9680513455857,-6571.804679750765
10.732876743653724,5.878603255526361,0.889667181603502,50.9680513455857,-6571.804679750765
10.732876743653724,5.878603255526361,0.889667181603502,50.9680513455857,-6571.804679750765
10.690519731330033,6.750150261537869,0.8807436269112966,50.75092282844193,-6570.948616449461
11.071244809650645,6.089581724666951,0.9641020727915217,50.185634629503106,-6571.924241529028
11.826016986303323,3.5672751940336576,0.9564536444073798,49.64044483788465,-6574.7476275785375
11.826016986303323,3.5672751940336576,0.9564536444073798,49.64044483788465,-6574.7476275785375
11.826016986303323,3.5672751940336576,0.9564536444073798,49.64044483788465,-6574.7476275785375
11.826016986303323,3.5672751940336576,0.9564536444073798,49.64044483788465,-6574.7476275785375
11.826016986303323,3.5672751940336576,0.9564536444073798,49.64044483788465,-6574.7476275785375
11.32831763054826,4.924330353701414,0.8445535540169652,50.20578960052504,-6572.138137571339
11.32831763054826,4.924330353701414,0.8445535540169652,50.20578960052504,-6572.138137571339
11.32831763054826,4.924330353701414,0.8445535540169652,50.20578960052504,-6572.138137571339
11.32831763054826,4.924330353701414,0.8445535540169652,50.20578960052504,-6572.138137571339
11.32831763054826,4.924330353701414,0.8445535540169652,50.20578960052504,-6572.138137571339
11.420460426549207,5.687626629256747,0.8233156497270349,49.93460594140043,-6571.751247251151
11.420460426549207,5.687626629256747,0.8233156497270349,49.93460594140043,-6571.751247251151
11.420460426549207,5.687626629256747,0.8233156497270349,49.93460594140043,-6571.751247251151
11.77218729859712,5.870121740750949,0.8382661610200226,49.85527411896238,-6572.646783711547
11.77218729859712,5.870121740750949,0.8382661610200226,49.85527411896238,-6572.646783711547
11.77218729859712,5.870121740750949,0.8382661610200226,49.85527411896238,-6572.646783711547
11.77218729859712,5.870121740750949,0.8382661610200226,49.85527411896238,-6572.646783711547
10.345277249054869,7.8091678430993,0.9953419265872048,50.068361737087436,-6572.134115745608
10.255835002822964,8.082658288317887,1.0235572579645091,50.236616945984764,-6572.630911680904
10.357118210794324,5.479148804180689,1.1100991969634348,50.33896520633901,-6573.309830176184
10.357118210794324,5.479148804180689,1.1100991969634348,50.33896520633901,-6573.309830176184
10.357118210794324,5.479148804180689,1.1100991969634348,50.33896520633901,-6573.309830176184
10.357118210794324,5.479148804180689,1.1100991969634348,50.33896520633901,-6573.309830176184
10.357118210794324,5.479148804180689,1.1100991969634348,50.33896520633901,-6573.309830176184
10.389309500676857,7.72929316201365,1.0480674359938944,50.59689499789605,-6573.080199088288
10.389309500676857,7.72929316201365,1.0480674359938944,50.59689499789605,-6573.080199088288
9.942263961214014,7.553412540301994,1.0088790116345918,51.09306499901094,-6572.537656005194
9.942263961214014,7.553412540301994,1.0088790116345918,51.09306499901094,-6572.537656005194
9.942263961214014,7.553412540301994,1.0088790116345918,51.09306499901094,-6572.537656005194
9.942263961214014,7.553412540301994,1.0088790116345918,51.09306499901094,-6572.537656005194
9.942263961214014,7.553412540301994,1.0088790116345918,51.09306499901094,-6572.537656005194
9.942263961214014,7.553412540301994,1.0088790116345918,51.09306499901094,-6572.537656005194
9.942263961214014,7.553412540301994,1.0088790116345918,51.09306499901094,-6572.537656005194
10.37953481183874,8.626621961042774,0.6976348165560443,49.632615389342966,-6571.201560452329
10.37953481183874,8.626621961042774,0.6976348165560443,49.632615389342966,-6571.201560452329
10.37953481183874,8.626621961042774,0.6976348165560443,49.632615389342966,-6571.201560452329
10.37953481183874,8.626621961042774,0.6976348165560443,49.632615389342966,-6571.201560452329
11.226056744091505,8.50864960018758,0.6378350061694006,50.631288285508916,-6571.660447629021
11.226056744091505,8.50864960018758,0.6378350061694006,50.631288285508916,-6571.660447629021
11.226056744091505,8.50864960018758,0.6378350061694006,50.631288285508916,-6571.660447629021
11.226056744091505,8.50864960018758,0.6378350061694006,50.631288285508916,-6571.660447629021
11.226056744091505,8.50864960018758,0.6378350061694006,50.631288285508916,-6571.660447629021
11.226056744091505,8.50864960018758,0.6378350061694006,50.631288285508916,-6571.660447629021
12.16112982134821,6.6469546324313455,0.6803315051908465,50.45184605611595,-6573.015862418271
12.16112982134821,6.6469546324313455,0.6803315051908465,50.45184605611595,-6573.015862418271
12.16112982134821,6.6469546324313455,0.6803315051908465,50.45184605611595,-6573.015862418271
12.16112982134821,6.6469546324313455,0.6803315051908465,50.45184605611595,-6573.015862418271
12.16112982134821,6.6469546324313455,0.6803315051908465,50.45184605611595,-6573.015862418271
12.16112982134821,6.6469546324313455,0.6803315051908465,50.45184605611595,-6573.015862418271
12.16112982134821,6.6469546324313455,0.6803315051908465,50.45184605611595,-6573.015862418271
10.09397929195613,8.114751589761578,0.9055570963268021,49.6085162639913,-6571.530915643624
10.09397929195613,8.114751589761578,0.9055570963268021,49.6085162639913,-6571.530915643624
10.09397929195613,8.114751589761578,0.9055570963268021,49.6085162639913,-6571.530915643624
10.09397929195613,8.114751589761578,0.9055570963268021,49.6085162639913,-6571.530915643624
11.008550694797979,6.977623062834343,0.8067529089599567,49.980834374275766,-6570.977681063447
11.008550694797979,6.977623062834343,0.8067529089599567,49.980834374275766,-6570.977681063447
11.008550694797979,6.977623062834343,0.8067529089599567,49.980834374275766,-6570.977681063447
10.89999981286143,7.55994816060044,0.8193730350765089,49.40741140159629,-6572.298279397042
10.89999981286143,7.55994816060044,0.8193730350765089,49.40741140159629,-6572.298279397042
10.89999981286143,7.55994816060044,0.8193730350765089,49.40741140159629,-6572.298279397042
10.89999981286143,7.55994816060044,0.8193730350765089,49.40741140159629,-6572.298279397042
11.542133316933883,6.1284584841423895,0.8143302352368017,49.36495115531491,-6573.188066274857
11.542133316933883,6.1284584841423895,0.8143302352368017,49.36495115531491,-6573.188066274857
11.542133316933883,6.1284584841423895,0.8143302352368017,49.36495115531491,-6573.188066274857
11.542133316933883,6.1284584841423895,0.8143302352368017,49.36495115531491,-6573.188066274857
11.542133316933883,6.1284584841423895,0.8143302352368017,49.36495115531491,-6573.188066274857
11.542133316933883,6.1284584841423895,0.8143302352368017,49.36495115531491,-6573.188066274857
11.542133316933883,6.1284584841423895,0.8143302352368017,49.36495115531491,-6573.188066274857
11.542133316933883,6.1284584841423895,0.8143302352368017,49.36495115531491,-6573.188066274857
11.542133316933883,6.1284584841423895,0.8143302352368017,49.36495115531491,-6573.188066274857
11.542133316933883,6.1284584841423895,0.8143302352368017,49.36495115531491,-6573.188066274857
11.542133316933883,6.1284584841423895,0.8143302352368017,49.36495115531491,-6573.188066274857
11.542133316933883,6.1284584841423895,0.8143302352368017,49.36495115531491,-6573.188066274857
11.542133316933883,6.1284584841423895,0.8143302352368017,49.36495115531491,-6573.188066274857
11.542133316933883,6.1284584841423895,0.8143302352368017,49.36495115531491,-6573.188066274857
11.542133316933883,6.1284584841423895,0.8143302352368017,49.36495115531491,-6573.188066274857
11.862293460368873,6.020264761520763,0.68287834177962,49.83139927489453,-6572.741018244089
11.862293460368873,6.020264761520763,0.68287834177962,49.83139927489453,-6572.741018244089
12.094280460435794,8.402689765432944,0.6071416264706175,50.13931067846509,-6575.002114136147
12.370362986603723,8.128648907106056,0.42582448404653994,50.12996331450575,-6576.973487340225
12.370362986603723,8.128648907106056,0.42582448404653994,50.12996331450575,-6576.973487340225
12.370362986603723,8.128648907106056,0.42582448404653994,50.12996331450575,-6576.973487340225
12.370362986603723,8.128648907106056,0.42582448404653994,50.12996331450575,-6576.973487340225
11.293802296231464,7.500949239965241,0.4747622533823336,49.409369139837246,-6577.124693677868
11.293802296231464,7.500949239965241,0.4747622533823336,49.409369139837246,-6577.124693677868
11.293802296231464,7.500949239965241,0.4747622533823336,49.409369139837246,-6577.124693677868
11.293802296231464,7.500949239965241,0.4747622533823336,49.409369139837246,-6577.124693677868
11.293802296231464,7.500949239965241,0.4747622533823336,49.409369139837246,-6577.124693677868
11.293802296231464,7.500949239965241,0.4747622533823336,49.409369139837246,-6577.124693677868
9.51320360238418,10.005367768485666,0.5321642075732693,48.99320686681534,-6577.015462094582
9.51320360238418,10.005367768485666,0.5321642075732693,48.99320686681534,-6577.015462094582
9.51320360238418,10.005367768485666,0.5321642075732693,48.99320686681534,-6577.015462094582
8.630164028811631,11.010698785182132,0.8624736776834996,49.26411839777618,-6573.691938461276
8.630164028811631,11.010698785182132,0.8624736776834996,49.26411839777618,-6573.691938461276
8.630164028811631,11.010698785182132,0.8624736776834996,49.26411839777618,-6573.691938461276
8.630164028811631,11.010698785182132,0.8624736776834996,49.26411839777618,-6573.691938461276
8.630164028811631,11.010698785182132,0.8624736776834996,49.26411839777618,-6573.691938461276
8.630164028811631,11.010698785182132,0.8624736776834996,49.26411839777618,-6573.691938461276
8.6293370618156,9.91184158891319,0.9681330601255642,50.35637548379758,-6572.71135774904
8.6293370618156,9.91184158891319,0.9681330601255642,50.35637548379758,-6572.71135774904
8.6293370618156,9.91184158891319,0.9681330601255642,50.35637548379758,-6572.71135774904
8.6293370618156,9.91184158891319,0.9681330601255642,50.35637548379758,-6572.71135774904
8.6293370618156,9.91184158891319,0.9681330601255642,50.35637548379758,-6572.71135774904
8.6293370618156,9.91184158891319,0.9681330601255642,50.35637548379758,-6572.71135774904
8.6293370618156,9.91184158891319,0.9681330601255642,50.35637548379758,-6572.71135774904
8.6293370618156,9.91184158891319,0.9681330601255642,50.35637548379758,-6572.71135774904
8.6293370618156,9.91184158891319,0.9681330601255642,50.35637548379758,-6572.71135774904
8.6293370618156,9.91184158891319,0.9681330601255642,50.35637548379758,-6572.71135774904
8.6293370618156,9.91184158891319,0.9681330601255642,50.35637548379758,-6572.71135774904
8.6293370618156,9.91184158891319,0.9681330601255642,50.35637548379758,-6572.71135774904
8.6293370618156,9.91184158891319,0.9681330601255642,50.35637548379758,-6572.71135774904
8.6293370618156,9.91184158891319,0.9681330601255642,50.35637548379758,-6572.71135774904
8.6293370618156,9.91184158891319,0.9681330601255642,50.35637548379758,-6572.71135774904
8.6293370618156,9.91184158891319,0.9681330601255642,50.35637548379758,-6572.71135774904
8.6293370618156,9.91184158891319,0.9681330601255642,50.35637548379758,-6572.71135774904
9.864385227621911,7.6362395169086135,0.9463070656064231,50.583630638443466,-6571.155465618898
9.864385227621911,7.6362395169086135,0.9463070656064231,50.583630638443466,-6571.155465618898
9.864385227621911,7.6362395169086135,0.9463070656064231,50.583630638443466,-6571.155465618898
9.864385227621911,7.6362395169086135,0.9463070656064231,50.583630638443466,-6571.155465618898
9.864385227621911,7.6362395169086135,0.9463070656064231,50.583630638443466,-6571.155465618898
11.064178808818411,7.446370130968953,0.8470928682464745,50.58290919513215,-6571.500788358722
11.064178808818411,7.446370130968953,0.8470928682464745,50.58290919513215,-6571.500788358722
11.064178808818411,7.446370130968953,0.8470928682464745,50.58290919513215,-6571.500788358722
11.064178808818411,7.446370130968953,0.8470928682464745,50.58290919513215,-6571.500788358722
11.064178808818411,7.446370130968953,0.8470928682464745,50.58290919513215,-6571.500788358722
10.687181077983684,5.417137055724746,1.0593041330946704,50.05934432213543,-6572.778811934768
10.687181077983684,5.417137055724746,1.0593041330946704,50.05934432213543,-6572.778811934768
10.687181077983684,5.417137055724746,1.0593041330946704,50.05934432213543,-6572.778811934768
10.687181077983684,5.417137055724746,1.0593041330946704,50.05934432213543,-6572.778811934768
10.687181077983684,5.417137055724746,1.0593041330946704,50.05934432213543,-6572.778811934768
10.687181077983684,5.417137055724746,1.0593041330946704,50.05934432213543,-6572.778811934768
9.984841298607291,7.963485712619461,0.9285667630743886,50.96160822323009,-6571.470821582668
9.984841298607291,7.963485712619461,0.9285667630743886,50.96160822323009,-6571.470821582668
9.984841298607291,7.963485712619461,0.9285667630743886,50.96160822323009,-6571.470821582668
9.374400343208805,9.316754389420334,0.8748344055689371,52.04059856561128,-6575.555546929843
9.374400343208805,9.316754389420334,0.8748344055689371,52.04059856561128,-6575.555546929843
9.374400343208805,9.316754389420334,0.8748344055689371,52.04059856561128,-6575.555546929843
9.374400343208805,9.316754389420334,0.8748344055689371,52.04059856561128,-6575.555546929843
9.374400343208805,9.316754389420334,0.8748344055689371,52.04059856561128,-6575.555546929843
9.374400343208805,9.316754389420334,0.8748344055689371,52.04059856561128,-6575.555546929843
9.374400343208805,9.316754389420334,0.8748344055689371,52.04059856561128,-6575.555546929843
9.374400343208805,9.316754389420334,0.8748344055689371,52.04059856561128,-6575.555546929843
10.22441050625194,7.358166939958323,0.9191322411968328,52.332170118438235,-6576.793341112609
9.845394307693486,8.47109729091417,0.8732641041801309,52.03372991644174,-6574.971194600335
9.845394307693486,8.47109729091417,0.8732641041801309,52.03372991644174,-6574.971194600335
9.845394307693486,8.47109729091417,0.8732641041801309,52.03372991644174,-6574.971194600335
9.845394307693486,8.47109729091417,0.8732641041801309,52.03372991644174,-6574.971194600335
9.845394307693486,8.47109729091417,0.8732641041801309,52.03372991644174,-6574.971194600335
9.845394307693486,8.47109729091417,0.8732641041801309,52.03372991644174,-6574.971194600335
11.00922318209533,5.417029576565156,0.7847917578773155,51.67742902599619,-6574.536992227366
11.491144027377842,4.794195269100325,0.6847946922390131,50.99835220226307,-6574.569646939697
11.983996929184975,4.508274266917571,0.8522552659598559,50.846984203150356,-6572.885698644175
11.983996929184975,4.508274266917571,0.8522552659598559,50.846984203150356,-6572.885698644175
11.983996929184975,4.508274266917571,0.8522552659598559,50.846984203150356,-6572.885698644175
11.983996929184975,4.508274266917571,0.8522552659598559,50.846984203150356,-6572.885698644175
11.983996929184975,4.508274266917571,0.8522552659598559,50.846984203150356,-6572.885698644175
11.983996929184975,4.508274266917571,0.8522552659598559,50.846984203150356,-6572.885698644175
11.983996929184975,4.508274266917571,0.8522552659598559,50.846984203150356,-6572.885698644175
11.753422088824205,5.351304668065346,0.7463193837790054,51.0695518132923,-6572.48900814217
11.753422088824205,5.351304668065346,0.7463193837790054,51.0695518132923,-6572.48900814217
11.753422088824205,5.351304668065346,0.7463193837790054,51.0695518132923,-6572.48900814217
11.753422088824205,5.351304668065346,0.7463193837790054,51.0695518132923,-6572.48900814217
11.753422088824205,5.351304668065346,0.7463193837790054,51.0695518132923,-6572.48900814217
11.753422088824205,5.351304668065346,0.7463193837790054,51.0695518132923,-6572.48900814217
11.753422088824205,5.351304668065346,0.7463193837790054,51.0695518132923,-6572.48900814217
12.821645172783493,5.3876344867252755,0.6679086205290659,51.368445554857885,-6575.353988288956
12.821645172783493,5.3876344867252755,0.6679086205290659,51.368445554857885,-6575.353988288956
12.821645172783493,5.3876344867252755,0.6679086205290659,51.368445554857885,-6575.353988288956
12.821645172783493,5.3876344867252755,0.6679086205290659,51.368445554857885,-6575.353988288956
12.821645172783493,5.3876344867252755,0.6679086205290659,51.368445554857885,-6575.353988288956
12.415386107533893,4.565583483105496,0.7001781770879851,50.52873127084093,-6573.594224670099
12.415386107533893,4.565583483105496,0.7001781770879851,50.52873127084093,-6573.594224670099
12.415386107533893,4.565583483105496,0.7001781770879851,50.52873127084093,-6573.594224670099
12.415386107533893,4.565583483105496,0.7001781770879851,50.52873127084093,-6573.594224670099
12.415386107533893,4.565583483105496,0.7001781770879851,50.52873127084093,-6573.594224670099
11.809024170344182,6.591317705242279,0.7155352225620033,51.24704196556622,-6572.752878993683
11.809024170344182,6.591317705242279,0.7155352225620033,51.24704196556622,-6572.752878993683
11.898651308566631,7.486376546110128,0.6121892976173245,51.273314475921694,-6573.499427837376
11.898651308566631,7.486376546110128,0.6121892976173245,51.273314475921694,-6573.499427837376
11.898651308566631,7.486376546110128,0.6121892976173245,51.273314475921694,-6573.499427837376
11.898651308566631,7.486376546110128,0.6121892976173245,51.273314475921694,-6573.499427837376
11.898651308566631,7.486376546110128,0.6121892976173245,51.273314475921694,-6573.499427837376
11.898651308566631,7.486376546110128,0.6121892976173245,51.273314475921694,-6573.499427837376
11.898651308566631,7.486376546110128,0.6121892976173245,51.273314475921694,-6573.499427837376
10.956910315790548,8.137887024501119,0.6144508647457954,50.843416189687765,-6571.33350201777
10.956910315790548,8.137887024501119,0.6144508647457954,50.843416189687765,-6571.33350201777
10.956910315790548,8.137887024501119,0.6144508647457954,50.843416189687765,-6571.33350201777
10.956910315790548,8.137887024501119,0.6144508647457954,50.843416189687765,-6571.33350201777
10.956910315790548,8.137887024501119,0.6144508647457954,50.843416189687765,-6571.33350201777
10.956910315790548,8.137887024501119,0.6144508647457954,50.843416189687765,-6571.33350201777
10.956910315790548,8.137887024501119,0.6144508647457954,50.843416189687765,-6571.33350201777
10.956910315790548,8.137887024501119,0.6144508647457954,50.843416189687765,-6571.33350201777
10.956910315790548,8.137887024501119,0.6144508647457954,50.843416189687765,-6571.33350201777
10.956910315790548,8.137887024501119,0.6144508647457954,50.843416189687765,-6571.33350201777
11.395697856776602,8.301004886459145,0.5968498508732966,50.64131933152591,-6572.013453280084
11.395697856776602,8.301004886459145,0.5968498508732966,50.64131933152591,-6572.013453280084
11.395697856776602,8.301004886459145,0.5968498508732966,50.64131933152591,-6572.013453280084
11.395697856776602,8.301004886459145,0.5968498508732966,50.64131933152591,-6572.013453280084
11.395697856776602,8.301004886459145,0.5968498508732966,50.64131933152591,-6572.013453280084
11.395697856776602,8.301004886459145,0.5968498508732966,50.64131933152591,-6572.013453280084
10.783982740075086,8.124722498867607,0.8120244321343474,50.805811268012285,-6571.256033130445
10.783982740075086,8.124722498867607,0.8120244321343474,50.805811268012285,-6571.256033130445
10.783982740075086,8.124722498867607,0.8120244321343474,50.805811268012285,-6571.256033130445
10.641923111337437,5.384539841902592,0.9382024854210582,50.099328964148,-6572.210562321569
9.753962401654992,7.867924564167374,0.9319592781394515,50.66085007591775,-6571.168050104534
10.471782023501282,8.017125003791492,0.7839602104394578,51.24203728077708,-6571.331280770769
10.471782023501282,8.017125003791492,0.7839602104394578,51.24203728077708,-6571.331280770769
10.471782023501282,8.017125003791492,0.7839602104394578,51.24203728077708,-6571.331280770769
10.471782023501282,8.017125003791492,0.7839602104394578,51.24203728077708,-6571.331280770769
10.471782023501282,8.017125003791492,0.7839602104394578,51.24203728077708,-6571.331280770769
10.471782023501282,8.017125003791492,0.7839602104394578,51.24203728077708,-6571.331280770769
10.471782023501282,8.017125003791492,0.7839602104394578,51.24203728077708,-6571.331280770769
10.471782023501282,8.017125003791492,0.7839602104394578,51.24203728077708,-6571.331280770769
10.471782023501282,8.017125003791492,0.7839602104394578,51.24203728077708,-6571.331280770769
10.471782023501282,8.017125003791492,0.7839602104394578,51.24203728077708,-6571.331280770769
10.224738955793656,8.932153489055382,0.729693907933346,51.29125657029906,-6571.447146650713
10.224738955793656,8.932153489055382,0.729693907933346,51.29125657029906,-6571.447146650713
9.593958253037327,9.182409526435727,0.7151640955337348,50.866184909374034,-6571.0737715637315
9.593958253037327,9.182409526435727,0.7151640955337348,50.866184909374034,-6571.0737715637315
9.593958253037327,9.182409526435727,0.7151640955337348,50.866184909374034,-6571.0737715637315
9.593958253037327,9.182409526435727,0.7151640955337348,50.866184909374034,-6571.0737715637315
9.593958253037327,9.182409526435727,0.7151640955337348,50.866184909374034,-6571.0737715637315
9.593958253037327,9.182409526435727,0.7151640955337348,50.866184909374034,-6571.0737715637315
9.593958253037327,9.182409526435727,0.7151640955337348,50.866184909374034,-6571.0737715637315
9.593958253037327,9.182409526435727,0.7151640955337348,50.866184909374034,-6571.0737715637315
9.593958253037327,9.182409526435727,0.7151640955337348,50.866184909374034,-6571.0737715637315
9.593958253037327,9.182409526435727,0.7151640955337348,50.866184909374034,-6571.0737715637315
9.593958253037327,9.182409526435727,0.7151640955337348,50.866184909374034,-6571.0737715637315
9.189315253812488,9.287999373894163,0.9039457111833369,51.12150227776178,-6572.324296556407
9.189315253812488,9.287999373894163,0.9039457111833369,51.12150227776178,-6572.324296556407
9.189315253812488,9.287999373894163,0.9039457111833369,51.12150227776178,-6572.324296556407
9.664652685193966,7.836885600489669,0.8232784975171031,51.038685555543864,-6571.91816909367
9.606047877657712,9.461534977626744,0.7869612420825244,50.482089693692686,-6570.396676073423
9.93794975670149,8.474243028023254,0.8272822200817259,50.64095829236433,-6570.401663781689
9.93794975670149,8.474243028023254,0.8272822200817259,50.64095829236433,-6570.401663781689
9.93794975670149,8.474243028023254,0.8272822200817259,50.64095829236433,-6570.401663781689
9.93794975670149,8.474243028023254,0.8272822200817259,50.64095829236433,-6570.401663781689
9.93794975670149,8.474243028023254,0.8272822200817259,50.64095829236433,-6570.401663781689
9.93794975670149,8.474243028023254,0.8272822200817259,50.64095829236433,-6570.401663781689
9.93794975670149,8.474243028023254,0.8272822200817259,50.64095829236433,-6570.401663781689
9.93794975670149,8.474243028023254,0.8272822200817259,50.64095829236433,-6570.401663781689
9.93794975670149,8.474243028023254,0.8272822200817259,50.64095829236433,-6570.401663781689
9.93794975670149,8.474243028023254,0.8272822200817259,50.64095829236433,-6570.401663781689
9.93794975670149,8.474243028023254,0.8272822200817259,50.64095829236433,-6570.401663781689
9.93794975670149,8.474243028023254,0.8272822200817259,50.64095829236433,-6570.401663781689
9.93794975670149,8.474243028023254,0.8272822200817259,50.64095829236433,-6570.401663781689
9.93794975670149,8.474243028023254,0.8272822200817259,50.64095829236433,-6570.401663781689
9.93794975670149,8.474243028023254,0.8272822200817259,50.64095829236433,-6570.401663781689
9.93794975670149,8.474243028023254,0.8272822200817259,50.64095829236433,-6570.401663781689
9.93794975670149,8.474243028023254,0.8272822200817259,50.64095829236433,-6570.401663781689
9.93794975670149,8.474243028023254,0.8272822200817259,50.64095829236433,-6570.401663781689
9.93794975670149,8.474243028023254,0.8272822200817259,50.64095829236433,-6570.401663781689
9.93794975670149,8.474243028023254,0.8272822200817259,50.64095829236433,-6570.401663781689
9.93794975670149,8.474243028023254,0.8272822200817259,50.64095829236433,-6570.401663781689
9.93794975670149,8.474243028023254,0.8272822200817259,50.64095829236433,-6570.401663781689
9.93794975670149,8.474243028023254,0.8272822200817259,50.64095829236433,-6570.401663781689
9.93794975670149,8.474243028023254,0.8272822200817259,50.64095829236433,-6570.401663781689
9.93794975670149,8.474243028023254,0.8272822200817259,50.64095829236433,-6570.401663781689
9.93794975670149,8.474243028023254,0.8272822200817259,50.64095829236433,-6570.401663781689
9.93794975670149,8.474243028023254,0.8272822200817259,50.64095829236433,-6570.401663781689
9.743179678022784,8.622946974902831,0.8091805868989954,50.52217575644109,-6570.393500601283
9.743179678022784,8.622946974902831,0.8091805868989954,50.52217575644109,-6570.393500601283
9.743179678022784,8.622946974902831,0.8091805868989954,50.52217575644109,-6570.393500601283
9.20557772495042,9.321982677142005,0.8059828238040613,50.57665550192325,-6571.101793785
9.20557772495042,9.321982677142005,0.8059828238040613,50.57665550192325,-6571.101793785
9.20557772495042,9.321982677142005,0.8059828238040613,50.57665550192325,-6571.101793785
9.20557772495042,9.321982677142005,0.8059828238040613,50.57665550192325,-6571.101793785
9.20557772495042,9.321982677142005,0.8059828238040613,50.57665550192325,-6571.101793785
9.20557772495042,9.321982677142005,0.8059828238040613,50.57665550192325,-6571.101793785
9.20557772495042,9.321982677142005,0.8059828238040613,50.57665550192325,-6571.101793785
9.20557772495042,9.321982677142005,0.8059828238040613,50.57665550192325,-6571.101793785
9.20557772495042,9.321982677142005,0.8059828238040613,50.57665550192325,-6571.101793785
9.20557772495042,9.321982677142005,0.8059828238040613,50.57665550192325,-6571.101793785
9.20557772495042,9.321982677142005,0.8059828238040613,50.57665550192325,-6571.101793785
9.20557772495042,9.321982677142005,0.8059828238040613,50.57665550192325,-6571.101793785
9.20557772495042,9.321982677142005,0.8059828238040613,50.57665550192325,-6571.101793785
9.20557772495042,9.321982677142005,0.8059828238040613,50.57665550192325,-6571.101793785
9.20557772495042,9.321982677142005,0.8059828238040613,50.57665550192325,-6571.101793785
9.20557772495042,9.321982677142005,0.8059828238040613,50.57665550192325,-6571.101793785
9.20557772495042,9.321982677142005,0.8059828238040613,50.57665550192325,-6571.101793785
9.20557772495042,9.321982677142005,0.8059828238040613,50.57665550192325,-6571.101793785
9.20557772495042,9.321982677142005,0.8059828238040613,50.57665550192325,-6571.101793785
9.20557772495042,9.321982677142005,0.8059828238040613,50.57665550192325,-6571.101793785
9.20557772495042,9.321982677142005,0.8059828238040613,50.57665550192325,-6571.101793785
9.20557772495042,9.321982677142005,0.8059828238040613,50.57665550192325,-6571.101793785
9.20557772495042,9.321982677142005,0.8059828238040613,50.57665550192325,-6571.101793785
9.20557772495042,9.321982677142005,0.8059828238040613,50.57665550192325,-6571.101793785
9.20557772495042,9.321982677142005,0.8059828238040613,50.57665550192325,-6571.101793785
9.20557772495042,9.321982677142005,0.8059828238040613,50.57665550192325,-6571.101793785
9.706950364689416,9.39021990505608,0.8906853198187066,50.41348084387464,-6571.097624556323
9.706950364689416,9.39021990505608,0.8906853198187066,50.41348084387464,-6571.097624556323
9.706950364689416,9.39021990505608,0.8906853198187066,50.41348084387464,-6571.097624556323
9.964837627525082,9.6966705537586,0.6563466101787205,50.023299952082,-6570.743315478133
9.964837627525082,9.6966705537586,0.6563466101787205,50.023299952082,-6570.743315478133
9.964837627525082,9.6966705537586,0.6563466101787205,50.023299952082,-6570.743315478133
9.964837627525082,9.6966705537586,0.6563466101787205,50.023299952082,-6570.743315478133
9.964837627525082,9.6966705537586,0.6563466101787205,50.023299952082,-6570.743315478133
9.964837627525082,9.6966705537586,0.6563466101787205,50.023299952082,-6570.743315478133
10.135418534519602,10.75443738075822,0.6243045739472012,51.234540446414194,-6572.392053439824
10.135418534519602,10.75443738075822,0.6243045739472012,51.234540446414194,-6572.392053439824
10.135418534519602,10.75443738075822,0.6243045739472012,51.234540446414194,-6572.392053439824
10.135418534519602,10.75443738075822,0.6243045739472012,51.234540446414194,-6572.392053439824
10.135418534519602,10.75443738075822,0.6243045739472012,51.234540446414194,-6572.392053439824
10.135418534519602,10.75443738075822,0.6243045739472012,51.234540446414194,-6572.392053439824
10.135418534519602,10.75443738075822,0.6243045739472012,51.234540446414194,-6572.392053439824
10.135418534519602,10.75443738075822,0.6243045739472012,51.234540446414194,-6572.392053439824
10.135418534519602,10.75443738075822,0.6243045739472012,51.234540446414194,-6572.392053439824
10.135418534519602,10.75443738075822,0.6243045739472012,51.234540446414194,-6572.392053439824
10.135418534519602,10.75443738075822,0.6243045739472012,51.234540446414194,-6572.392053439824
10.135418534519602,10.75443738075822,0.6243045739472012,51.234540446414194,-6572.392053439824
10.135418534519602,10.75443738075822,0.6243045739472012,51.234540446414194,-6572.392053439824
10.135418534519602,10.75443738075822,0.6243045739472012,51.234540446414194,-6572.392053439824
10.135418534519602,10.75443738075822,0.6243045739472012,51.234540446414194,-6572.392053439824
10.135418534519602,10.75443738075822,0.6243045739472012,51.234540446414194,-6572.392053439824
10.135418534519602,10.75443738075822,0.6243045739472012,51.234540446414194,-6572.392053439824
10.135418534519602,10.75443738075822,0.6243045739472012,51.234540446414194,-6572.392053439824
10.135418534519602,10.75443738075822,0.6243045739472012,51.234540446414194,-6572.392053439824
10.135418534519602,10.75443738075822,0.6243045739472012,51.234540446414194,-6572.392053439824
10.135418534519602,10.75443738075822,0.6243045739472012,51.234540446414194,-6572.392053439824
10.135418534519602,10.75443738075822,0.6243045739472012,51.234540446414194,-6572.392053439824
10.135418534519602,10.75443738075822,0.6243045739472012,51.234540446414194,-6572.392053439824
10.135418534519602,10.75443738075822,0.6243045739472012,51.234540446414194,-6572.392053439824
10.135418534519602,10.75443738075822,0.6243045739472012,51.234540446414194,-6572.392053439824
10.135418534519602,10.75443738075822,0.6243045739472012,51.234540446414194,-6572.392053439824
10.658474254540625,10.824795500731971,0.6443248787298128,50.00883202370387,-6573.541485488871
10.658474254540625,10.824795500731971,0.6443248787298128,50.00883202370387,-6573.541485488871
10.658474254540625,10.824795500731971,0.6443248787298128,50.00883202370387,-6573.541485488871
10.024826726455288,11.66163843851504,0.7627650174356856,50.88883771020568,-6574.422722367425
10.024826726455288,11.66163843851504,0.7627650174356856,50.88883771020568,-6574.422722367425
9.621544596293376,12.085237480032466,0.764249963140847,50.80119137311717,-6573.816755895852
9.245845614320862,9.802028325725944,0.8858279369599094,50.35151730464254,-6571.159248703712
9.245845614320862,9.802028325725944,0.8858279369599094,50.35151730464254,-6571.159248703712
9.245845614320862,9.802028325725944,0.8858279369599094,50.35151730464254,-6571.159248703712
9.245845614320862,9.802028325725944,0.8858279369599094,50.35151730464254,-6571.159248703712
9.245845614320862,9.802028325725944,0.8858279369599094,50.35151730464254,-6571.159248703712
9.245845614320862,9.802028325725944,0.8858279369599094,50.35151730464254,-6571.159248703712
9.245845614320862,9.802028325725944,0.8858279369599094,50.35151730464254,-6571.159248703712
9.245845614320862,9.802028325725944,0.8858279369599094,50.35151730464254,-6571.159248703712
9.245845614320862,9.802028325725944,0.8858279369599094,50.35151730464254,-6571.159248703712
9.825474846117562,9.039986172130531,0.698736645541423,49.98893761277627,-6570.705371390243
9.825474846117562,9.039986172130531,0.698736645541423,49.98893761277627,-6570.705371390243
9.825474846117562,9.039986172130531,0.698736645541423,49.98893761277627,-6570.705371390243
9.825474846117562,9.039986172130531,0.698736645541423,49.98893761277627,-6570.705371390243
9.825474846117562,9.039986172130531,0.698736645541423,49.98893761277627,-6570.705371390243
9.825474846117562,9.039986172130531,0.698736645541423,49.98893761277627,-6570.705371390243
9.825474846117562,9.039986172130531,0.698736645541423,49.98893761277627,-6570.705371390243
9.727866775361408,9.700337892883912,0.654738019004564,50.61542927241425,-6570.79037860925
9.727866775361408,9.700337892883912,0.654738019004564,50.61542927241425,-6570.79037860925
9.699271720748568,9.274476558987114,0.9251799398189056,50.66114932672225,-6571.574405376631
9.699271720748568,9.274476558987114,0.9251799398189056,50.66114932672225,-6571.574405376631
9.699271720748568,9.274476558987114,0.9251799398189056,50.66114932672225,-6571.574405376631
9.943700027133016,7.457834096485328,0.9832838188517065,50.61173661771296,-6571.473883111808
9.943700027133016,7.457834096485328,0.9832838188517065,50.61173661771296,-6571.473883111808
9.943700027133016,7.457834096485328,0.9832838188517065,50.61173661771296,-6571.473883111808
9.943700027133016,7.457834096485328,0.9832838188517065,50.61173661771296,-6571.473883111808
9.943700027133016,7.457834096485328,0.9832838188517065,50.61173661771296,-6571.473883111808
9.943700027133016,7.457834096485328,0.9832838188517065,50.61173661771296,-6571.473883111808
9.076296648689457,9.648173087686455,0.7266030633743568,50.233544867075196,-6571.6346148195735
9.076296648689457,9.648173087686455,0.7266030633743568,50.233544867075196,-6571.6346148195735
9.076296648689457,9.648173087686455,0.7266030633743568,50.233544867075196,-6571.6346148195735
9.260670820591084,9.6169971946712,0.7095501923982415,49.72037740796505,-6571.847201410234
8.91849918578111,10.149294132579133,0.8681719418252696,49.87887087507836,-6571.717654270743
8.91849918578111,10.149294132579133,0.8681719418252696,49.87887087507836,-6571.717654270743
8.91849918578111,10.149294132579133,0.8681719418252696,49.87887087507836,-6571.717654270743
8.91849918578111,10.149294132579133,0.8681719418252696,49.87887087507836,-6571.717654270743
8.91849918578111,10.149294132579133,0.8681719418252696,49.87887087507836,-6571.717654270743
8.91849918578111,10.149294132579133,0.8681719418252696,49.87887087507836,-6571.717654270743
8.91849918578111,10.149294132579133,0.8681719418252696,49.87887087507836,-6571.717654270743
8.91849918578111,10.149294132579133,0.8681719418252696,49.87887087507836,-6571.717654270743
8.788474196015235,11.803322922446648,0.7059230586387234,50.35358892976661,-6571.770219599826
10.273078753857394,10.028721918845433,0.8017561007013135,50.07851548176975,-6572.247740561623
10.273078753857394,10.028721918845433,0.8017561007013135,50.07851548176975,-6572.247740561623
9.957796054613258,8.805191696123398,0.7122679264186355,49.403242248997756,-6571.830324311813
9.239797919911215,9.844055843438511,0.7449910936248034,50.06919453232774,-6570.951586365504
9.239797919911215,9.844055843438511,0.7449910936248034,50.06919453232774,-6570.951586365504
9.239797919911215,9.844055843438511,0.7449910936248034,50.06919453232774,-6570.951586365504
9.239797919911215,9.844055843438511,0.7449910936248034,50.06919453232774,-6570.951586365504
9.239797919911215,9.844055843438511,0.7449910936248034,50.06919453232774,-6570.951586365504
9.480993455067336,11.937698471712766,0.7018450241939731,50.68247642152598,-6572.303627581254
9.480993455067336,11.937698471712766,0.7018450241939731,50.68247642152598,-6572.303627581254
9.480993455067336,11.937698471712766,0.7018450241939731,50.68247642152598,-6572.303627581254
9.480993455067336,11.937698471712766,0.7018450241939731,50.68247642152598,-6572.303627581254
9.480993455067336,11.937698471712766,0.7018450241939731,50.68247642152598,-6572.303627581254
9.480993455067336,11.937698471712766,0.7018450241939731,50.68247642152598,-6572.303627581254
9.480993455067336,11.937698471712766,0.7018450241939731,50.68247642152598,-6572.303627581254
9.47880731794479,10.483519384364264,0.7216840693370182,50.317399361831015,-6570.661742766344
9.47880731794479,10.483519384364264,0.7216840693370182,50.317399361831015,-6570.661742766344
9.47880731794479,10.483519384364264,0.7216840693370182,50.317399361831015,-6570.661742766344
9.47880731794479,10.483519384364264,0.7216840693370182,50.317399361831015,-6570.661742766344
9.47880731794479,10.483519384364264,0.7216840693370182,50.317399361831015,-6570.661742766344
9.47880731794479,10.483519384364264,0.7216840693370182,50.317399361831015,-6570.661742766344
9.47880731794479,10.483519384364264,0.7216840693370182,50.317399361831015,-6570.661742766344
8.944936607014004,9.97221679351297,0.7144794158333819,49.49264272319618,-6573.060169322897
8.944936607014004,9.97221679351297,0.7144794158333819,49.49264272319618,-6573.060169322897
9.362442726586305,11.203057968103426,0.9168325623097963,49.8281916429305,-6573.762198729989
9.362442726586305,11.203057968103426,0.9168325623097963,49.8281916429305,-6573.762198729989
9.362442726586305,11.203057968103426,0.9168325623097963,49.8281916429305,-6573.762198729989
8.316706842733499,11.71092570316441,0.8069592602848928,50.39759748732544,-6572.71541653889
8.316706842733499,11.71092570316441,0.8069592602848928,50.39759748732544,-6572.71541653889
8.316706842733499,11.71092570316441,0.8069592602848928,50.39759748732544,-6572.71541653889
8.316706842733499,11.71092570316441,0.8069592602848928,50.39759748732544,-6572.71541653889
8.316706842733499,11.71092570316441,0.8069592602848928,50.39759748732544,-6572.71541653889
8.316706842733499,11.71092570316441,0.8069592602848928,50.39759748732544,-6572.71541653889
9.471932562099695,9.831936963742157,0.7801142663244353,50.54391490734673,-6570.565524327802
9.471932562099695,9.831936963742157,0.7801142663244353,50.54391490734673,-6570.565524327802
9.471932562099695,9.831936963742157,0.7801142663244353,50.54391490734673,-6570.565524327802
9.471932562099695,9.831936963742157,0.7801142663244353,50.54391490734673,-6570.565524327802
9.471932562099695,9.831936963742157,0.7801142663244353,50.54391490734673,-6570.565524327802
9.085602162569653,10.241124358445145,0.7008106736488271,50.863726875696855,-6571.7864732471835
9.085602162569653,10.241124358445145,0.7008106736488271,50.863726875696855,-6571.7864732471835
9.16613871767946,11.253740933216937,0.7022168262110471,50.78660622302232,-6571.471364356392
9.16147493018929,12.93111262409685,0.673571675142149,50.89711236689697,-6573.431929335183
9.467032479452543,12.29893551777747,0.6685221967579636,50.06828324722057,-6572.634282504541
9.081954942705721,12.701404787702629,0.6746789449450572,50.962633026279235,-6573.09810619269
9.081954942705721,12.701404787702629,0.6746789449450572,50.962633026279235,-6573.09810619269
9.081954942705721,12.701404787702629,0.6746789449450572,50.962633026279235,-6573.09810619269
9.081954942705721,12.701404787702629,0.6746789449450572,50.962633026279235,-6573.09810619269
9.081954942705721,12.701404787702629,0.6746789449450572,50.962633026279235,-6573.09810619269
9.081954942705721,12.701404787702629,0.6746789449450572,50.962633026279235,-6573.09810619269
9.081954942705721,12.701404787702629,0.6746789449450572,50.962633026279235,-6573.09810619269
9.081954942705721,12.701404787702629,0.6746789449450572,50.962633026279235,-6573.09810619269
9.081954942705721,12.701404787702629,0.6746789449450572,50.962633026279235,-6573.09810619269
9.081954942705721,12.701404787702629,0.6746789449450572,50.962633026279235,-6573.09810619269
9.081954942705721,12.701404787702629,0.6746789449450572,50.962633026279235,-6573.09810619269
9.081954942705721,12.701404787702629,0.6746789449450572,50.962633026279235,-6573.09810619269
9.081954942705721,12.701404787702629,0.6746789449450572,50.962633026279235,-6573.09810619269
8.766706200011253,10.774914386476452,0.7890816314550434,50.59784683895612,-6571.703124218289
8.766706200011253,10.774914386476452,0.7890816314550434,50.59784683895612,-6571.703124218289
8.766706200011253,10.774914386476452,0.7890816314550434,50.59784683895612,-6571.703124218289
8.766706200011253,10.774914386476452,0.7890816314550434,50.59784683895612,-6571.703124218289
8.766706200011253,10.774914386476452,0.7890816314550434,50.59784683895612,-6571.703124218289
8.766706200011253,10.774914386476452,0.7890816314550434,50.59784683895612,-6571.703124218289
9.873396783237645,8.13033690165606,0.9591700228545379,50.102773037865575,-6571.235921869813
9.873396783237645,8.13033690165606,0.9591700228545379,50.102773037865575,-6571.235921869813
9.873396783237645,8.13033690165606,0.9591700228545379,50.102773037865575,-6571.235921869813
9.873396783237645,8.13033690165606,0.9591700228545379,50.102773037865575,-6571.235921869813
9.873396783237645,8.13033690165606,0.9591700228545379,50.102773037865575,-6571.235921869813
10.4196920173518,7.2322321162750205,0.9967431985457911,50.47353930430215,-6571.755294262065
11.25130200747669,5.285260105972997,0.9033559909772055,50.849590462811264,-6571.99258668433
11.25130200747669,5.285260105972997,0.9033559909772055,50.849590462811264,-6571.99258668433
11.25130200747669,5.285260105972997,0.9033559909772055,50.849590462811264,-6571.99258668433
11.25130200747669,5.285260105972997,0.9033559909772055,50.849590462811264,-6571.99258668433
11.25130200747669,5.285260105972997,0.9033559909772055,50.849590462811264,-6571.99258668433
11.25130200747669,5.285260105972997,0.9033559909772055,50.849590462811264,-6571.99258668433
11.25130200747669,5.285260105972997,0.9033559909772055,50.849590462811264,-6571.99258668433
11.25130200747669,5.285260105972997,0.9033559909772055,50.849590462811264,-6571.99258668433
11.25130200747669,5.285260105972997,0.9033559909772055,50.849590462811264,-6571.99258668433
11.25130200747669,5.285260105972997,0.9033559909772055,50.849590462811264,-6571.99258668433
11.25130200747669,5.285260105972997,0.9033559909772055,50.849590462811264,-6571.99258668433
11.25130200747669,5.285260105972997,0.9033559909772055,50.849590462811264,-6571.99258668433
11.25130200747669,5.285260105972997,0.9033559909772055,50.849590462811264,-6571.99258668433
11.25130200747669,5.285260105972997,0.9033559909772055,50.849590462811264,-6571.99258668433
11.25130200747669,5.285260105972997,0.9033559909772055,50.849590462811264,-6571.99258668433
11.25130200747669,5.285260105972997,0.9033559909772055,50.849590462811264,-6571.99258668433
11.25130200747669,5.285260105972997,0.9033559909772055,50.849590462811264,-6571.99258668433
11.146154046928322,7.841729085220996,0.7431126436776119,49.662005583334626,-6572.028204534192
11.146154046928322,7.841729085220996,0.7431126436776119,49.662005583334626,-6572.028204534192
11.146154046928322,7.841729085220996,0.7431126436776119,49.662005583334626,-6572.028204534192
10.841211379270812,6.418082303335443,0.7221852450628546,50.40031612999088,-6571.348749660227
9.84406798590534,7.977356492021712,0.8661451796157636,51.095457708165306,-6571.469987497134
9.84406798590534,7.977356492021712,0.8661451796157636,51.095457708165306,-6571.469987497134
10.29124852604451,8.289825859624331,0.8513544587902174,50.253102707321624,-6570.562800667114
10.29124852604451,8.289825859624331,0.8513544587902174,50.253102707321624,-6570.562800667114
10.29124852604451,8.289825859624331,0.8513544587902174,50.253102707321624,-6570.562800667114
10.29124852604451,8.289825859624331,0.8513544587902174,50.253102707321624,-6570.562800667114
10.29124852604451,8.289825859624331,0.8513544587902174,50.253102707321624,-6570.562800667114
10.29124852604451,8.289825859624331,0.8513544587902174,50.253102707321624,-6570.562800667114
10.29124852604451,8.289825859624331,0.8513544587902174,50.253102707321624,-6570.562800667114
10.29124852604451,8.289825859624331,0.8513544587902174,50.253102707321624,-6570.562800667114
10.29124852604451,8.289825859624331,0.8513544587902174,50.253102707321624,-6570.562800667114
10.29124852604451,8.289825859624331,0.8513544587902174,50.253102707321624,-6570.562800667114
10.29124852604451,8.289825859624331,0.8513544587902174,50.253102707321624,-6570.562800667114
10.29124852604451,8.289825859624331,0.8513544587902174,50.253102707321624,-6570.562800667114
10.097502902205767,6.2445732188760275,0.8767792061951121,49.969960563443436,-6572.387286576156
10.097502902205767,6.2445732188760275,0.8767792061951121,49.969960563443436,-6572.387286576156
10.097502902205767,6.2445732188760275,0.8767792061951121,49.969960563443436,-6572.387286576156
10.097502902205767,6.2445732188760275,0.8767792061951121,49.969960563443436,-6572.387286576156
10.097502902205767,6.2445732188760275,0.8767792061951121,49.969960563443436,-6572.387286576156
10.775698948571279,8.258501998505727,0.7719862845974312,50.62219415114701,-6570.850071234943
10.775698948571279,8.258501998505727,0.7719862845974312,50.62219415114701,-6570.850071234943
10.775698948571279,8.258501998505727,0.7719862845974312,50.62219415114701,-6570.850071234943
10.775698948571279,8.258501998505727,0.7719862845974312,50.62219415114701,-6570.850071234943
10.775698948571279,8.258501998505727,0.7719862845974312,50.62219415114701,-6570.850071234943
10.775698948571279,8.258501998505727,0.7719862845974312,50.62219415114701,-6570.850071234943
10.775698948571279,8.258501998505727,0.7719862845974312,50.62219415114701,-6570.850071234943
10.775698948571279,8.258501998505727,0.7719862845974312,50.62219415114701,-6570.850071234943
10.313685823863374,8.373073652928122,0.7249636360291707,51.02484740081522,-6570.789905334641
10.313685823863374,8.373073652928122,0.7249636360291707,51.02484740081522,-6570.789905334641
10.313685823863374,8.373073652928122,0.7249636360291707,51.02484740081522,-6570.789905334641
10.313685823863374,8.373073652928122,0.7249636360291707,51.02484740081522,-6570.789905334641
10.313685823863374,8.373073652928122,0.7249636360291707,51.02484740081522,-6570.789905334641
10.313685823863374,8.373073652928122,0.7249636360291707,51.02484740081522,-6570.789905334641
10.313685823863374,8.373073652928122,0.7249636360291707,51.02484740081522,-6570.789905334641
10.313685823863374,8.373073652928122,0.7249636360291707,51.02484740081522,-6570.789905334641
10.313685823863374,8.373073652928122,0.7249636360291707,51.02484740081522,-6570.789905334641
10.313685823863374,8.373073652928122,0.7249636360291707,51.02484740081522,-6570.789905334641
10.313685823863374,8.373073652928122,0.7249636360291707,51.02484740081522,-6570.789905334641
10.313685823863374,8.373073652928122,0.7249636360291707,51.02484740081522,-6570.789905334641
10.313685823863374,8.373073652928122,0.7249636360291707,51.02484740081522,-6570.789905334641
9.820821698427272,9.080125678848109,0.6631105919069376,50.566464008193044,-6570.865472658019
9.820821698427272,9.080125678848109,0.6631105919069376,50.566464008193044,-6570.865472658019
9.820821698427272,9.080125678848109,0.6631105919069376,50.566464008193044,-6570.865472658019
9.820821698427272,9.080125678848109,0.6631105919069376,50.566464008193044,-6570.865472658019
9.820821698427272,9.080125678848109,0.6631105919069376,50.566464008193044,-6570.865472658019
9.820821698427272,9.080125678848109,0.6631105919069376,50.566464008193044,-6570.865472658019
9.820821698427272,9.080125678848109,0.6631105919069376,50.566464008193044,-6570.865472658019
9.820821698427272,9.080125678848109,0.6631105919069376,50.566464008193044,-6570.865472658019
9.820821698427272,9.080125678848109,0.6631105919069376,50.566464008193044,-6570.865472658019
9.820821698427272,9.080125678848109,0.6631105919069376,50.566464008193044,-6570.865472658019
9.820821698427272,9.080125678848109,0.6631105919069376,50.566464008193044,-6570.865472658019
9.820821698427272,9.080125678848109,0.6631105919069376,50.566464008193044,-6570.865472658019
9.820821698427272,9.080125678848109,0.6631105919069376,50.566464008193044,-6570.865472658019
9.820821698427272,9.080125678848109,0.6631105919069376,50.566464008193044,-6570.865472658019
9.820821698427272,9.080125678848109,0.6631105919069376,50.566464008193044,-6570.865472658019
9.814535922650444,10.276765201842057,0.6893217963754152,50.503405879521864,-6570.639865532587
9.814535922650444,10.276765201842057,0.6893217963754152,50.503405879521864,-6570.639865532587
9.862651576792418,11.167086581692214,0.6903737587836483,51.058573010308876,-6572.325179618547
9.862651576792418,11.167086581692214,0.6903737587836483,51.058573010308876,-6572.325179618547
9.862651576792418,11.167086581692214,0.6903737587836483,51.058573010308876,-6572.325179618547
9.862651576792418,11.167086581692214,0.6903737587836483,51.058573010308876,-6572.325179618547
10.186395219150409,9.652217611473421,0.8458654048292198,50.206150801295564,-6571.85764180999
10.186395219150409,9.652217611473421,0.8458654048292198,50.206150801295564,-6571.85764180999
10.186395219150409,9.652217611473421,0.8458654048292198,50.206150801295564,-6571.85764180999
9.652537524243368,10.418497538948264,0.826308953933986,50.74836686537768,-6571.693231876612
9.652537524243368,10.418497538948264,0.826308953933986,50.74836686537768,-6571.693231876612
9.652537524243368,10.418497538948264,0.826308953933986,50.74836686537768,-6571.693231876612
9.943392447257994,8.49288295547608,0.7961169991927303,50.506542654824855,-6570.2337435401905
9.943392447257994,8.49288295547608,0.7961169991927303,50.506542654824855,-6570.2337435401905
9.943392447257994,8.49288295547608,0.7961169991927303,50.506542654824855,-6570.2337435401905
10.427075017212482,8.281020328702422,0.6927323875030056,50.11740649828075,-6570.47065525562
10.427075017212482,8.281020328702422,0.6927323875030056,50.11740649828075,-6570.47065525562
10.427075017212482,8.281020328702422,0.6927323875030056,50.11740649828075,-6570.47065525562
10.427075017212482,8.281020328702422,0.6927323875030056,50.11740649828075,-6570.47065525562
10.269589794292717,8.802101902680638,0.697609200874797,50.340431050041516,-6570.255933323559
10.269589794292717,8.802101902680638,0.697609200874797,50.340431050041516,-6570.255933323559
10.269589794292717,8.802101902680638,0.697609200874797,50.340431050041516,-6570.255933323559
10.269589794292717,8.802101902680638,0.697609200874797,50.340431050041516,-6570.255933323559
10.269589794292717,8.802101902680638,0.697609200874797,50.340431050041516,-6570.255933323559
10.269589794292717,8.802101902680638,0.697609200874797,50.340431050041516,-6570.255933323559
11.098287328860396,5.858140112503283,0.722566193428311,50.29309352267873,-6571.890295329102
11.098287328860396,5.858140112503283,0.722566193428311,50.29309352267873,-6571.890295329102
11.098287328860396,5.858140112503283,0.722566193428311,50.29309352267873,-6571.890295329102
11.723198927233696,5.351778185662654,0.9252582355025071,50.50344103018651,-6572.628951872299
11.723198927233696,5.351778185662654,0.9252582355025071,50.50344103018651,-6572.628951872299
11.723198927233696,5.351778185662654,0.9252582355025071,50.50344103018651,-6572.628951872299
11.723198927233696,5.351778185662654,0.9252582355025071,50.50344103018651,-6572.628951872299
11.723198927233696,5.351778185662654,0.9252582355025071,50.50344103018651,-6572.628951872299
11.886002050977464,4.805345015057048,0.9143266703401808,50.013553217963675,-6573.035502115992
11.886002050977464,4.805345015057048,0.9143266703401808,50.013553217963675,-6573.035502115992
9.843184020285529,7.768885752477262,0.9317630853644983,50.04482751739948,-6571.044460338552
9.843184020285529,7.768885752477262,0.9317630853644983,50.04482751739948,-6571.044460338552
9.843184020285529,7.768885752477262,0.9317630853644983,50.04482751739948,-6571.044460338552
9.843184020285529,7.768885752477262,0.9317630853644983,50.04482751739948,-6571.044460338552
9.843184020285529,7.768885752477262,0.9317630853644983,50.04482751739948,-6571.044460338552
9.551068363337512,8.494715235965812,0.9847431621246837,50.3741398334354,-6571.555145183471
10.172738573679418,8.346110122710638,0.9381264024257048,49.92336857143681,-6571.619382360984
10.172738573679418,8.346110122710638,0.9381264024257048,49.92336857143681,-6571.619382360984
10.172738573679418,8.346110122710638,0.9381264024257048,49.92336857143681,-6571.619382360984
9.685754163865882,7.976792536630621,0.7806840873583603,49.83307617692877,-6571.5884218011815
9.685754163865882,7.976792536630621,0.7806840873583603,49.83307617692877,-6571.5884218011815
9.685754163865882,7.976792536630621,0.7806840873583603,49.83307617692877,-6571.5884218011815
9.685754163865882,7.976792536630621,0.7806840873583603,49.83307617692877,-6571.5884218011815
10.23993405029903,7.179769789548872,1.042272930732996,50.274214934416236,-6572.106613367789
10.23993405029903,7.179769789548872,1.042272930732996,50.274214934416236,-6572.106613367789
10.23993405029903,7.179769789548872,1.042272930732996,50.274214934416236,-6572.106613367789
10.23993405029903,7.179769789548872,1.042272930732996,50.274214934416236,-6572.106613367789
10.23993405029903,7.179769789548872,1.042272930732996,50.274214934416236,-6572.106613367789
9.934636438764393,6.970909051734766,0.867236266855676,50.38401156721907,-6571.377278409288
10.681972086111907,7.831734788785442,1.0198471837659253,50.192455641526536,-6573.5436523595035
10.681972086111907,7.831734788785442,1.0198471837659253,50.192455641526536,-6573.5436523595035
10.681972086111907,7.831734788785442,1.0198471837659253,50.192455641526536,-6573.5436523595035
10.681972086111907,7.831734788785442,1.0198471837659253,50.192455641526536,-6573.5436523595035
11.063446364285168,5.839877843061599,1.0211757658498186,51.4851341791081,-6574.29419582193
11.063446364285168,5.839877843061599,1.0211757658498186,51.4851341791081,-6574.29419582193
11.063446364285168,5.839877843061599,1.0211757658498186,51.4851341791081,-6574.29419582193
11.063446364285168,5.839877843061599,1.0211757658498186,51.4851341791081,-6574.29419582193
11.063446364285168,5.839877843061599,1.0211757658498186,51.4851341791081,-6574.29419582193
11.063446364285168,5.839877843061599,1.0211757658498186,51.4851341791081,-6574.29419582193
10.031568762316407,6.174700883443519,1.0302373397108746,51.74497242991906,-6575.611734584121
10.719070331539951,4.427537503871873,1.1593116659756597,51.355016159295886,-6576.1249641568265
10.719070331539951,4.427537503871873,1.1593116659756597,51.355016159295886,-6576.1249641568265
10.719070331539951,4.427537503871873,1.1593116659756597,51.355016159295886,-6576.1249641568265
10.719070331539951,4.427537503871873,1.1593116659756597,51.355016159295886,-6576.1249641568265
10.719070331539951,4.427537503871873,1.1593116659756597,51.355016159295886,-6576.1249641568265
10.719070331539951,4.427537503871873,1.1593116659756597,51.355016159295886,-6576.1249641568265
10.719070331539951,4.427537503871873,1.1593116659756597,51.355016159295886,-6576.1249641568265
10.719070331539951,4.427537503871873,1.1593116659756597,51.355016159295886,-6576.1249641568265
10.719070331539951,4.427537503871873,1.1593116659756597,51.355016159295886,-6576.1249641568265
10.719070331539951,4.427537503871873,1.1593116659756597,51.355016159295886,-6576.1249641568265
10.719070331539951,4.427537503871873,1.1593116659756597,51.355016159295886,-6576.1249641568265
10.719070331539951,4.427537503871873,1.1593116659756597,51.355016159295886,-6576.1249641568265
10.719070331539951,4.427537503871873,1.1593116659756597,51.355016159295886,-6576.1249641568265
10.719070331539951,4.427537503871873,1.1593116659756597,51.355016159295886,-6576.1249641568265
10.844776058137446,5.025583340014459,1.3314863382318827,51.158437870244484,-6578.2462536137255
10.844776058137446,5.025583340014459,1.3314863382318827,51.158437870244484,-6578.2462536137255
10.844776058137446,5.025583340014459,1.3314863382318827,51.158437870244484,-6578.2462536137255
10.844776058137446,5.025583340014459,1.3314863382318827,51.158437870244484,-6578.2462536137255
10.844776058137446,5.025583340014459,1.3314863382318827,51.158437870244484,-6578.2462536137255
10.844776058137446,5.025583340014459,1.3314863382318827,51.158437870244484,-6578.2462536137255
10.844776058137446,5.025583340014459,1.3314863382318827,51.158437870244484,-6578.2462536137255
10.844776058137446,5.025583340014459,1.3314863382318827,51.158437870244484,-6578.2462536137255
11.425386053550026,4.324955164159708,1.1383795855855057,50.94986951747947,-6575.091091953436
11.63717253673319,4.351967737256606,0.9268509359025225,50.101904292051614,-6572.881277120825
11.63717253673319,4.351967737256606,0.9268509359025225,50.101904292051614,-6572.881277120825
11.63717253673319,4.351967737256606,0.9268509359025225,50.101904292051614,-6572.881277120825
11.63717253673319,4.351967737256606,0.9268509359025225,50.101904292051614,-6572.881277120825
11.63717253673319,4.351967737256606,0.9268509359025225,50.101904292051614,-6572.881277120825
11.63717253673319,4.351967737256606,0.9268509359025225,50.101904292051614,-6572.881277120825
11.63717253673319,4.351967737256606,0.9268509359025225,50.101904292051614,-6572.881277120825
11.63717253673319,4.351967737256606,0.9268509359025225,50.101904292051614,-6572.881277120825
11.63717253673319,4.351967737256606,0.9268509359025225,50.101904292051614,-6572.881277120825
11.63717253673319,4.351967737256606,0.9268509359025225,50.101904292051614,-6572.881277120825
11.63717253673319,4.351967737256606,0.9268509359025225,50.101904292051614,-6572.881277120825
11.63717253673319,4.351967737256606,0.9268509359025225,50.101904292051614,-6572.881277120825
11.63717253673319,4.351967737256606,0.9268509359025225,50.101904292051614,-6572.881277120825
11.63717253673319,4.351967737256606,0.9268509359025225,50.101904292051614,-6572.881277120825
11.63717253673319,4.351967737256606,0.9268509359025225,50.101904292051614,-6572.881277120825
11.63717253673319,4.351967737256606,0.9268509359025225,50.101904292051614,-6572.881277120825
11.63717253673319,4.351967737256606,0.9268509359025225,50.101904292051614,-6572.881277120825
11.63717253673319,4.351967737256606,0.9268509359025225,50.101904292051614,-6572.881277120825
11.63717253673319,4.351967737256606,0.9268509359025225,50.101904292051614,-6572.881277120825
11.63717253673319,4.351967737256606,0.9268509359025225,50.101904292051614,-6572.881277120825
10.74070301087399,6.706565291757183,0.9365599192838884,49.41238682380893,-6572.5676367698925
10.74070301087399,6.706565291757183,0.9365599192838884,49.41238682380893,-6572.5676367698925
10.74070301087399,6.706565291757183,0.9365599192838884,49.41238682380893,-6572.5676367698925
10.74070301087399,6.706565291757183,0.9365599192838884,49.41238682380893,-6572.5676367698925
10.74070301087399,6.706565291757183,0.9365599192838884,49.41238682380893,-6572.5676367698925
10.74070301087399,6.706565291757183,0.9365599192838884,49.41238682380893,-6572.5676367698925
10.74070301087399,6.706565291757183,0.9365599192838884,49.41238682380893,-6572.5676367698925
10.74070301087399,6.706565291757183,0.9365599192838884,49.41238682380893,-6572.5676367698925
10.74070301087399,6.706565291757183,0.9365599192838884,49.41238682380893,-6572.5676367698925
10.74070301087399,6.706565291757183,0.9365599192838884,49.41238682380893,-6572.5676367698925
10.74070301087399,6.706565291757183,0.9365599192838884,49.41238682380893,-6572.5676367698925
9.90946241080007,8.375151372021799,0.9024527349638021,50.18593994987702,-6570.739283339013
9.90946241080007,8.375151372021799,0.9024527349638021,50.18593994987702,-6570.739283339013
9.90946241080007,8.375151372021799,0.9024527349638021,50.18593994987702,-6570.739283339013
9.90946241080007,8.375151372021799,0.9024527349638021,50.18593994987702,-6570.739283339013
9.90946241080007,8.375151372021799,0.9024527349638021,50.18593994987702,-6570.739283339013
9.374116096444455,10.774182248952386,0.7855151453534283,50.45234098660173,-6571.134797391747
9.374116096444455,10.774182248952386,0.7855151453534283,50.45234098660173,-6571.134797391747
9.374116096444455,10.774182248952386,0.7855151453534283,50.45234098660173,-6571.134797391747
9.374116096444455,10.774182248952386,0.7855151453534283,50.45234098660173,-6571.134797391747
9.374116096444455,10.774182248952386,0.7855151453534283,50.45234098660173,-6571.134797391747
9.6832122998343,9.785222016534048,0.7011220968669291,50.10869687443875,-6570.52611300867
9.6832122998343,9.785222016534048,0.7011220968669291,50.10869687443875,-6570.52611300867
9.6832122998343,9.785222016534048,0.7011220968669291,50.10869687443875,-6570.52611300867
11.042117287989324,9.336940317681261,0.6366233019310132,49.8279349674142,-6572.655086692077
11.042117287989324,9.336940317681261,0.6366233019310132,49.8279349674142,-6572.655086692077
11.042117287989324,9.336940317681261,0.6366233019310132,49.8279349674142,-6572.655086692077
11.042117287989324,9.336940317681261,0.6366233019310132,49.8279349674142,-6572.655086692077
9.820332258464173,10.165297705472836,0.5212684589203748,50.581987129338316,-6572.69286898947
9.820332258464173,10.165297705472836,0.5212684589203748,50.581987129338316,-6572.69286898947
9.820332258464173,10.165297705472836,0.5212684589203748,50.581987129338316,-6572.69286898947
9.820332258464173,10.165297705472836,0.5212684589203748,50.581987129338316,-6572.69286898947
9.820332258464173,10.165297705472836,0.5212684589203748,50.581987129338316,-6572.69286898947
10.140207616568286,8.839553128560363,0.5677025244372301,50.15639324963696,-6572.315148111328
10.763414770442118,8.351783985090274,0.6543314174811294,50.34251605776612,-6570.689220020109
10.763414770442118,8.351783985090274,0.6543314174811294,50.34251605776612,-6570.689220020109
10.763414770442118,8.351783985090274,0.6543314174811294,50.34251605776612,-6570.689220020109
10.763414770442118,8.351783985090274,0.6543314174811294,50.34251605776612,-6570.689220020109
10.763414770442118,8.351783985090274,0.6543314174811294,50.34251605776612,-6570.689220020109
10.763414770442118,8.351783985090274,0.6543314174811294,50.34251605776612,-6570.689220020109
10.763414770442118,8.351783985090274,0.6543314174811294,50.34251605776612,-6570.689220020109
10.763414770442118,8.351783985090274,0.6543314174811294,50.34251605776612,-6570.689220020109
10.763414770442118,8.351783985090274,0.6543314174811294,50.34251605776612,-6570.689220020109
10.763414770442118,8.351783985090274,0.6543314174811294,50.34251605776612,-6570.689220020109
10.763414770442118,8.351783985090274,0.6543314174811294,50.34251605776612,-6570.689220020109
10.763414770442118,8.351783985090274,0.6543314174811294,50.34251605776612,-6570.689220020109
10.763414770442118,8.351783985090274,0.6543314174811294,50.34251605776612,-6570.689220020109
10.763414770442118,8.351783985090274,0.6543314174811294,50.34251605776612,-6570.689220020109
10.763414770442118,8.351783985090274,0.6543314174811294,50.34251605776612,-6570.689220020109
10.763414770442118,8.351783985090274,0.6543314174811294,50.34251605776612,-6570.689220020109
10.10912451387567,8.91426200850138,0.6625824406041457,50.65673922155383,-6570.610880662991
11.341657038820598,7.421770521509892,0.6356020656471773,49.86229672406487,-6571.997919387359
11.341657038820598,7.421770521509892,0.6356020656471773,49.86229672406487,-6571.997919387359
11.341657038820598,7.421770521509892,0.6356020656471773,49.86229672406487,-6571.997919387359
11.341657038820598,7.421770521509892,0.6356020656471773,49.86229672406487,-6571.997919387359
11.341657038820598,7.421770521509892,0.6356020656471773,49.86229672406487,-6571.997919387359
11.192713902585945,6.811470938686815,0.7572959696175702,49.73152294305166,-6571.560639171164
11.192713902585945,6.811470938686815,0.7572959696175702,49.73152294305166,-6571.560639171164
11.530845758789896,5.259781277227231,0.876665238492495,49.75195046084464,-6572.509081647828
11.530845758789896,5.259781277227231,0.876665238492495,49.75195046084464,-6572.509081647828
12.080609253628142,3.6676709584338862,0.7681360507283207,50.0183230692191,-6574.724212717965
12.080609253628142,3.6676709584338862,0.7681360507283207,50.0183230692191,-6574.724212717965
9.960333315520975,7.484390087143995,0.9017829481908836,50.40738102517878,-6570.791184031914
9.613379728745771,8.528650615673197,0.919333283542994,50.59986446048838,-6571.045430986208
9.613379728745771,8.528650615673197,0.919333283542994,50.59986446048838,-6571.045430986208
9.613379728745771,8.528650615673197,0.919333283542994,50.59986446048838,-6571.045430986208
9.613379728745771,8.528650615673197,0.919333283542994,50.59986446048838,-6571.045430986208
9.613379728745771,8.528650615673197,0.919333283542994,50.59986446048838,-6571.045430986208
9.757241134506293,8.261827020038197,0.7374373920649921,50.51604484303177,-6570.99664878669
9.757241134506293,8.261827020038197,0.7374373920649921,50.51604484303177,-6570.99664878669
9.757241134506293,8.261827020038197,0.7374373920649921,50.51604484303177,-6570.99664878669
9.757241134506293,8.261827020038197,0.7374373920649921,50.51604484303177,-6570.99664878669
9.757241134506293,8.261827020038197,0.7374373920649921,50.51604484303177,-6570.99664878669
9.757241134506293,8.261827020038197,0.7374373920649921,50.51604484303177,-6570.99664878669
9.757241134506293,8.261827020038197,0.7374373920649921,50.51604484303177,-6570.99664878669
9.757241134506293,8.261827020038197,0.7374373920649921,50.51604484303177,-6570.99664878669
9.757241134506293,8.261827020038197,0.7374373920649921,50.51604484303177,-6570.99664878669
10.56353200659053,8.957731812836396,0.8549229079510637,50.21995515607358,-6572.063080021424
10.56353200659053,8.957731812836396,0.8549229079510637,50.21995515607358,-6572.063080021424
10.56353200659053,8.957731812836396,0.8549229079510637,50.21995515607358,-6572.063080021424
10.56353200659053,8.957731812836396,0.8549229079510637,50.21995515607358,-6572.063080021424
10.56353200659053,8.957731812836396,0.8549229079510637,50.21995515607358,-6572.063080021424
10.356056682629335,8.171978584976753,0.7422856565873099,50.01170389740312,-6570.391140082647
10.356056682629335,8.171978584976753,0.7422856565873099,50.01170389740312,-6570.391140082647
10.356056682629335,8.171978584976753,0.7422856565873099,50.01170389740312,-6570.391140082647
10.356056682629335,8.171978584976753,0.7422856565873099,50.01170389740312,-6570.391140082647
10.356056682629335,8.171978584976753,0.7422856565873099,50.01170389740312,-6570.391140082647
10.356056682629335,8.171978584976753,0.7422856565873099,50.01170389740312,-6570.391140082647
10.356056682629335,8.171978584976753,0.7422856565873099,50.01170389740312,-6570.391140082647
10.356056682629335,8.171978584976753,0.7422856565873099,50.01170389740312,-6570.391140082647
10.356056682629335,8.171978584976753,0.7422856565873099,50.01170389740312,-6570.391140082647
10.356056682629335,8.171978584976753,0.7422856565873099,50.01170389740312,-6570.391140082647
10.356056682629335,8.171978584976753,0.7422856565873099,50.01170389740312,-6570.391140082647
10.356056682629335,8.171978584976753,0.7422856565873099,50.01170389740312,-6570.391140082647
11.021115681902522,7.588388634928012,0.7799306439237035,50.13626015973098,-6570.979970415635
11.431056028147758,7.552200885215464,0.7476644543295942,50.262405155587004,-6571.806586395966
10.764439274552071,8.304487646008905,0.6319549854340426,49.78355857460397,-6571.544330380042
10.764439274552071,8.304487646008905,0.6319549854340426,49.78355857460397,-6571.544330380042
10.764439274552071,8.304487646008905,0.6319549854340426,49.78355857460397,-6571.544330380042
10.764439274552071,8.304487646008905,0.6319549854340426,49.78355857460397,-6571.544330380042
10.764439274552071,8.304487646008905,0.6319549854340426,49.78355857460397,-6571.544330380042
10.764439274552071,8.304487646008905,0.6319549854340426,49.78355857460397,-6571.544330380042
10.764439274552071,8.304487646008905,0.6319549854340426,49.78355857460397,-6571.544330380042
10.764439274552071,8.304487646008905,0.6319549854340426,49.78355857460397,-6571.544330380042
10.764439274552071,8.304487646008905,0.6319549854340426,49.78355857460397,-6571.544330380042
10.764439274552071,8.304487646008905,0.6319549854340426,49.78355857460397,-6571.544330380042
10.764439274552071,8.304487646008905,0.6319549854340426,49.78355857460397,-6571.544330380042
10.669275897462473,9.352397938771343,0.7664835689233789,49.917700093085045,-6572.186006288133
10.669275897462473,9.352397938771343,0.7664835689233789,49.917700093085045,-6572.186006288133
11.177424153432845,7.0204682694894,0.7641354133266349,49.470706596509324,-6572.203162787646
11.418114569144018,5.4683573975226505,1.049353916303356,49.35555430932997,-6575.044376223892
11.418114569144018,5.4683573975226505,1.049353916303356,49.35555430932997,-6575.044376223892
11.418114569144018,5.4683573975226505,1.049353916303356,49.35555430932997,-6575.044376223892
11.418114569144018,5.4683573975226505,1.049353916303356,49.35555430932997,-6575.044376223892
11.009098204550861,4.719872210230359,0.9092591889395851,49.48961410014062,-6573.946363087904
11.009098204550861,4.719872210230359,0.9092591889395851,49.48961410014062,-6573.946363087904
11.009098204550861,4.719872210230359,0.9092591889395851,49.48961410014062,-6573.946363087904
11.009098204550861,4.719872210230359,0.9092591889395851,49.48961410014062,-6573.946363087904
11.009098204550861,4.719872210230359,0.9092591889395851,49.48961410014062,-6573.946363087904
11.009098204550861,4.719872210230359,0.9092591889395851,49.48961410014062,-6573.946363087904
11.009098204550861,4.719872210230359,0.9092591889395851,49.48961410014062,-6573.946363087904
11.009098204550861,4.719872210230359,0.9092591889395851,49.48961410014062,-6573.946363087904
11.009098204550861,4.719872210230359,0.9092591889395851,49.48961410014062,-6573.946363087904
11.009098204550861,4.719872210230359,0.9092591889395851,49.48961410014062,-6573.946363087904
11.68259608033814,5.4779699565782645,0.7979449552744432,50.2291053713671,-6571.801740954208
11.68259608033814,5.4779699565782645,0.7979449552744432,50.2291053713671,-6571.801740954208
11.68259608033814,5.4779699565782645,0.7979449552744432,50.2291053713671,-6571.801740954208
11.68259608033814,5.4779699565782645,0.7979449552744432,50.2291053713671,-6571.801740954208
11.68259608033814,5.4779699565782645,0.7979449552744432,50.2291053713671,-6571.801740954208
11.68259608033814,5.4779699565782645,0.7979449552744432,50.2291053713671,-6571.801740954208
11.556752804522365,5.363110680643677,0.7700651922499463,50.67381322256125,-6571.830928488917
10.952339208072978,7.299892274423546,0.779116521112794,50.170112543886475,-6570.678642874367
10.952339208072978,7.299892274423546,0.779116521112794,50.170112543886475,-6570.678642874367
10.952339208072978,7.299892274423546,0.779116521112794,50.170112543886475,-6570.678642874367
10.952339208072978,7.299892274423546,0.779116521112794,50.170112543886475,-6570.678642874367
11.220052101282864,6.511634427822293,0.7074982781677916,50.333721115805936,-6571.13599526964
11.220052101282864,6.511634427822293,0.7074982781677916,50.333721115805936,-6571.13599526964
11.220052101282864,6.511634427822293,0.7074982781677916,50.333721115805936,-6571.13599526964
9.977810237120071,10.736156149021753,0.7106131867149746,50.461645718699046,-6571.448282511645
10.3872117123241,10.43192837527207,0.6834952190822559,50.72268034447984,-6571.995256165201
10.3872117123241,10.43192837527207,0.6834952190822559,50.72268034447984,-6571.995256165201
10.3872117123241,10.43192837527207,0.6834952190822559,50.72268034447984,-6571.995256165201
10.3872117123241,10.43192837527207,0.6834952190822559,50.72268034447984,-6571.995256165201
10.3872117123241,10.43192837527207,0.6834952190822559,50.72268034447984,-6571.995256165201
10.3872117123241,10.43192837527207,0.6834952190822559,50.72268034447984,-6571.995256165201
10.3872117123241,10.43192837527207,0.6834952190822559,50.72268034447984,-6571.995256165201
10.3872117123241,10.43192837527207,0.6834952190822559,50.72268034447984,-6571.995256165201
10.3872117123241,10.43192837527207,0.6834952190822559,50.72268034447984,-6571.995256165201
10.3872117123241,10.43192837527207,0.6834952190822559,50.72268034447984,-6571.995256165201
10.3872117123241,10.43192837527207,0.6834952190822559,50.72268034447984,-6571.995256165201
9.701300773792944,9.643935941517919,0.6876259441577384,49.95738965907503,-6570.759784590287
10.104849180965132,7.519224568590345,0.9561245293468101,49.828697761304994,-6571.445856663704
10.104849180965132,7.519224568590345,0.9561245293468101,49.828697761304994,-6571.445856663704
10.104849180965132,7.519224568590345,0.9561245293468101,49.828697761304994,-6571.445856663704
10.104849180965132,7.519224568590345,0.9561245293468101,49.828697761304994,-6571.445856663704
10.104849180965132,7.519224568590345,0.9561245293468101,49.828697761304994,-6571.445856663704
10.104849180965132,7.519224568590345,0.9561245293468101,49.828697761304994,-6571.445856663704
10.104849180965132,7.519224568590345,0.9561245293468101,49.828697761304994,-6571.445856663704
9.553995588579246,9.516922050175838,0.8294559705081246,50.140605609276534,-6570.611696444915
9.553995588579246,9.516922050175838,0.8294559705081246,50.140605609276534,-6570.611696444915
9.553995588579246,9.516922050175838,0.8294559705081246,50.140605609276534,-6570.611696444915
9.553995588579246,9.516922050175838,0.8294559705081246,50.140605609276534,-6570.611696444915
8.801419358140887,11.046601243464274,0.8129478967216421,50.38625232936174,-6571.611369960608
8.801419358140887,11.046601243464274,0.8129478967216421,50.38625232936174,-6571.611369960608
8.801419358140887,11.046601243464274,0.8129478967216421,50.38625232936174,-6571.611369960608
8.801419358140887,11.046601243464274,0.8129478967216421,50.38625232936174,-6571.611369960608
8.801419358140887,11.046601243464274,0.8129478967216421,50.38625232936174,-6571.611369960608
8.801419358140887,11.046601243464274,0.8129478967216421,50.38625232936174,-6571.611369960608
8.801419358140887,11.046601243464274,0.8129478967216421,50.38625232936174,-6571.611369960608
9.251476788404611,10.420546114099327,0.7082544581617466,50.19921818445392,-6570.881564103218
9.251476788404611,10.420546114099327,0.7082544581617466,50.19921818445392,-6570.881564103218
10.460648487834247,10.723048926792451,0.6578041867842883,50.19975759794403,-6572.502215353516
10.02472410518702,8.295024353416343,0.677150280110402,50.53036845559623,-6571.006979542981
9.553645081491343,7.102800425995332,0.7313110334211865,50.071559302228664,-6575.0098173191745
9.553645081491343,7.102800425995332,0.7313110334211865,50.071559302228664,-6575.0098173191745
9.553645081491343,7.102800425995332,0.7313110334211865,50.071559302228664,-6575.0098173191745
11.070359258792665,7.131653840063904,0.7667648526628426,51.04046735636182,-6571.236561752649
11.070359258792665,7.131653840063904,0.7667648526628426,51.04046735636182,-6571.236561752649
9.82728769142824,8.645532696945466,0.7394430513842851,50.62105604113267,-6570.515619271437
9.82728769142824,8.645532696945466,0.7394430513842851,50.62105604113267,-6570.515619271437
9.82728769142824,8.645532696945466,0.7394430513842851,50.62105604113267,-6570.515619271437
9.82728769142824,8.645532696945466,0.7394430513842851,50.62105604113267,-6570.515619271437
9.82728769142824,8.645532696945466,0.7394430513842851,50.62105604113267,-6570.515619271437
9.82728769142824,8.645532696945466,0.7394430513842851,50.62105604113267,-6570.515619271437
11.11225954250745,8.128959226250176,0.8550838409553738,50.47259913326004,-6572.722577788182
11.130618618700701,5.572302205369316,0.8153715125795045,49.81307813687734,-6572.018214134078
11.130618618700701,5.572302205369316,0.8153715125795045,49.81307813687734,-6572.018214134078
11.603811699646595,6.210074547197243,0.6964434746311914,50.58112556938208,-6571.5957444766045
9.771460670260051,10.155572457623798,0.7375833270699774,50.442049767186795,-6570.606214974869
9.771460670260051,10.155572457623798,0.7375833270699774,50.442049767186795,-6570.606214974869
9.771460670260051,10.155572457623798,0.7375833270699774,50.442049767186795,-6570.606214974869
9.823023869545178,8.528194842996696,0.8769437291359489,50.438658728776076,-6570.561567899369
9.823023869545178,8.528194842996696,0.8769437291359489,50.438658728776076,-6570.561567899369
9.823023869545178,8.528194842996696,0.8769437291359489,50.438658728776076,-6570.561567899369
9.823023869545178,8.528194842996696,0.8769437291359489,50.438658728776076,-6570.561567899369
10.352701948614891,7.126096067445869,1.0280961021502162,50.74272009115135,-6572.269226835764
10.352701948614891,7.126096067445869,1.0280961021502162,50.74272009115135,-6572.269226835764
10.352701948614891,7.126096067445869,1.0280961021502162,50.74272009115135,-6572.269226835764
10.352701948614891,7.126096067445869,1.0280961021502162,50.74272009115135,-6572.269226835764
10.352701948614891,7.126096067445869,1.0280961021502162,50.74272009115135,-6572.269226835764
10.352701948614891,7.126096067445869,1.0280961021502162,50.74272009115135,-6572.269226835764
10.352701948614891,7.126096067445869,1.0280961021502162,50.74272009115135,-6572.269226835764
10.352701948614891,7.126096067445869,1.0280961021502162,50.74272009115135,-6572.269226835764
11.06836919422736,6.014183434265682,0.8404536333511767,50.78976483497891,-6571.230801957683
11.06836919422736,6.014183434265682,0.8404536333511767,50.78976483497891,-6571.230801957683
11.06836919422736,6.014183434265682,0.8404536333511767,50.78976483497891,-6571.230801957683
11.06836919422736,6.014183434265682,0.8404536333511767,50.78976483497891,-6571.230801957683
9.42967848301869,10.335259353153297,1.0101316878730577,50.79582435050946,-6574.16640864731
9.42967848301869,10.335259353153297,1.0101316878730577,50.79582435050946,-6574.16640864731
8.26895872614789,9.992002001360802,0.9259988723208326,50.764232073151334,-6574.228203036863
8.26895872614789,9.992002001360802,0.9259988723208326,50.764232073151334,-6574.228203036863
8.26895872614789,9.992002001360802,0.9259988723208326,50.764232073151334,-6574.228203036863
8.26895872614789,9.992002001360802,0.9259988723208326,50.764232073151334,-6574.228203036863
8.26895872614789,9.992002001360802,0.9259988723208326,50.764232073151334,-6574.228203036863
8.26895872614789,9.992002001360802,0.9259988723208326,50.764232073151334,-6574.228203036863
8.795989669224122,10.826049829642779,0.7644468492394483,51.599356756718386,-6574.237027076113
8.795989669224122,10.826049829642779,0.7644468492394483,51.599356756718386,-6574.237027076113
8.795989669224122,10.826049829642779,0.7644468492394483,51.599356756718386,-6574.237027076113
8.742273656292495,11.830798621805592,0.7461532818720233,50.81080664634014,-6572.2532567641065
9.294001751498442,10.344732120454994,0.7500306813689294,51.055468789038876,-6571.535673303411
9.294001751498442,10.344732120454994,0.7500306813689294,51.055468789038876,-6571.535673303411
9.294001751498442,10.344732120454994,0.7500306813689294,51.055468789038876,-6571.535673303411
9.294001751498442,10.344732120454994,0.7500306813689294,51.055468789038876,-6571.535673303411
9.294001751498442,10.344732120454994,0.7500306813689294,51.055468789038876,-6571.535673303411
9.294001751498442,10.344732120454994,0.7500306813689294,51.055468789038876,-6571.535673303411
9.294001751498442,10.344732120454994,0.7500306813689294,51.055468789038876,-6571.535673303411
9.294001751498442,10.344732120454994,0.7500306813689294,51.055468789038876,-6571.535673303411
9.294001751498442,10.344732120454994,0.7500306813689294,51.055468789038876,-6571.535673303411
9.294001751498442,10.344732120454994,0.7500306813689294,51.055468789038876,-6571.535673303411
9.483609625565984,9.931872225590146,0.7233234574161316,50.83454580299746,-6570.891315570556
9.483609625565984,9.931872225590146,0.7233234574161316,50.83454580299746,-6570.891315570556
9.483609625565984,9.931872225590146,0.7233234574161316,50.83454580299746,-6570.891315570556
9.483609625565984,9.931872225590146,0.7233234574161316,50.83454580299746,-6570.891315570556
9.483609625565984,9.931872225590146,0.7233234574161316,50.83454580299746,-6570.891315570556
9.483609625565984,9.931872225590146,0.7233234574161316,50.83454580299746,-6570.891315570556
9.483609625565984,9.931872225590146,0.7233234574161316,50.83454580299746,-6570.891315570556
10.137327843857621,9.093945142685778,0.6516816218674095,50.60889426329809,-6570.59287552644
9.959146793242533,9.088124001498741,0.7559395383106233,50.49603683847159,-6570.203069804764
9.959146793242533,9.088124001498741,0.7559395383106233,50.49603683847159,-6570.203069804764
9.959146793242533,9.088124001498741,0.7559395383106233,50.49603683847159,-6570.203069804764
9.959146793242533,9.088124001498741,0.7559395383106233,50.49603683847159,-6570.203069804764
9.959146793242533,9.088124001498741,0.7559395383106233,50.49603683847159,-6570.203069804764
10.278052599133428,8.27405722463612,0.6521373057064463,50.50656439454731,-6570.882229268614
9.36948088234882,10.949484826250213,0.9759742099175815,50.71904014595366,-6574.382294749163
9.36948088234882,10.949484826250213,0.9759742099175815,50.71904014595366,-6574.382294749163
9.360821486887517,9.046110610088746,0.9077255710603077,51.07744969192273,-6572.003781047546
9.360821486887517,9.046110610088746,0.9077255710603077,51.07744969192273,-6572.003781047546
9.360821486887517,9.046110610088746,0.9077255710603077,51.07744969192273,-6572.003781047546
9.360821486887517,9.046110610088746,0.9077255710603077,51.07744969192273,-6572.003781047546
9.360821486887517,9.046110610088746,0.9077255710603077,51.07744969192273,-6572.003781047546
9.360821486887517,9.046110610088746,0.9077255710603077,51.07744969192273,-6572.003781047546
9.452006461522483,7.5410912982507075,0.9919221690004906,50.601571605852044,-6572.226703471262
9.452006461522483,7.5410912982507075,0.9919221690004906,50.601571605852044,-6572.226703471262
9.452006461522483,7.5410912982507075,0.9919221690004906,50.601571605852044,-6572.226703471262
9.452006461522483,7.5410912982507075,0.9919221690004906,50.601571605852044,-6572.226703471262
9.452006461522483,7.5410912982507075,0.9919221690004906,50.601571605852044,-6572.226703471262
9.566814325520399,6.509541003436069,0.9302115227974742,50.32086057956081,-6573.50513856785
9.566814325520399,6.509541003436069,0.9302115227974742,50.32086057956081,-6573.50513856785
9.566814325520399,6.509541003436069,0.9302115227974742,50.32086057956081,-6573.50513856785
9.566814325520399,6.509541003436069,0.9302115227974742,50.32086057956081,-6573.50513856785
9.566814325520399,6.509541003436069,0.9302115227974742,50.32086057956081,-6573.50513856785
9.566814325520399,6.509541003436069,0.9302115227974742,50.32086057956081,-6573.50513856785
9.566814325520399,6.509541003436069,0.9302115227974742,50.32086057956081,-6573.50513856785
9.566814325520399,6.509541003436069,0.9302115227974742,50.32086057956081,-6573.50513856785
10.050061115011095,5.473823862386404,0.8888735609372008,50.56642406754584,-6574.427789556774
10.883324257218309,5.748484067809762,0.9705246108516211,51.248647890684836,-6572.857743065817
10.883324257218309,5.748484067809762,0.9705246108516211,51.248647890684836,-6572.857743065817
10.883324257218309,5.748484067809762,0.9705246108516211,51.248647890684836,-6572.857743065817
10.883324257218309,5.748484067809762,0.9705246108516211,51.248647890684836,-6572.857743065817
10.883324257218309,5.748484067809762,0.9705246108516211,51.248647890684836,-6572.857743065817
10.883324257218309,5.748484067809762,0.9705246108516211,51.248647890684836,-6572.857743065817
10.883324257218309,5.748484067809762,0.9705246108516211,51.248647890684836,-6572.857743065817
10.883324257218309,5.748484067809762,0.9705246108516211,51.248647890684836,-6572.857743065817
10.068945303718808,6.832881959240899,0.97070470036025,50.14325393973709,-6571.454286326283
10.068945303718808,6.832881959240899,0.97070470036025,50.14325393973709,-6571.454286326283
10.068945303718808,6.832881959240899,0.97070470036025,50.14325393973709,-6571.454286326283
10.068945303718808,6.832881959240899,0.97070470036025,50.14325393973709,-6571.454286326283
10.068945303718808,6.832881959240899,0.97070470036025,50.14325393973709,-6571.454286326283
10.590571702990031,5.876732622173511,0.9140914707527626,49.685140950381864,-6572.201955950355
10.690748723614755,6.910514233137358,0.9308370595903224,50.26659070819553,-6571.180140804977
10.690748723614755,6.910514233137358,0.9308370595903224,50.26659070819553,-6571.180140804977
10.690748723614755,6.910514233137358,0.9308370595903224,50.26659070819553,-6571.180140804977
10.690748723614755,6.910514233137358,0.9308370595903224,50.26659070819553,-6571.180140804977
10.690748723614755,6.910514233137358,0.9308370595903224,50.26659070819553,-6571.180140804977
10.697860505267723,6.327099113008968,0.8926718200989411,51.11250374542699,-6571.760897093622
10.697860505267723,6.327099113008968,0.8926718200989411,51.11250374542699,-6571.760897093622
10.697860505267723,6.327099113008968,0.8926718200989411,51.11250374542699,-6571.760897093622
11.015856361524019,5.685011731133555,1.0101596195366094,50.35150683395392,-6572.243360659979
11.015856361524019,5.685011731133555,1.0101596195366094,50.35150683395392,-6572.243360659979
11.015856361524019,5.685011731133555,1.0101596195366094,50.35150683395392,-6572.243360659979
11.015856361524019,5.685011731133555,1.0101596195366094,50.35150683395392,-6572.243360659979
11.015856361524019,5.685011731133555,1.0101596195366094,50.35150683395392,-6572.243360659979
11.015856361524019,5.685011731133555,1.0101596195366094,50.35150683395392,-6572.243360659979
11.015856361524019,5.685011731133555,1.0101596195366094,50.35150683395392,-6572.243360659979
11.015856361524019,5.685011731133555,1.0101596195366094,50.35150683395392,-6572.243360659979
11.015856361524019,5.685011731133555,1.0101596195366094,50.35150683395392,-6572.243360659979
11.015856361524019,5.685011731133555,1.0101596195366094,50.35150683395392,-6572.243360659979
11.015856361524019,5.685011731133555,1.0101596195366094,50.35150683395392,-6572.243360659979
11.015856361524019,5.685011731133555,1.0101596195366094,50.35150683395392,-6572.243360659979
10.726826536999454,5.650491030191853,0.8706124281454208,50.1719011130483,-6571.688749746954
10.726826536999454,5.650491030191853,0.8706124281454208,50.1719011130483,-6571.688749746954
10.726826536999454,5.650491030191853,0.8706124281454208,50.1719011130483,-6571.688749746954
10.66052180359094,7.488005619228307,0.7611105711229504,49.713557951742644,-6571.041171900382
10.66052180359094,7.488005619228307,0.7611105711229504,49.713557951742644,-6571.041171900382
10.66052180359094,7.488005619228307,0.7611105711229504,49.713557951742644,-6571.041171900382
10.66052180359094,7.488005619228307,0.7611105711229504,49.713557951742644,-6571.041171900382
11.232214678664613,6.313253953954996,0.7793643597746308,50.38780566307159,-6570.944669843039
11.232214678664613,6.313253953954996,0.7793643597746308,50.38780566307159,-6570.944669843039
9.337610915222982,10.871592266747804,0.6249795963160878,50.27564158097196,-6571.328151816659
9.337610915222982,10.871592266747804,0.6249795963160878,50.27564158097196,-6571.328151816659
9.96522960378779,10.545811362424386,0.613583844332072,49.906983178776954,-6571.486900575566
9.96522960378779,10.545811362424386,0.613583844332072,49.906983178776954,-6571.486900575566
9.96522960378779,10.545811362424386,0.613583844332072,49.906983178776954,-6571.486900575566
9.96522960378779,10.545811362424386,0.613583844332072,49.906983178776954,-6571.486900575566
10.137697288117558,10.46230637716122,0.5941090614301323,49.842907559881446,-6571.827884393685
10.137697288117558,10.46230637716122,0.5941090614301323,49.842907559881446,-6571.827884393685
10.137697288117558,10.46230637716122,0.5941090614301323,49.842907559881446,-6571.827884393685
10.137697288117558,10.46230637716122,0.5941090614301323,49.842907559881446,-6571.827884393685
10.137697288117558,10.46230637716122,0.5941090614301323,49.842907559881446,-6571.827884393685
10.284782045421819,9.837136511478203,0.5981953921206357,49.95472880494076,-6571.41948701914
10.284782045421819,9.837136511478203,0.5981953921206357,49.95472880494076,-6571.41948701914
10.284782045421819,9.837136511478203,0.5981953921206357,49.95472880494076,-6571.41948701914
10.284782045421819,9.837136511478203,0.5981953921206357,49.95472880494076,-6571.41948701914
10.647999857000954,9.999170931608699,0.6243890653033451,50.26033489552407,-6571.763841321953
10.647999857000954,9.999170931608699,0.6243890653033451,50.26033489552407,-6571.763841321953
10.647999857000954,9.999170931608699,0.6243890653033451,50.26033489552407,-6571.763841321953
10.647999857000954,9.999170931608699,0.6243890653033451,50.26033489552407,-6571.763841321953
10.647999857000954,9.999170931608699,0.6243890653033451,50.26033489552407,-6571.763841321953
10.647999857000954,9.999170931608699,0.6243890653033451,50.26033489552407,-6571.763841321953
10.30556052840927,8.70231805251705,0.7723930059925074,49.587235021205814,-6571.238729054471
10.30556052840927,8.70231805251705,0.7723930059925074,49.587235021205814,-6571.238729054471
10.30556052840927,8.70231805251705,0.7723930059925074,49.587235021205814,-6571.238729054471
9.871251824153672,9.406065938502023,0.7376920492833762,50.1783016238661,-6570.292094779819
9.871251824153672,9.406065938502023,0.7376920492833762,50.1783016238661,-6570.292094779819
9.871251824153672,9.406065938502023,0.7376920492833762,50.1783016238661,-6570.292094779819
9.871251824153672,9.406065938502023,0.7376920492833762,50.1783016238661,-6570.292094779819
9.871251824153672,9.406065938502023,0.7376920492833762,50.1783016238661,-6570.292094779819
9.871251824153672,9.406065938502023,0.7376920492833762,50.1783016238661,-6570.292094779819
9.871251824153672,9.406065938502023,0.7376920492833762,50.1783016238661,-6570.292094779819
9.871251824153672,9.406065938502023,0.7376920492833762,50.1783016238661,-6570.292094779819
9.871251824153672,9.406065938502023,0.7376920492833762,50.1783016238661,-6570.292094779819
11.016597937358314,6.933812310350597,0.8615527270616177,50.40879621292442,-6571.070405651795
11.016597937358314,6.933812310350597,0.8615527270616177,50.40879621292442,-6571.070405651795
11.016597937358314,6.933812310350597,0.8615527270616177,50.40879621292442,-6571.070405651795
11.016597937358314,6.933812310350597,0.8615527270616177,50.40879621292442,-6571.070405651795
11.016597937358314,6.933812310350597,0.8615527270616177,50.40879621292442,-6571.070405651795
11.862556438336435,5.982390096842183,0.9436114009074388,50.48648534791329,-6574.0005385396835
11.862556438336435,5.982390096842183,0.9436114009074388,50.48648534791329,-6574.0005385396835
11.862556438336435,5.982390096842183,0.9436114009074388,50.48648534791329,-6574.0005385396835
11.862556438336435,5.982390096842183,0.9436114009074388,50.48648534791329,-6574.0005385396835
11.6487922431687,4.310562060248401,0.8444483997701949,49.20057227953762,-6575.1953073544855
12.279063326204854,6.011316199592666,0.635566892593313,49.79678240256164,-6573.975716213105
12.279063326204854,6.011316199592666,0.635566892593313,49.79678240256164,-6573.975716213105
12.279063326204854,6.011316199592666,0.635566892593313,49.79678240256164,-6573.975716213105
11.803282535072471,5.963657441839898,0.8560241330493011,49.81208793687318,-6573.041369616528
11.803282535072471,5.963657441839898,0.8560241330493011,49.81208793687318,-6573.041369616528
11.803282535072471,5.963657441839898,0.8560241330493011,49.81208793687318,-6573.041369616528
11.803282535072471,5.963657441839898,0.8560241330493011,49.81208793687318,-6573.041369616528
11.803282535072471,5.963657441839898,0.8560241330493011,49.81208793687318,-6573.041369616528
11.803282535072471,5.963657441839898,0.8560241330493011,49.81208793687318,-6573.041369616528
11.803282535072471,5.963657441839898,0.8560241330493011,49.81208793687318,-6573.041369616528
11.953441756449527,4.7029897744343945,0.9046037462234612,50.53233694012637,-6572.851910611609
11.953441756449527,4.7029897744343945,0.9046037462234612,50.53233694012637,-6572.851910611609
11.953441756449527,4.7029897744343945,0.9046037462234612,50.53233694012637,-6572.851910611609
11.953441756449527,4.7029897744343945,0.9046037462234612,50.53233694012637,-6572.851910611609
11.953441756449527,4.7029897744343945,0.9046037462234612,50.53233694012637,-6572.851910611609
11.953441756449527,4.7029897744343945,0.9046037462234612,50.53233694012637,-6572.851910611609
11.953441756449527,4.7029897744343945,0.9046037462234612,50.53233694012637,-6572.851910611609
11.953441756449527,4.7029897744343945,0.9046037462234612,50.53233694012637,-6572.851910611609
11.953441756449527,4.7029897744343945,0.9046037462234612,50.53233694012637,-6572.851910611609
11.953441756449527,4.7029897744343945,0.9046037462234612,50.53233694012637,-6572.851910611609
11.925678767926195,5.1480996869771,0.7060025469957816,50.802327685296866,-6572.69624833974
11.925678767926195,5.1480996869771,0.7060025469957816,50.802327685296866,-6572.69624833974
11.925678767926195,5.1480996869771,0.7060025469957816,50.802327685296866,-6572.69624833974
11.925678767926195,5.1480996869771,0.7060025469957816,50.802327685296866,-6572.69624833974
11.925678767926195,5.1480996869771,0.7060025469957816,50.802327685296866,-6572.69624833974
11.925678767926195,5.1480996869771,0.7060025469957816,50.802327685296866,-6572.69624833974
11.925678767926195,5.1480996869771,0.7060025469957816,50.802327685296866,-6572.69624833974
11.925678767926195,5.1480996869771,0.7060025469957816,50.802327685296866,-6572.69624833974
11.925678767926195,5.1480996869771,0.7060025469957816,50.802327685296866,-6572.69624833974
11.925678767926195,5.1480996869771,0.7060025469957816,50.802327685296866,-6572.69624833974
11.258403403323058,5.698997107695728,0.6317795866454671,49.88959442899389,-6574.320513280499
11.258403403323058,5.698997107695728,0.6317795866454671,49.88959442899389,-6574.320513280499
11.258403403323058,5.698997107695728,0.6317795866454671,49.88959442899389,-6574.320513280499
11.258403403323058,5.698997107695728,0.6317795866454671,49.88959442899389,-6574.320513280499
11.258403403323058,5.698997107695728,0.6317795866454671,49.88959442899389,-6574.320513280499
11.258403403323058,5.698997107695728,0.6317795866454671,49.88959442899389,-6574.320513280499
11.258403403323058,5.698997107695728,0.6317795866454671,49.88959442899389,-6574.320513280499
11.258403403323058,5.698997107695728,0.6317795866454671,49.88959442899389,-6574.320513280499
11.170031844437474,6.376615108564001,0.7153107590587442,50.045580082900976,-6571.425690726142
10.931352611078562,5.875235882263345,0.9336643271775368,49.871110553806204,-6571.805527467702
10.931352611078562,5.875235882263345,0.9336643271775368,49.871110553806204,-6571.805527467702
10.931352611078562,5.875235882263345,0.9336643271775368,49.871110553806204,-6571.805527467702
10.061005113534456,6.843585717177224,1.0113572819987202,49.788415760492924,-6572.137773216553
10.061005113534456,6.843585717177224,1.0113572819987202,49.788415760492924,-6572.137773216553
10.061005113534456,6.843585717177224,1.0113572819987202,49.788415760492924,-6572.137773216553
10.061005113534456,6.843585717177224,1.0113572819987202,49.788415760492924,-6572.137773216553
10.061005113534456,6.843585717177224,1.0113572819987202,49.788415760492924,-6572.137773216553
10.061005113534456,6.843585717177224,1.0113572819987202,49.788415760492924,-6572.137773216553
10.061005113534456,6.843585717177224,1.0113572819987202,49.788415760492924,-6572.137773216553
10.061005113534456,6.843585717177224,1.0113572819987202,49.788415760492924,-6572.137773216553
10.061005113534456,6.843585717177224,1.0113572819987202,49.788415760492924,-6572.137773216553
10.061005113534456,6.843585717177224,1.0113572819987202,49.788415760492924,-6572.137773216553
9.524264243483193,8.05374501674312,0.8383451432818507,50.871873842785774,-6571.67582118294
9.976794864399906,8.645137214020313,0.8845430244303908,51.45198767420953,-6572.602654368815
10.02868751169483,8.764572151195912,0.8460667741362213,51.360993116903494,-6572.055372331376
10.02868751169483,8.764572151195912,0.8460667741362213,51.360993116903494,-6572.055372331376
10.02868751169483,8.764572151195912,0.8460667741362213,51.360993116903494,-6572.055372331376
11.372147190278298,6.123026595536219,0.8553529856244739,50.919182897414416,-6571.769712634205
11.187373969776923,7.326889805588413,0.8407697725731227,50.2006864761388,-6571.691368964212
11.187373969776923,7.326889805588413,0.8407697725731227,50.2006864761388,-6571.691368964212
11.187373969776923,7.326889805588413,0.8407697725731227,50.2006864761388,-6571.691368964212
11.187373969776923,7.326889805588413,0.8407697725731227,50.2006864761388,-6571.691368964212
9.65762591601474,8.457184463657399,0.8210962980712934,49.69662599617505,-6571.183896186439
9.65762591601474,8.457184463657399,0.8210962980712934,49.69662599617505,-6571.183896186439
9.65762591601474,8.457184463657399,0.8210962980712934,49.69662599617505,-6571.183896186439
10.07433556674175,11.119532695480801,0.7909506763970308,50.42163264809586,-6573.4736955732005
9.079460542771274,9.744327217281288,0.7984600864080578,49.88679407609493,-6571.371689827976
9.079460542771274,9.744327217281288,0.7984600864080578,49.88679407609493,-6571.371689827976
9.079460542771274,9.744327217281288,0.7984600864080578,49.88679407609493,-6571.371689827976
9.079460542771274,9.744327217281288,0.7984600864080578,49.88679407609493,-6571.371689827976
9.079460542771274,9.744327217281288,0.7984600864080578,49.88679407609493,-6571.371689827976
9.079460542771274,9.744327217281288,0.7984600864080578,49.88679407609493,-6571.371689827976
9.079460542771274,9.744327217281288,0.7984600864080578,49.88679407609493,-6571.371689827976
9.079460542771274,9.744327217281288,0.7984600864080578,49.88679407609493,-6571.371689827976
9.642676283537133,10.822268403942282,0.8879014347146643,51.30263085137642,-6574.378989398332
10.417746447290545,8.426624259307994,0.943178290080984,51.322023251785346,-6573.514234039737
10.417746447290545,8.426624259307994,0.943178290080984,51.322023251785346,-6573.514234039737
10.417746447290545,8.426624259307994,0.943178290080984,51.322023251785346,-6573.514234039737
10.417746447290545,8.426624259307994,0.943178290080984,51.322023251785346,-6573.514234039737
10.417746447290545,8.426624259307994,0.943178290080984,51.322023251785346,-6573.514234039737
10.417746447290545,8.426624259307994,0.943178290080984,51.322023251785346,-6573.514234039737
9.969604616933221,6.268341698993867,0.9069734107943036,52.04958400135533,-6577.131779400483
10.076221409474822,5.222740991744841,0.9461952175533775,51.14685462990156,-6575.485815578477
8.654358097377278,7.499509526388687,1.160604112527227,50.65783545026296,-6576.55489786724
8.278585516090658,9.549389630089042,1.062655772157871,50.861491913111415,-6575.3821099223505
8.278585516090658,9.549389630089042,1.062655772157871,50.861491913111415,-6575.3821099223505
8.278585516090658,9.549389630089042,1.062655772157871,50.861491913111415,-6575.3821099223505
8.278585516090658,9.549389630089042,1.062655772157871,50.861491913111415,-6575.3821099223505
8.278585516090658,9.549389630089042,1.062655772157871,50.861491913111415,-6575.3821099223505
8.278585516090658,9.549389630089042,1.062655772157871,50.861491913111415,-6575.3821099223505
8.278585516090658,9.549389630089042,1.062655772157871,50.861491913111415,-6575.3821099223505
9.502454825555457,9.843991064217146,0.9379306628772717,51.127357017776355,-6572.956535176332
8.903923540540013,8.565576526070227,0.9122529665050383,51.28559659840681,-6574.29019841777
9.916967424952313,10.413410405925292,0.8820948140299847,50.94868630115025,-6573.487796235835
9.916967424952313,10.413410405925292,0.8820948140299847,50.94868630115025,-6573.487796235835
9.916967424952313,10.413410405925292,0.8820948140299847,50.94868630115025,-6573.487796235835
8.939044996780593,11.733876122005887,0.7890788977176186,50.253305727246904,-6571.927871161571
9.655752218661844,9.873812552294826,0.622207713474658,49.73170995311898,-6571.856441852056
9.655752218661844,9.873812552294826,0.622207713474658,49.73170995311898,-6571.856441852056
9.250676275779716,11.05863385151754,0.8682536662685788,50.09425689672137,-6572.26185138333
9.250676275779716,11.05863385151754,0.8682536662685788,50.09425689672137,-6572.26185138333
9.250676275779716,11.05863385151754,0.8682536662685788,50.09425689672137,-6572.26185138333
9.250676275779716,11.05863385151754,0.8682536662685788,50.09425689672137,-6572.26185138333
9.056446936743713,11.167277128243056,0.7493964308243879,50.50111496667675,-6571.266965511886
9.056446936743713,11.167277128243056,0.7493964308243879,50.50111496667675,-6571.266965511886
9.056446936743713,11.167277128243056,0.7493964308243879,50.50111496667675,-6571.266965511886
9.056446936743713,11.167277128243056,0.7493964308243879,50.50111496667675,-6571.266965511886
9.056446936743713,11.167277128243056,0.7493964308243879,50.50111496667675,-6571.266965511886
9.572716086313225,10.434675464996056,0.8628665132653259,50.219285364257765,-6571.782177834975
10.131351244488899,9.672527742755097,0.6429423047546928,50.31815708123735,-6570.621941947225
10.131351244488899,9.672527742755097,0.6429423047546928,50.31815708123735,-6570.621941947225
10.629494759263013,6.481473185334211,0.8481189103061691,50.46752939951218,-6570.78432414115
10.629494759263013,6.481473185334211,0.8481189103061691,50.46752939951218,-6570.78432414115
10.543402637980616,7.559783966708744,0.924939370244917,50.50652679803114,-6571.255150226037
10.543402637980616,7.559783966708744,0.924939370244917,50.50652679803114,-6571.255150226037
10.543402637980616,7.559783966708744,0.924939370244917,50.50652679803114,-6571.255150226037
10.543402637980616,7.559783966708744,0.924939370244917,50.50652679803114,-6571.255150226037
10.543402637980616,7.559783966708744,0.924939370244917,50.50652679803114,-6571.255150226037
10.543402637980616,7.559783966708744,0.924939370244917,50.50652679803114,-6571.255150226037
10.543402637980616,7.559783966708744,0.924939370244917,50.50652679803114,-6571.255150226037
10.543402637980616,7.559783966708744,0.924939370244917,50.50652679803114,-6571.255150226037
10.543402637980616,7.559783966708744,0.924939370244917,50.50652679803114,-6571.255150226037
10.543402637980616,7.559783966708744,0.924939370244917,50.50652679803114,-6571.255150226037
10.543402637980616,7.559783966708744,0.924939370244917,50.50652679803114,-6571.255150226037
10.543402637980616,7.559783966708744,0.924939370244917,50.50652679803114,-6571.255150226037
10.543402637980616,7.559783966708744,0.924939370244917,50.50652679803114,-6571.255150226037
10.543402637980616,7.559783966708744,0.924939370244917,50.50652679803114,-6571.255150226037
10.543402637980616,7.559783966708744,0.924939370244917,50.50652679803114,-6571.255150226037
10.543402637980616,7.559783966708744,0.924939370244917,50.50652679803114,-6571.255150226037
10.543402637980616,7.559783966708744,0.924939370244917,50.50652679803114,-6571.255150226037
10.543402637980616,7.559783966708744,0.924939370244917,50.50652679803114,-6571.255150226037
10.543402637980616,7.559783966708744,0.924939370244917,50.50652679803114,-6571.255150226037
10.231649822681302,8.338415701964905,0.8200758439189739,50.315272676911746,-6570.291543013716
10.231649822681302,8.338415701964905,0.8200758439189739,50.315272676911746,-6570.291543013716
10.231649822681302,8.338415701964905,0.8200758439189739,50.315272676911746,-6570.291543013716
10.231649822681302,8.338415701964905,0.8200758439189739,50.315272676911746,-6570.291543013716
10.231649822681302,8.338415701964905,0.8200758439189739,50.315272676911746,-6570.291543013716
10.231649822681302,8.338415701964905,0.8200758439189739,50.315272676911746,-6570.291543013716
10.231649822681302,8.338415701964905,0.8200758439189739,50.315272676911746,-6570.291543013716
10.231649822681302,8.338415701964905,0.8200758439189739,50.315272676911746,-6570.291543013716
10.231649822681302,8.338415701964905,0.8200758439189739,50.315272676911746,-6570.291543013716
10.109336394011226,9.463826440208756,0.8142943938795544,50.78872637374051,-6571.237624113377
10.109336394011226,9.463826440208756,0.8142943938795544,50.78872637374051,-6571.237624113377
9.787011217935117,8.10472362975602,0.9780345362813703,50.56958635221733,-6571.4581451712265
9.787011217935117,8.10472362975602,0.9780345362813703,50.56958635221733,-6571.4581451712265
8.991988435691411,10.973763864738599,0.729551225861788,50.3677454632994,-6571.202272401068
8.991988435691411,10.973763864738599,0.729551225861788,50.3677454632994,-6571.202272401068
8.991988435691411,10.973763864738599,0.729551225861788,50.3677454632994,-6571.202272401068
8.991988435691411,10.973763864738599,0.729551225861788,50.3677454632994,-6571.202272401068
8.991988435691411,10.973763864738599,0.729551225861788,50.3677454632994,-6571.202272401068
8.991988435691411,10.973763864738599,0.729551225861788,50.3677454632994,-6571.202272401068
8.88739149029072,11.358107191563183,0.6864494750049709,49.776655793692115,-6572.069293578056
8.88739149029072,11.358107191563183,0.6864494750049709,49.776655793692115,-6572.069293578056
8.88739149029072,11.358107191563183,0.6864494750049709,49.776655793692115,-6572.069293578056
9.249795412199548,12.055169370864856,0.6158877289711024,49.76859488597775,-6572.476542413088
8.850495153847334,10.149059408556425,0.6803451734935024,50.31435539114811,-6572.573698287148
10.708566329571749,8.266829475587645,0.5958450715764698,50.06502229675714,-6571.571556960697
10.708566329571749,8.266829475587645,0.5958450715764698,50.06502229675714,-6571.571556960697
10.708566329571749,8.266829475587645,0.5958450715764698,50.06502229675714,-6571.571556960697
10.708566329571749,8.266829475587645,0.5958450715764698,50.06502229675714,-6571.571556960697
10.708566329571749,8.266829475587645,0.5958450715764698,50.06502229675714,-6571.571556960697
10.708566329571749,8.266829475587645,0.5958450715764698,50.06502229675714,-6571.571556960697
12.229099374169554,6.876054484929938,0.5472379905841224,50.32082137288423,-6573.991808955106
12.229099374169554,6.876054484929938,0.5472379905841224,50.32082137288423,-6573.991808955106
12.238826359686506,7.549208867711646,0.5114071592791637,50.45998427202738,-6574.5435793065535
12.238826359686506,7.549208867711646,0.5114071592791637,50.45998427202738,-6574.5435793065535
12.238826359686506,7.549208867711646,0.5114071592791637,50.45998427202738,-6574.5435793065535
11.444945403264333,5.215376329119115,0.6347232547387964,50.06996667694496,-6574.755844697053
11.444945403264333,5.215376329119115,0.6347232547387964,50.06996667694496,-6574.755844697053
10.625315452985122,7.089745712662012,0.7194816075327081,48.80670595266981,-6574.924208623816
10.625315452985122,7.089745712662012,0.7194816075327081,48.80670595266981,-6574.924208623816
11.045433039951659,5.806629189762127,0.7009237055120247,49.395603194578044,-6574.224050805638
11.045433039951659,5.806629189762127,0.7009237055120247,49.395603194578044,-6574.224050805638
11.045433039951659,5.806629189762127,0.7009237055120247,49.395603194578044,-6574.224050805638
11.045433039951659,5.806629189762127,0.7009237055120247,49.395603194578044,-6574.224050805638
11.045433039951659,5.806629189762127,0.7009237055120247,49.395603194578044,-6574.224050805638
9.974290189465995,7.474579173760399,0.8643469175912712,49.88603036931868,-6571.0278796553785
9.974290189465995,7.474579173760399,0.8643469175912712,49.88603036931868,-6571.0278796553785
9.974290189465995,7.474579173760399,0.8643469175912712,49.88603036931868,-6571.0278796553785
9.670971511641062,10.265444761970098,0.6387007992265166,49.303237762659016,-6572.705535047042
9.670971511641062,10.265444761970098,0.6387007992265166,49.303237762659016,-6572.705535047042
9.901548932875682,11.00986245896141,0.6631699141653368,49.814445478281115,-6571.91748144759
9.901548932875682,11.00986245896141,0.6631699141653368,49.814445478281115,-6571.91748144759
9.901548932875682,11.00986245896141,0.6631699141653368,49.814445478281115,-6571.91748144759
9.901548932875682,11.00986245896141,0.6631699141653368,49.814445478281115,-6571.91748144759
9.901548932875682,11.00986245896141,0.6631699141653368,49.814445478281115,-6571.91748144759
9.901548932875682,11.00986245896141,0.6631699141653368,49.814445478281115,-6571.91748144759
9.901548932875682,11.00986245896141,0.6631699141653368,49.814445478281115,-6571.91748144759
9.901548932875682,11.00986245896141,0.6631699141653368,49.814445478281115,-6571.91748144759
9.901548932875682,11.00986245896141,0.6631699141653368,49.814445478281115,-6571.91748144759
9.901548932875682,11.00986245896141,0.6631699141653368,49.814445478281115,-6571.91748144759
9.901548932875682,11.00986245896141,0.6631699141653368,49.814445478281115,-6571.91748144759
9.901548932875682,11.00986245896141,0.6631699141653368,49.814445478281115,-6571.91748144759
9.610681627957614,10.64964376028882,0.6975247163744395,50.42657373570627,-6570.774840432889
9.966457859719032,7.732777897136263,0.6796669791232984,50.016823589390825,-6572.286596925069
10.259408889434848,7.510100019731482,0.7211004444666033,50.206768414169154,-6570.940516025027
10.259408889434848,7.510100019731482,0.7211004444666033,50.206768414169154,-6570.940516025027
10.259408889434848,7.510100019731482,0.7211004444666033,50.206768414169154,-6570.940516025027
10.259408889434848,7.510100019731482,0.7211004444666033,50.206768414169154,-6570.940516025027
10.259408889434848,7.510100019731482,0.7211004444666033,50.206768414169154,-6570.940516025027
9.629860830820375,7.723951374220353,0.8686299936178977,49.98395968736865,-6571.386045591093
9.629860830820375,7.723951374220353,0.8686299936178977,49.98395968736865,-6571.386045591093
9.629860830820375,7.723951374220353,0.8686299936178977,49.98395968736865,-6571.386045591093
9.479664181665903,8.281040767833849,0.9880712946005424,49.857362084736444,-6571.893798729669
9.479664181665903,8.281040767833849,0.9880712946005424,49.857362084736444,-6571.893798729669
9.479664181665903,8.281040767833849,0.9880712946005424,49.857362084736444,-6571.893798729669
9.479664181665903,8.281040767833849,0.9880712946005424,49.857362084736444,-6571.893798729669
10.767595268628732,6.411555476014469,0.9911049670622222,50.071211579535145,-6571.915655893839
10.767595268628732,6.411555476014469,0.9911049670622222,50.071211579535145,-6571.915655893839
10.767595268628732,6.411555476014469,0.9911049670622222,50.071211579535145,-6571.915655893839
10.437341222397746,7.152873320863994,0.9671479004168714,50.846709911965796,-6571.712011689911
10.437341222397746,7.152873320863994,0.9671479004168714,50.846709911965796,-6571.712011689911
10.437341222397746,7.152873320863994,0.9671479004168714,50.846709911965796,-6571.712011689911
10.437341222397746,7.152873320863994,0.9671479004168714,50.846709911965796,-6571.712011689911
10.86468826425672,5.019062838811996,1.021122096795143,51.069857662352355,-6573.341692230435
10.86468826425672,5.019062838811996,1.021122096795143,51.069857662352355,-6573.341692230435
10.86468826425672,5.019062838811996,1.021122096795143,51.069857662352355,-6573.341692230435
10.86468826425672,5.019062838811996,1.021122096795143,51.069857662352355,-6573.341692230435
10.781805474221454,5.130903896086378,0.9823724049044661,50.30263611709577,-6572.34434252897
10.781805474221454,5.130903896086378,0.9823724049044661,50.30263611709577,-6572.34434252897
10.781805474221454,5.130903896086378,0.9823724049044661,50.30263611709577,-6572.34434252897
10.781805474221454,5.130903896086378,0.9823724049044661,50.30263611709577,-6572.34434252897
10.781805474221454,5.130903896086378,0.9823724049044661,50.30263611709577,-6572.34434252897
12.054988527740328,4.631932870642664,0.8784902559585372,49.50604373082243,-6574.1758979280985
12.054988527740328,4.631932870642664,0.8784902559585372,49.50604373082243,-6574.1758979280985
12.054988527740328,4.631932870642664,0.8784902559585372,49.50604373082243,-6574.1758979280985
12.054988527740328,4.631932870642664,0.8784902559585372,49.50604373082243,-6574.1758979280985
12.054988527740328,4.631932870642664,0.8784902559585372,49.50604373082243,-6574.1758979280985
12.054988527740328,4.631932870642664,0.8784902559585372,49.50604373082243,-6574.1758979280985
11.340256529375251,5.4944370462614405,0.825753831749541,49.66863778216425,-6572.33258540447
11.340256529375251,5.4944370462614405,0.825753831749541,49.66863778216425,-6572.33258540447
11.340256529375251,5.4944370462614405,0.825753831749541,49.66863778216425,-6572.33258540447
11.340256529375251,5.4944370462614405,0.825753831749541,49.66863778216425,-6572.33258540447
11.217643187561704,7.005957383389672,0.7501661905002114,49.651869682252,-6571.787915294966
11.217643187561704,7.005957383389672,0.7501661905002114,49.651869682252,-6571.787915294966
11.217643187561704,7.005957383389672,0.7501661905002114,49.651869682252,-6571.787915294966
11.689387481415075,7.375964922822574,0.6152591356023492,49.53006799970751,-6573.594408118288
11.689387481415075,7.375964922822574,0.6152591356023492,49.53006799970751,-6573.594408118288
11.689387481415075,7.375964922822574,0.6152591356023492,49.53006799970751,-6573.594408118288
11.476330531597416,8.310426138947356,0.5283365466227418,49.936969594786866,-6573.398323967824
11.476330531597416,8.310426138947356,0.5283365466227418,49.936969594786866,-6573.398323967824
11.476330531597416,8.310426138947356,0.5283365466227418,49.936969594786866,-6573.398323967824
11.476330531597416,8.310426138947356,0.5283365466227418,49.936969594786866,-6573.398323967824
10.458939299016485,7.956190827976042,0.6445714762738652,50.57215341249174,-6571.061960646097
10.458939299016485,7.956190827976042,0.6445714762738652,50.57215341249174,-6571.061960646097
10.458939299016485,7.956190827976042,0.6445714762738652,50.57215341249174,-6571.061960646097
10.458939299016485,7.956190827976042,0.6445714762738652,50.57215341249174,-6571.061960646097
10.458939299016485,7.956190827976042,0.6445714762738652,50.57215341249174,-6571.061960646097
10.458939299016485,7.956190827976042,0.6445714762738652,50.57215341249174,-6571.061960646097
10.458939299016485,7.956190827976042,0.6445714762738652,50.57215341249174,-6571.061960646097
10.458939299016485,7.956190827976042,0.6445714762738652,50.57215341249174,-6571.061960646097
10.458939299016485,7.956190827976042,0.6445714762738652,50.57215341249174,-6571.061960646097
10.077926056213085,6.803956307931229,0.9156450084537959,51.07071785196218,-6572.044746617838
10.077926056213085,6.803956307931229,0.9156450084537959,51.07071785196218,-6572.044746617838
10.077926056213085,6.803956307931229,0.9156450084537959,51.07071785196218,-6572.044746617838
10.077926056213085,6.803956307931229,0.9156450084537959,51.07071785196218,-6572.044746617838
10.077926056213085,6.803956307931229,0.9156450084537959,51.07071785196218,-6572.044746617838
10.077926056213085,6.803956307931229,0.9156450084537959,51.07071785196218,-6572.044746617838
10.077926056213085,6.803956307931229,0.9156450084537959,51.07071785196218,-6572.044746617838
10.077926056213085,6.803956307931229,0.9156450084537959,51.07071785196218,-6572.044746617838
9.808091803706672,8.473673483779065,0.7953327958187817,50.19822200000578,-6570.364063050807
9.808091803706672,8.473673483779065,0.7953327958187817,50.19822200000578,-6570.364063050807
9.808091803706672,8.473673483779065,0.7953327958187817,50.19822200000578,-6570.364063050807
9.808091803706672,8.473673483779065,0.7953327958187817,50.19822200000578,-6570.364063050807
10.135723723526597,7.2499294235312295,0.9035670208744905,50.100943008580565,-6570.835785493988
9.899493753452441,8.39772150895858,0.8430997384432923,49.980456920138124,-6570.535466475188
9.899493753452441,8.39772150895858,0.8430997384432923,49.980456920138124,-6570.535466475188
10.520715261416106,6.76054601797434,0.8452230903889666,49.99967080638044,-6570.8538117157605
10.520715261416106,6.76054601797434,0.8452230903889666,49.99967080638044,-6570.8538117157605
10.520715261416106,6.76054601797434,0.8452230903889666,49.99967080638044,-6570.8538117157605
10.520715261416106,6.76054601797434,0.8452230903889666,49.99967080638044,-6570.8538117157605
10.520715261416106,6.76054601797434,0.8452230903889666,49.99967080638044,-6570.8538117157605
10.520715261416106,6.76054601797434,0.8452230903889666,49.99967080638044,-6570.8538117157605
10.520715261416106,6.76054601797434,0.8452230903889666,49.99967080638044,-6570.8538117157605
10.520715261416106,6.76054601797434,0.8452230903889666,49.99967080638044,-6570.8538117157605
10.520715261416106,6.76054601797434,0.8452230903889666,49.99967080638044,-6570.8538117157605
10.520715261416106,6.76054601797434,0.8452230903889666,49.99967080638044,-6570.8538117157605
10.520715261416106,6.76054601797434,0.8452230903889666,49.99967080638044,-6570.8538117157605
10.520715261416106,6.76054601797434,0.8452230903889666,49.99967080638044,-6570.8538117157605
10.520715261416106,6.76054601797434,0.8452230903889666,49.99967080638044,-6570.8538117157605
10.520715261416106,6.76054601797434,0.8452230903889666,49.99967080638044,-6570.8538117157605
10.520715261416106,6.76054601797434,0.8452230903889666,49.99967080638044,-6570.8538117157605
10.520715261416106,6.76054601797434,0.8452230903889666,49.99967080638044,-6570.8538117157605
10.520715261416106,6.76054601797434,0.8452230903889666,49.99967080638044,-6570.8538117157605
10.520715261416106,6.76054601797434,0.8452230903889666,49.99967080638044,-6570.8538117157605
10.520715261416106,6.76054601797434,0.8452230903889666,49.99967080638044,-6570.8538117157605
10.520715261416106,6.76054601797434,0.8452230903889666,49.99967080638044,-6570.8538117157605
9.605908997329717,8.98226548994062,0.7965726591215714,49.31815968629993,-6572.039407684954
9.605908997329717,8.98226548994062,0.7965726591215714,49.31815968629993,-6572.039407684954
9.605908997329717,8.98226548994062,0.7965726591215714,49.31815968629993,-6572.039407684954
10.690972053577546,8.80477385490268,0.7167383978969308,49.65117506601715,-6571.6531573383245
10.690972053577546,8.80477385490268,0.7167383978969308,49.65117506601715,-6571.6531573383245
10.690972053577546,8.80477385490268,0.7167383978969308,49.65117506601715,-6571.6531573383245
10.690972053577546,8.80477385490268,0.7167383978969308,49.65117506601715,-6571.6531573383245
10.380037479745027,7.192784204286759,0.851100432707074,49.728202858130366,-6571.093526456228
10.380037479745027,7.192784204286759,0.851100432707074,49.728202858130366,-6571.093526456228
10.380037479745027,7.192784204286759,0.851100432707074,49.728202858130366,-6571.093526456228
10.380037479745027,7.192784204286759,0.851100432707074,49.728202858130366,-6571.093526456228
10.380037479745027,7.192784204286759,0.851100432707074,49.728202858130366,-6571.093526456228
10.380037479745027,7.192784204286759,0.851100432707074,49.728202858130366,-6571.093526456228
10.380037479745027,7.192784204286759,0.851100432707074,49.728202858130366,-6571.093526456228
10.380037479745027,7.192784204286759,0.851100432707074,49.728202858130366,-6571.093526456228
10.380037479745027,7.192784204286759,0.851100432707074,49.728202858130366,-6571.093526456228
10.380037479745027,7.192784204286759,0.851100432707074,49.728202858130366,-6571.093526456228
10.380037479745027,7.192784204286759,0.851100432707074,49.728202858130366,-6571.093526456228
10.380037479745027,7.192784204286759,0.851100432707074,49.728202858130366,-6571.093526456228
10.380037479745027,7.192784204286759,0.851100432707074,49.728202858130366,-6571.093526456228
10.380037479745027,7.192784204286759,0.851100432707074,49.728202858130366,-6571.093526456228
10.380037479745027,7.192784204286759,0.851100432707074,49.728202858130366,-6571.093526456228
10.380037479745027,7.192784204286759,0.851100432707074,49.728202858130366,-6571.093526456228
10.380037479745027,7.192784204286759,0.851100432707074,49.728202858130366,-6571.093526456228
9.934700710630517,6.9771915664800845,1.0458533187497219,50.57103001043782,-6572.178981200127
9.934700710630517,6.9771915664800845,1.0458533187497219,50.57103001043782,-6572.178981200127
9.934700710630517,6.9771915664800845,1.0458533187497219,50.57103001043782,-6572.178981200127
9.934700710630517,6.9771915664800845,1.0458533187497219,50.57103001043782,-6572.178981200127
9.934700710630517,6.9771915664800845,1.0458533187497219,50.57103001043782,-6572.178981200127
9.934700710630517,6.9771915664800845,1.0458533187497219,50.57103001043782,-6572.178981200127
9.934700710630517,6.9771915664800845,1.0458533187497219,50.57103001043782,-6572.178981200127
9.719315494829768,8.102900294473788,0.9176926764149267,50.73559961384908,-6571.13810536445
9.719315494829768,8.102900294473788,0.9176926764149267,50.73559961384908,-6571.13810536445
9.719315494829768,8.102900294473788,0.9176926764149267,50.73559961384908,-6571.13810536445
9.07505342996591,11.27656707910315,0.779497021641347,50.2736083027888,-6571.4259117741585
8.924233891883327,8.943411068641197,0.8316657479216258,49.73069873076722,-6572.830991716135
8.776453805493672,8.873807065539607,0.8991084237824506,50.06325284776722,-6572.861162428846
8.776453805493672,8.873807065539607,0.8991084237824506,50.06325284776722,-6572.861162428846
10.723158045063865,8.240281832094645,0.7666206058302457,50.3359402197524,-6570.62814051134
10.723158045063865,8.240281832094645,0.7666206058302457,50.3359402197524,-6570.62814051134
10.351970792275292,6.281039308667188,0.8104007335111344,50.146252602204,-6571.844668478645
10.549869049496692,7.17010223320919,0.7798729410854679,50.22919133601412,-6570.457178644191
9.985343750943553,7.964861736283667,0.9816136379492105,49.53592730368441,-6572.325640450921
9.985343750943553,7.964861736283667,0.9816136379492105,49.53592730368441,-6572.325640450921
9.985343750943553,7.964861736283667,0.9816136379492105,49.53592730368441,-6572.325640450921
9.638891390296925,7.066781423020822,0.9822569797081362,49.77493218321053,-6572.530718108431
10.064090284523887,10.144393022187113,0.8955376137259351,50.07950359049414,-6573.25374829596
9.704472383914888,9.349227888573369,0.9743972013833228,50.89972869004649,-6572.734746285298
9.704472383914888,9.349227888573369,0.9743972013833228,50.89972869004649,-6572.734746285298
9.704472383914888,9.349227888573369,0.9743972013833228,50.89972869004649,-6572.734746285298
10.606747750780203,7.249994580979107,0.9930000991991719,50.33416443388759,-6572.042591815631
10.606747750780203,7.249994580979107,0.9930000991991719,50.33416443388759,-6572.042591815631
10.594731707449107,8.938966669807535,0.690278884582882,50.322976197019756,-6570.637018947658
10.594731707449107,8.938966669807535,0.690278884582882,50.322976197019756,-6570.637018947658
10.594731707449107,8.938966669807535,0.690278884582882,50.322976197019756,-6570.637018947658
10.594731707449107,8.938966669807535,0.690278884582882,50.322976197019756,-6570.637018947658
10.594731707449107,8.938966669807535,0.690278884582882,50.322976197019756,-6570.637018947658
10.594731707449107,8.938966669807535,0.690278884582882,50.322976197019756,-6570.637018947658
10.138402146514252,7.866578236459873,0.6362675862574707,50.739375028877525,-6572.278686906469
10.138402146514252,7.866578236459873,0.6362675862574707,50.739375028877525,-6572.278686906469
10.138402146514252,7.866578236459873,0.6362675862574707,50.739375028877525,-6572.278686906469
10.138402146514252,7.866578236459873,0.6362675862574707,50.739375028877525,-6572.278686906469
10.138402146514252,7.866578236459873,0.6362675862574707,50.739375028877525,-6572.278686906469
10.138402146514252,7.866578236459873,0.6362675862574707,50.739375028877525,-6572.278686906469
10.138402146514252,7.866578236459873,0.6362675862574707,50.739375028877525,-6572.278686906469
10.049155586122556,8.000297409951965,0.7482831239121979,49.43048856794468,-6571.91862684714
9.05818184757234,8.86691599102991,0.6597135289642992,50.15598684811451,-6574.665049443547
11.167144032603609,11.336627612859411,0.5788310719181043,50.27476540946008,-6576.3051513919
11.167144032603609,11.336627612859411,0.5788310719181043,50.27476540946008,-6576.3051513919
11.826020571069265,8.7094723841121,0.4298546819286364,50.433855690861684,-6575.428456427556
11.826020571069265,8.7094723841121,0.4298546819286364,50.433855690861684,-6575.428456427556
11.826020571069265,8.7094723841121,0.4298546819286364,50.433855690861684,-6575.428456427556
11.826020571069265,8.7094723841121,0.4298546819286364,50.433855690861684,-6575.428456427556
11.826020571069265,8.7094723841121,0.4298546819286364,50.433855690861684,-6575.428456427556
11.826020571069265,8.7094723841121,0.4298546819286364,50.433855690861684,-6575.428456427556
11.826020571069265,8.7094723841121,0.4298546819286364,50.433855690861684,-6575.428456427556
11.826020571069265,8.7094723841121,0.4298546819286364,50.433855690861684,-6575.428456427556
11.826020571069265,8.7094723841121,0.4298546819286364,50.433855690861684,-6575.428456427556
11.826020571069265,8.7094723841121,0.4298546819286364,50.433855690861684,-6575.428456427556
11.826020571069265,8.7094723841121,0.4298546819286364,50.433855690861684,-6575.428456427556
11.826020571069265,8.7094723841121,0.4298546819286364,50.433855690861684,-6575.428456427556
11.826020571069265,8.7094723841121,0.4298546819286364,50.433855690861684,-6575.428456427556
11.826020571069265,8.7094723841121,0.4298546819286364,50.433855690861684,-6575.428456427556
11.826020571069265,8.7094723841121,0.4298546819286364,50.433855690861684,-6575.428456427556
11.826020571069265,8.7094723841121,0.4298546819286364,50.433855690861684,-6575.428456427556
11.826020571069265,8.7094723841121,0.4298546819286364,50.433855690861684,-6575.428456427556
12.212814277899403,7.244007339748382,0.5982895009829807,49.84368731229116,-6574.389649755796
12.212814277899403,7.244007339748382,0.5982895009829807,49.84368731229116,-6574.389649755796
11.320855237816524,7.796659673458265,0.5686989725094785,49.801382610320054,-6572.865242475773
11.320855237816524,7.796659673458265,0.5686989725094785,49.801382610320054,-6572.865242475773
11.320855237816524,7.796659673458265,0.5686989725094785,49.801382610320054,-6572.865242475773
11.320855237816524,7.796659673458265,0.5686989725094785,49.801382610320054,-6572.865242475773
11.320855237816524,7.796659673458265,0.5686989725094785,49.801382610320054,-6572.865242475773
11.320855237816524,7.796659673458265,0.5686989725094785,49.801382610320054,-6572.865242475773
11.320855237816524,7.796659673458265,0.5686989725094785,49.801382610320054,-6572.865242475773
11.320855237816524,7.796659673458265,0.5686989725094785,49.801382610320054,-6572.865242475773
11.320855237816524,7.796659673458265,0.5686989725094785,49.801382610320054,-6572.865242475773
11.320855237816524,7.796659673458265,0.5686989725094785,49.801382610320054,-6572.865242475773
11.320855237816524,7.796659673458265,0.5686989725094785,49.801382610320054,-6572.865242475773
11.320855237816524,7.796659673458265,0.5686989725094785,49.801382610320054,-6572.865242475773
11.320855237816524,7.796659673458265,0.5686989725094785,49.801382610320054,-6572.865242475773
11.320855237816524,7.796659673458265,0.5686989725094785,49.801382610320054,-6572.865242475773
11.320855237816524,7.796659673458265,0.5686989725094785,49.801382610320054,-6572.865242475773
11.320855237816524,7.796659673458265,0.5686989725094785,49.801382610320054,-6572.865242475773
11.320855237816524,7.796659673458265,0.5686989725094785,49.801382610320054,-6572.865242475773
10.987974357663997,8.159038310421302,0.6597861344927216,49.46618432116602,-6572.364998554478
10.987974357663997,8.159038310421302,0.6597861344927216,49.46618432116602,-6572.364998554478
10.987974357663997,8.159038310421302,0.6597861344927216,49.46618432116602,-6572.364998554478
10.987974357663997,8.159038310421302,0.6597861344927216,49.46618432116602,-6572.364998554478
10.987974357663997,8.159038310421302,0.6597861344927216,49.46618432116602,-6572.364998554478
11.276167124876805,6.482841267628578,0.7478309790055354,50.06501825684345,-6571.1842630364445
11.276167124876805,6.482841267628578,0.7478309790055354,50.06501825684345,-6571.1842630364445
11.276167124876805,6.482841267628578,0.7478309790055354,50.06501825684345,-6571.1842630364445
11.276167124876805,6.482841267628578,0.7478309790055354,50.06501825684345,-6571.1842630364445
11.276167124876805,6.482841267628578,0.7478309790055354,50.06501825684345,-6571.1842630364445
11.276167124876805,6.482841267628578,0.7478309790055354,50.06501825684345,-6571.1842630364445
11.276167124876805,6.482841267628578,0.7478309790055354,50.06501825684345,-6571.1842630364445
11.276167124876805,6.482841267628578,0.7478309790055354,50.06501825684345,-6571.1842630364445
11.276167124876805,6.482841267628578,0.7478309790055354,50.06501825684345,-6571.1842630364445
11.276167124876805,6.482841267628578,0.7478309790055354,50.06501825684345,-6571.1842630364445
11.276167124876805,6.482841267628578,0.7478309790055354,50.06501825684345,-6571.1842630364445
11.276167124876805,6.482841267628578,0.7478309790055354,50.06501825684345,-6571.1842630364445
11.276167124876805,6.482841267628578,0.7478309790055354,50.06501825684345,-6571.1842630364445
11.276167124876805,6.482841267628578,0.7478309790055354,50.06501825684345,-6571.1842630364445
11.276167124876805,6.482841267628578,0.7478309790055354,50.06501825684345,-6571.1842630364445
11.276167124876805,6.482841267628578,0.7478309790055354,50.06501825684345,-6571.1842630364445
11.276167124876805,6.482841267628578,0.7478309790055354,50.06501825684345,-6571.1842630364445
11.276167124876805,6.482841267628578,0.7478309790055354,50.06501825684345,-6571.1842630364445
11.276167124876805,6.482841267628578,0.7478309790055354,50.06501825684345,-6571.1842630364445
11.276167124876805,6.482841267628578,0.7478309790055354,50.06501825684345,-6571.1842630364445
11.276167124876805,6.482841267628578,0.7478309790055354,50.06501825684345,-6571.1842630364445
11.276167124876805,6.482841267628578,0.7478309790055354,50.06501825684345,-6571.1842630364445
11.276167124876805,6.482841267628578,0.7478309790055354,50.06501825684345,-6571.1842630364445
11.37006781283122,7.592774172519422,0.9138582923932214,49.96175712671361,-6574.190510258231
10.385386427343558,5.066398520232735,1.0485853547209087,49.86985355883311,-6573.786831009545
10.385386427343558,5.066398520232735,1.0485853547209087,49.86985355883311,-6573.786831009545
10.385386427343558,5.066398520232735,1.0485853547209087,49.86985355883311,-6573.786831009545
10.385386427343558,5.066398520232735,1.0485853547209087,49.86985355883311,-6573.786831009545
10.385386427343558,5.066398520232735,1.0485853547209087,49.86985355883311,-6573.786831009545
10.385386427343558,5.066398520232735,1.0485853547209087,49.86985355883311,-6573.786831009545
10.385386427343558,5.066398520232735,1.0485853547209087,49.86985355883311,-6573.786831009545
10.385386427343558,5.066398520232735,1.0485853547209087,49.86985355883311,-6573.786831009545
11.328836135300836,6.720809283742351,0.8634364358366904,49.33977910032396,-6573.357805848881
11.328836135300836,6.720809283742351,0.8634364358366904,49.33977910032396,-6573.357805848881
11.328836135300836,6.720809283742351,0.8634364358366904,49.33977910032396,-6573.357805848881
11.328836135300836,6.720809283742351,0.8634364358366904,49.33977910032396,-6573.357805848881
11.328836135300836,6.720809283742351,0.8634364358366904,49.33977910032396,-6573.357805848881
11.328836135300836,6.720809283742351,0.8634364358366904,49.33977910032396,-6573.357805848881
11.40485578757835,5.159928579040295,0.7213670929462064,49.86226818943752,-6573.299912222854
11.40485578757835,5.159928579040295,0.7213670929462064,49.86226818943752,-6573.299912222854
11.40485578757835,5.159928579040295,0.7213670929462064,49.86226818943752,-6573.299912222854
11.40485578757835,5.159928579040295,0.7213670929462064,49.86226818943752,-6573.299912222854
11.40485578757835,5.159928579040295,0.7213670929462064,49.86226818943752,-6573.299912222854
11.40485578757835,5.159928579040295,0.7213670929462064,49.86226818943752,-6573.299912222854
10.735649144257433,5.8816331859020545,0.979241052434219,50.49478813666952,-6571.707012403192
10.735649144257433,5.8816331859020545,0.979241052434219,50.49478813666952,-6571.707012403192
10.735649144257433,5.8816331859020545,0.979241052434219,50.49478813666952,-6571.707012403192
10.735649144257433,5.8816331859020545,0.979241052434219,50.49478813666952,-6571.707012403192
10.735649144257433,5.8816331859020545,0.979241052434219,50.49478813666952,-6571.707012403192
10.975673897454644,5.000207468216285,0.9908368591732384,50.64382763677891,-6572.477854085781
10.975673897454644,5.000207468216285,0.9908368591732384,50.64382763677891,-6572.477854085781
10.934056658973537,4.206639577321723,1.0090825258381684,50.76995107702569,-6573.966949991474
10.934056658973537,4.206639577321723,1.0090825258381684,50.76995107702569,-6573.966949991474
10.41628232895934,6.221428334108872,1.102748761107323,50.70960354719697,-6573.1002662940255
10.41628232895934,6.221428334108872,1.102748761107323,50.70960354719697,-6573.1002662940255
10.41628232895934,6.221428334108872,1.102748761107323,50.70960354719697,-6573.1002662940255
10.391541672259654,5.898863600741016,1.1419134302142877,50.259070805576414,-6573.448675372209
10.391541672259654,5.898863600741016,1.1419134302142877,50.259070805576414,-6573.448675372209
10.391541672259654,5.898863600741016,1.1419134302142877,50.259070805576414,-6573.448675372209
10.391541672259654,5.898863600741016,1.1419134302142877,50.259070805576414,-6573.448675372209
10.391541672259654,5.898863600741016,1.1419134302142877,50.259070805576414,-6573.448675372209
10.391541672259654,5.898863600741016,1.1419134302142877,50.259070805576414,-6573.448675372209
10.391541672259654,5.898863600741016,1.1419134302142877,50.259070805576414,-6573.448675372209
10.323154379147129,6.090801964929071,1.1740727732264418,49.99985779515352,-6574.029295059163
10.323154379147129,6.090801964929071,1.1740727732264418,49.99985779515352,-6574.029295059163
10.323154379147129,6.090801964929071,1.1740727732264418,49.99985779515352,-6574.029295059163
10.323154379147129,6.090801964929071,1.1740727732264418,49.99985779515352,-6574.029295059163
10.323154379147129,6.090801964929071,1.1740727732264418,49.99985779515352,-6574.029295059163
10.323154379147129,6.090801964929071,1.1740727732264418,49.99985779515352,-6574.029295059163
10.323154379147129,6.090801964929071,1.1740727732264418,49.99985779515352,-6574.029295059163
10.323154379147129,6.090801964929071,1.1740727732264418,49.99985779515352,-6574.029295059163
10.323154379147129,6.090801964929071,1.1740727732264418,49.99985779515352,-6574.029295059163
10.323154379147129,6.090801964929071,1.1740727732264418,49.99985779515352,-6574.029295059163
10.166097979964814,9.006754870945397,1.0288741868334128,51.10104284646987,-6574.8176325519635
10.166097979964814,9.006754870945397,1.0288741868334128,51.10104284646987,-6574.8176325519635
10.166097979964814,9.006754870945397,1.0288741868334128,51.10104284646987,-6574.8176325519635
10.166097979964814,9.006754870945397,1.0288741868334128,51.10104284646987,-6574.8176325519635
10.166097979964814,9.006754870945397,1.0288741868334128,51.10104284646987,-6574.8176325519635
9.477093234357364,10.02463579578566,0.7331398069319601,50.984829202859764,-6571.151571666175
9.477093234357364,10.02463579578566,0.7331398069319601,50.984829202859764,-6571.151571666175
9.477093234357364,10.02463579578566,0.7331398069319601,50.984829202859764,-6571.151571666175
9.477093234357364,10.02463579578566,0.7331398069319601,50.984829202859764,-6571.151571666175
9.477093234357364,10.02463579578566,0.7331398069319601,50.984829202859764,-6571.151571666175
9.477093234357364,10.02463579578566,0.7331398069319601,50.984829202859764,-6571.151571666175
9.477093234357364,10.02463579578566,0.7331398069319601,50.984829202859764,-6571.151571666175
9.477093234357364,10.02463579578566,0.7331398069319601,50.984829202859764,-6571.151571666175
9.477093234357364,10.02463579578566,0.7331398069319601,50.984829202859764,-6571.151571666175
8.546614588602354,12.59408445227642,0.7252879365417322,50.58439269410073,-6572.663412504728
8.546614588602354,12.59408445227642,0.7252879365417322,50.58439269410073,-6572.663412504728
8.546614588602354,12.59408445227642,0.7252879365417322,50.58439269410073,-6572.663412504728
8.546614588602354,12.59408445227642,0.7252879365417322,50.58439269410073,-6572.663412504728
8.546614588602354,12.59408445227642,0.7252879365417322,50.58439269410073,-6572.663412504728
8.546614588602354,12.59408445227642,0.7252879365417322,50.58439269410073,-6572.663412504728
8.728010645591095,12.108399660565423,0.5867520023950107,49.96999449546724,-6573.188687373031
8.728010645591095,12.108399660565423,0.5867520023950107,49.96999449546724,-6573.188687373031
9.151929087814214,11.023244944353431,0.7119941962111334,50.06667119778762,-6571.168195700833
10.388531393888725,8.152478608165927,0.8045788664101091,49.928244759098085,-6570.578099525
10.388531393888725,8.152478608165927,0.8045788664101091,49.928244759098085,-6570.578099525
10.388531393888725,8.152478608165927,0.8045788664101091,49.928244759098085,-6570.578099525
10.388531393888725,8.152478608165927,0.8045788664101091,49.928244759098085,-6570.578099525
10.388531393888725,8.152478608165927,0.8045788664101091,49.928244759098085,-6570.578099525
10.52589880997926,8.303071143347792,0.7000187771563058,50.12982913702863,-6570.436086426927
10.52589880997926,8.303071143347792,0.7000187771563058,50.12982913702863,-6570.436086426927
10.52589880997926,8.303071143347792,0.7000187771563058,50.12982913702863,-6570.436086426927
10.52589880997926,8.303071143347792,0.7000187771563058,50.12982913702863,-6570.436086426927
10.52589880997926,8.303071143347792,0.7000187771563058,50.12982913702863,-6570.436086426927
9.697429087581298,8.972631580072434,0.8801286678942715,50.04598369158802,-6570.8059232522555
9.697429087581298,8.972631580072434,0.8801286678942715,50.04598369158802,-6570.8059232522555
10.595520298466571,9.116104472328873,0.8016522025167263,50.26676065524262,-6571.66861201223
10.321827635038854,8.837556262467398,0.6916466628868323,50.67204696933851,-6570.392685452367
10.321827635038854,8.837556262467398,0.6916466628868323,50.67204696933851,-6570.392685452367
10.321827635038854,8.837556262467398,0.6916466628868323,50.67204696933851,-6570.392685452367
10.356553712835805,7.608258933148573,0.7128157522359992,50.0262012993763,-6570.905537326669
9.094988675085439,8.547168757872477,0.8485154572307185,49.875662676111844,-6572.338978564476
9.48933708955677,7.551961879865542,0.8198915881139929,50.45001254794006,-6572.344545365907
9.48933708955677,7.551961879865542,0.8198915881139929,50.45001254794006,-6572.344545365907
9.48933708955677,7.551961879865542,0.8198915881139929,50.45001254794006,-6572.344545365907
9.48933708955677,7.551961879865542,0.8198915881139929,50.45001254794006,-6572.344545365907
9.48933708955677,7.551961879865542,0.8198915881139929,50.45001254794006,-6572.344545365907
9.48933708955677,7.551961879865542,0.8198915881139929,50.45001254794006,-6572.344545365907
9.678030965450292,8.202947192419275,0.9727751078418079,50.614255267336354,-6571.478093597714
9.431043075127254,8.454193024208807,0.9054267140106632,50.46605159186841,-6571.112299572927
9.431043075127254,8.454193024208807,0.9054267140106632,50.46605159186841,-6571.112299572927
9.431043075127254,8.454193024208807,0.9054267140106632,50.46605159186841,-6571.112299572927
9.431043075127254,8.454193024208807,0.9054267140106632,50.46605159186841,-6571.112299572927
9.431043075127254,8.454193024208807,0.9054267140106632,50.46605159186841,-6571.112299572927
9.431043075127254,8.454193024208807,0.9054267140106632,50.46605159186841,-6571.112299572927
9.431043075127254,8.454193024208807,0.9054267140106632,50.46605159186841,-6571.112299572927
9.431043075127254,8.454193024208807,0.9054267140106632,50.46605159186841,-6571.112299572927
9.779359098605962,8.055526591940593,0.9877792371280196,50.555629142559255,-6571.544281104523
9.779359098605962,8.055526591940593,0.9877792371280196,50.555629142559255,-6571.544281104523
9.779359098605962,8.055526591940593,0.9877792371280196,50.555629142559255,-6571.544281104523
8.95364560130245,10.400437161903945,0.8617721961331095,49.83744118174801,-6571.748089300023
8.95364560130245,10.400437161903945,0.8617721961331095,49.83744118174801,-6571.748089300023
8.95364560130245,10.400437161903945,0.8617721961331095,49.83744118174801,-6571.748089300023
8.95364560130245,10.400437161903945,0.8617721961331095,49.83744118174801,-6571.748089300023
9.853589620316612,8.404231675928287,0.729977394167941,49.355489110552746,-6572.295306208916
10.00427439693646,8.926220021354778,0.6281138766038253,49.66072395640617,-6572.0219466264425
9.214811932666487,10.444129098197138,0.8688925951748363,49.687907461110925,-6571.999448932102
10.230066545587317,6.4938372898849455,0.9039776344890196,50.83622846636026,-6571.640255925888
10.230066545587317,6.4938372898849455,0.9039776344890196,50.83622846636026,-6571.640255925888
10.85586307175593,6.311383136229657,0.74756104272046,50.696905120632074,-6571.313538842328
10.85586307175593,6.311383136229657,0.74756104272046,50.696905120632074,-6571.313538842328
10.85586307175593,6.311383136229657,0.74756104272046,50.696905120632074,-6571.313538842328
10.85586307175593,6.311383136229657,0.74756104272046,50.696905120632074,-6571.313538842328
10.85586307175593,6.311383136229657,0.74756104272046,50.696905120632074,-6571.313538842328
10.85586307175593,6.311383136229657,0.74756104272046,50.696905120632074,-6571.313538842328
10.85586307175593,6.311383136229657,0.74756104272046,50.696905120632074,-6571.313538842328
10.85586307175593,6.311383136229657,0.74756104272046,50.696905120632074,-6571.313538842328
10.85586307175593,6.311383136229657,0.74756104272046,50.696905120632074,-6571.313538842328
10.85586307175593,6.311383136229657,0.74756104272046,50.696905120632074,-6571.313538842328
10.85586307175593,6.311383136229657,0.74756104272046,50.696905120632074,-6571.313538842328
11.33096444091519,7.238248864984557,0.7331155769167791,51.39592410783055,-6572.403085554104
11.33096444091519,7.238248864984557,0.7331155769167791,51.39592410783055,-6572.403085554104
11.33096444091519,7.238248864984557,0.7331155769167791,51.39592410783055,-6572.403085554104
11.33096444091519,7.238248864984557,0.7331155769167791,51.39592410783055,-6572.403085554104
11.33096444091519,7.238248864984557,0.7331155769167791,51.39592410783055,-6572.403085554104
11.33096444091519,7.238248864984557,0.7331155769167791,51.39592410783055,-6572.403085554104
11.33096444091519,7.238248864984557,0.7331155769167791,51.39592410783055,-6572.403085554104
11.33096444091519,7.238248864984557,0.7331155769167791,51.39592410783055,-6572.403085554104
11.33096444091519,7.238248864984557,0.7331155769167791,51.39592410783055,-6572.403085554104
11.33096444091519,7.238248864984557,0.7331155769167791,51.39592410783055,-6572.403085554104
11.33096444091519,7.238248864984557,0.7331155769167791,51.39592410783055,-6572.403085554104
11.33096444091519,7.238248864984557,0.7331155769167791,51.39592410783055,-6572.403085554104
11.33096444091519,7.238248864984557,0.7331155769167791,51.39592410783055,-6572.403085554104
11.33096444091519,7.238248864984557,0.7331155769167791,51.39592410783055,-6572.403085554104
11.33096444091519,7.238248864984557,0.7331155769167791,51.39592410783055,-6572.403085554104
11.33096444091519,7.238248864984557,0.7331155769167791,51.39592410783055,-6572.403085554104
11.33096444091519,7.238248864984557,0.7331155769167791,51.39592410783055,-6572.403085554104
11.33096444091519,7.238248864984557,0.7331155769167791,51.39592410783055,-6572.403085554104
11.386283239882445,9.19316739867287,0.5722336120509892,51.10830980533818,-6573.336755147731
11.386283239882445,9.19316739867287,0.5722336120509892,51.10830980533818,-6573.336755147731
11.442344309716463,9.976038835500228,0.5345749578454352,50.73436781361362,-6574.301232830544
11.442344309716463,9.976038835500228,0.5345749578454352,50.73436781361362,-6574.301232830544
10.952864411178847,11.144400630391381,0.5865238925782654,50.609407359055304,-6574.720491277503
10.244386884811393,12.659890932633102,0.6151036681147434,49.84340298926456,-6575.940971508037
9.973924930697358,11.394816149915545,0.5796444916910101,49.294617948494526,-6573.98066253023
9.973924930697358,11.394816149915545,0.5796444916910101,49.294617948494526,-6573.98066253023
9.973924930697358,11.394816149915545,0.5796444916910101,49.294617948494526,-6573.98066253023
9.238318308824569,12.126328219339072,0.4876495750712523,49.77916307534128,-6574.4408072590695
9.238318308824569,12.126328219339072,0.4876495750712523,49.77916307534128,-6574.4408072590695
9.059863711634717,9.915480250796067,0.7495265642376451,49.11500609955166,-6573.624614834161
9.059863711634717,9.915480250796067,0.7495265642376451,49.11500609955166,-6573.624614834161
9.059863711634717,9.915480250796067,0.7495265642376451,49.11500609955166,-6573.624614834161
9.059863711634717,9.915480250796067,0.7495265642376451,49.11500609955166,-6573.624614834161
9.059863711634717,9.915480250796067,0.7495265642376451,49.11500609955166,-6573.624614834161
9.087607870675042,10.983279061266526,0.7835116418328643,49.568768859434535,-6572.067101895573
9.087607870675042,10.983279061266526,0.7835116418328643,49.568768859434535,-6572.067101895573
9.087607870675042,10.983279061266526,0.7835116418328643,49.568768859434535,-6572.067101895573
8.978883963245796,10.055861833812614,1.012536120968119,49.73422744838732,-6573.2558038434745
8.978883963245796,10.055861833812614,1.012536120968119,49.73422744838732,-6573.2558038434745
8.978883963245796,10.055861833812614,1.012536120968119,49.73422744838732,-6573.2558038434745
8.978883963245796,10.055861833812614,1.012536120968119,49.73422744838732,-6573.2558038434745
8.848834123435102,9.450179731292172,1.0127117415087703,49.55090394929533,-6573.447351636718
8.848834123435102,9.450179731292172,1.0127117415087703,49.55090394929533,-6573.447351636718
8.848834123435102,9.450179731292172,1.0127117415087703,49.55090394929533,-6573.447351636718
8.848834123435102,9.450179731292172,1.0127117415087703,49.55090394929533,-6573.447351636718
8.848834123435102,9.450179731292172,1.0127117415087703,49.55090394929533,-6573.447351636718
8.848834123435102,9.450179731292172,1.0127117415087703,49.55090394929533,-6573.447351636718
8.382479467120307,10.717646409850945,0.9716855646629087,50.19577106894087,-6573.332520971882
8.382479467120307,10.717646409850945,0.9716855646629087,50.19577106894087,-6573.332520971882
8.382479467120307,10.717646409850945,0.9716855646629087,50.19577106894087,-6573.332520971882
8.382479467120307,10.717646409850945,0.9716855646629087,50.19577106894087,-6573.332520971882
8.382479467120307,10.717646409850945,0.9716855646629087,50.19577106894087,-6573.332520971882
8.148201018824292,12.490202713458798,0.7363046577392189,49.82211792003745,-6573.628755553804
8.631198650770553,11.075656257236819,0.7549599794090807,50.34201707407173,-6571.910013734105
8.631198650770553,11.075656257236819,0.7549599794090807,50.34201707407173,-6571.910013734105
8.631198650770553,11.075656257236819,0.7549599794090807,50.34201707407173,-6571.910013734105
8.631198650770553,11.075656257236819,0.7549599794090807,50.34201707407173,-6571.910013734105
8.631198650770553,11.075656257236819,0.7549599794090807,50.34201707407173,-6571.910013734105
8.631198650770553,11.075656257236819,0.7549599794090807,50.34201707407173,-6571.910013734105
8.631198650770553,11.075656257236819,0.7549599794090807,50.34201707407173,-6571.910013734105
8.631198650770553,11.075656257236819,0.7549599794090807,50.34201707407173,-6571.910013734105
8.631198650770553,11.075656257236819,0.7549599794090807,50.34201707407173,-6571.910013734105
8.631198650770553,11.075656257236819,0.7549599794090807,50.34201707407173,-6571.910013734105
9.349826838157123,12.605899724009639,0.666888993576313,50.30582680625509,-6572.769174379612
9.349826838157123,12.605899724009639,0.666888993576313,50.30582680625509,-6572.769174379612
9.786158365030161,10.55188654770947,0.6849290410024894,50.54419662656596,-6570.84014021921
9.786158365030161,10.55188654770947,0.6849290410024894,50.54419662656596,-6570.84014021921
9.786158365030161,10.55188654770947,0.6849290410024894,50.54419662656596,-6570.84014021921
9.786158365030161,10.55188654770947,0.6849290410024894,50.54419662656596,-6570.84014021921
9.786158365030161,10.55188654770947,0.6849290410024894,50.54419662656596,-6570.84014021921
9.786158365030161,10.55188654770947,0.6849290410024894,50.54419662656596,-6570.84014021921
9.786158365030161,10.55188654770947,0.6849290410024894,50.54419662656596,-6570.84014021921
9.786158365030161,10.55188654770947,0.6849290410024894,50.54419662656596,-6570.84014021921
9.786158365030161,10.55188654770947,0.6849290410024894,50.54419662656596,-6570.84014021921
9.786158365030161,10.55188654770947,0.6849290410024894,50.54419662656596,-6570.84014021921
8.913539556397335,11.141973203925966,0.841954051057592,51.172211726876064,-6572.978015293311
8.913539556397335,11.141973203925966,0.841954051057592,51.172211726876064,-6572.978015293311
8.913539556397335,11.141973203925966,0.841954051057592,51.172211726876064,-6572.978015293311
8.913539556397335,11.141973203925966,0.841954051057592,51.172211726876064,-6572.978015293311
8.913539556397335,11.141973203925966,0.841954051057592,51.172211726876064,-6572.978015293311
8.913539556397335,11.141973203925966,0.841954051057592,51.172211726876064,-6572.978015293311
8.995585283291271,10.375483091825924,0.7333223105614083,50.73777349284217,-6571.5391139340445
8.995585283291271,10.375483091825924,0.7333223105614083,50.73777349284217,-6571.5391139340445
10.377296663624254,8.11237271447699,0.668162941280617,50.23928397195127,-6570.724189222501
9.733902744075502,9.083508919030736,0.8003042003189381,50.657117442756444,-6570.443366862426
9.733902744075502,9.083508919030736,0.8003042003189381,50.657117442756444,-6570.443366862426
9.832584300948925,9.527015207428645,0.8423329476255244,50.797282598666946,-6571.167549310727
9.832584300948925,9.527015207428645,0.8423329476255244,50.797282598666946,-6571.167549310727
9.832584300948925,9.527015207428645,0.8423329476255244,50.797282598666946,-6571.167549310727
9.832584300948925,9.527015207428645,0.8423329476255244,50.797282598666946,-6571.167549310727
9.832584300948925,9.527015207428645,0.8423329476255244,50.797282598666946,-6571.167549310727
9.832584300948925,9.527015207428645,0.8423329476255244,50.797282598666946,-6571.167549310727
9.154592331219535,8.395148796946744,0.7332910969506455,50.40014100211535,-6573.458945696573
9.154592331219535,8.395148796946744,0.7332910969506455,50.40014100211535,-6573.458945696573
8.790551820000386,10.550314400122794,0.7422251381350604,49.78816328970816,-6572.149494827687
9.075178193891903,8.920323918836992,0.8827385661392481,49.83141034731902,-6571.929091152637
9.453086726384518,9.805805452467807,0.9133817262162061,50.205799134040475,-6571.506589775365
9.453086726384518,9.805805452467807,0.9133817262162061,50.205799134040475,-6571.506589775365
9.453086726384518,9.805805452467807,0.9133817262162061,50.205799134040475,-6571.506589775365
9.453086726384518,9.805805452467807,0.9133817262162061,50.205799134040475,-6571.506589775365
9.453086726384518,9.805805452467807,0.9133817262162061,50.205799134040475,-6571.506589775365
9.453086726384518,9.805805452467807,0.9133817262162061,50.205799134040475,-6571.506589775365
9.438995575941782,10.355540324251514,0.861133178723513,50.68431262366087,-6571.652058390178
9.438995575941782,10.355540324251514,0.861133178723513,50.68431262366087,-6571.652058390178
9.438995575941782,10.355540324251514,0.861133178723513,50.68431262366087,-6571.652058390178
9.438995575941782,10.355540324251514,0.861133178723513,50.68431262366087,-6571.652058390178
9.438995575941782,10.355540324251514,0.861133178723513,50.68431262366087,-6571.652058390178
9.438995575941782,10.355540324251514,0.861133178723513,50.68431262366087,-6571.652058390178
9.256954800803173,9.415493043160819,0.7406992990308271,50.238828426692905,-6571.127925625753
9.256954800803173,9.415493043160819,0.7406992990308271,50.238828426692905,-6571.127925625753
9.256954800803173,9.415493043160819,0.7406992990308271,50.238828426692905,-6571.127925625753
9.256954800803173,9.415493043160819,0.7406992990308271,50.238828426692905,-6571.127925625753
9.466452763770615,9.41727447859791,0.764705109165697,49.63153056468328,-6571.303132352165
9.954541434298783,9.691289040539393,0.7202709424966107,50.47968711617813,-6570.387093364818
9.954541434298783,9.691289040539393,0.7202709424966107,50.47968711617813,-6570.387093364818
9.954541434298783,9.691289040539393,0.7202709424966107,50.47968711617813,-6570.387093364818
9.954541434298783,9.691289040539393,0.7202709424966107,50.47968711617813,-6570.387093364818
9.954541434298783,9.691289040539393,0.7202709424966107,50.47968711617813,-6570.387093364818
9.954541434298783,9.691289040539393,0.7202709424966107,50.47968711617813,-6570.387093364818
9.954541434298783,9.691289040539393,0.7202709424966107,50.47968711617813,-6570.387093364818
9.569213389189951,10.582677415891272,0.8131910773471605,50.464465312503286,-6571.392150543239
9.569213389189951,10.582677415891272,0.8131910773471605,50.464465312503286,-6571.392150543239
9.569213389189951,10.582677415891272,0.8131910773471605,50.464465312503286,-6571.392150543239
9.569213389189951,10.582677415891272,0.8131910773471605,50.464465312503286,-6571.392150543239
9.569213389189951,10.582677415891272,0.8131910773471605,50.464465312503286,-6571.392150543239
9.21540587594171,9.157648356443726,0.8066312520054197,50.287112142947855,-6571.079573365978
9.249601265344658,9.937010424902336,0.8952193793033942,49.933420764085284,-6571.507920816345
9.249601265344658,9.937010424902336,0.8952193793033942,49.933420764085284,-6571.507920816345
9.599442162122592,9.4754127359574,0.8572070038814543,49.5787727473987,-6571.571174111878
9.599442162122592,9.4754127359574,0.8572070038814543,49.5787727473987,-6571.571174111878
9.599442162122592,9.4754127359574,0.8572070038814543,49.5787727473987,-6571.571174111878
9.599442162122592,9.4754127359574,0.8572070038814543,49.5787727473987,-6571.571174111878
9.599442162122592,9.4754127359574,0.8572070038814543,49.5787727473987,-6571.571174111878
9.599442162122592,9.4754127359574,0.8572070038814543,49.5787727473987,-6571.571174111878
9.599442162122592,9.4754127359574,0.8572070038814543,49.5787727473987,-6571.571174111878
9.599442162122592,9.4754127359574,0.8572070038814543,49.5787727473987,-6571.571174111878
9.599442162122592,9.4754127359574,0.8572070038814543,49.5787727473987,-6571.571174111878
9.599442162122592,9.4754127359574,0.8572070038814543,49.5787727473987,-6571.571174111878
10.352617569709823,10.774814666582952,0.5737556010387259,49.824906316445635,-6572.603890409149
9.559606026148044,11.871359884255007,0.42943587790421894,49.685106003797635,-6576.001418959564
9.223532471681416,10.671588926547585,0.5294804107897574,50.996706272180155,-6574.371936106049
8.784644308709057,10.475319972236594,0.6987081304292759,50.94491550375032,-6572.854237729443
8.784644308709057,10.475319972236594,0.6987081304292759,50.94491550375032,-6572.854237729443
8.89798948165863,11.536908422973655,0.7684552232702194,50.86876852625676,-6572.103952263076
9.901441556808992,11.60641054939168,0.6719613586523572,50.822925572564586,-6572.614020079659
10.04821876898918,10.333762907830604,0.8079746155240429,51.36067516146932,-6573.465715355936
10.04821876898918,10.333762907830604,0.8079746155240429,51.36067516146932,-6573.465715355936
10.04821876898918,10.333762907830604,0.8079746155240429,51.36067516146932,-6573.465715355936
10.04821876898918,10.333762907830604,0.8079746155240429,51.36067516146932,-6573.465715355936
10.04821876898918,10.333762907830604,0.8079746155240429,51.36067516146932,-6573.465715355936
8.710828824178769,10.798189654031308,0.7323264453626106,51.131334168149344,-6573.018185903676
8.710828824178769,10.798189654031308,0.7323264453626106,51.131334168149344,-6573.018185903676
8.710828824178769,10.798189654031308,0.7323264453626106,51.131334168149344,-6573.018185903676
8.710828824178769,10.798189654031308,0.7323264453626106,51.131334168149344,-6573.018185903676
8.710828824178769,10.798189654031308,0.7323264453626106,51.131334168149344,-6573.018185903676
8.710828824178769,10.798189654031308,0.7323264453626106,51.131334168149344,-6573.018185903676
8.710828824178769,10.798189654031308,0.7323264453626106,51.131334168149344,-6573.018185903676
8.710828824178769,10.798189654031308,0.7323264453626106,51.131334168149344,-6573.018185903676
8.710828824178769,10.798189654031308,0.7323264453626106,51.131334168149344,-6573.018185903676
8.710828824178769,10.798189654031308,0.7323264453626106,51.131334168149344,-6573.018185903676
8.710828824178769,10.798189654031308,0.7323264453626106,51.131334168149344,-6573.018185903676
8.938996879082326,11.599895920218461,0.8037376869699471,50.658135939619704,-6572.092703067734
8.938996879082326,11.599895920218461,0.8037376869699471,50.658135939619704,-6572.092703067734
8.938996879082326,11.599895920218461,0.8037376869699471,50.658135939619704,-6572.092703067734
8.938996879082326,11.599895920218461,0.8037376869699471,50.658135939619704,-6572.092703067734
8.50260858311996,10.965514847011343,0.7973278414173319,50.73296804060404,-6572.561645993966
8.50260858311996,10.965514847011343,0.7973278414173319,50.73296804060404,-6572.561645993966
8.50260858311996,10.965514847011343,0.7973278414173319,50.73296804060404,-6572.561645993966
8.50260858311996,10.965514847011343,0.7973278414173319,50.73296804060404,-6572.561645993966
8.50260858311996,10.965514847011343,0.7973278414173319,50.73296804060404,-6572.561645993966
8.918210454386697,10.5342325450515,0.9002180721291163,50.71446531228348,-6572.142127120418
8.523982218348067,10.581133630316923,1.029649434747561,50.332903402930285,-6573.724687752773
8.523982218348067,10.581133630316923,1.029649434747561,50.332903402930285,-6573.724687752773
8.523982218348067,10.581133630316923,1.029649434747561,50.332903402930285,-6573.724687752773
8.377725645053845,10.446172438337864,1.1696417997950377,49.63462702082725,-6576.484682585511
8.377725645053845,10.446172438337864,1.1696417997950377,49.63462702082725,-6576.484682585511
8.377725645053845,10.446172438337864,1.1696417997950377,49.63462702082725,-6576.484682585511
8.377725645053845,10.446172438337864,1.1696417997950377,49.63462702082725,-6576.484682585511
8.377725645053845,10.446172438337864,1.1696417997950377,49.63462702082725,-6576.484682585511
8.540156213335019,9.161782261611599,1.040877347013184,49.48534207014808,-6574.794012376217
8.540156213335019,9.161782261611599,1.040877347013184,49.48534207014808,-6574.794012376217
8.540156213335019,9.161782261611599,1.040877347013184,49.48534207014808,-6574.794012376217
8.540156213335019,9.161782261611599,1.040877347013184,49.48534207014808,-6574.794012376217
8.540156213335019,9.161782261611599,1.040877347013184,49.48534207014808,-6574.794012376217
7.900442771466006,10.251669988988587,1.0461862564077917,49.894162715957314,-6576.018267875489
7.900442771466006,10.251669988988587,1.0461862564077917,49.894162715957314,-6576.018267875489
7.900442771466006,10.251669988988587,1.0461862564077917,49.894162715957314,-6576.018267875489
7.900442771466006,10.251669988988587,1.0461862564077917,49.894162715957314,-6576.018267875489
7.900442771466006,10.251669988988587,1.0461862564077917,49.894162715957314,-6576.018267875489
8.840456037406938,8.482329304874439,1.1270752574892127,49.106295817874546,-6576.195977512247
8.840456037406938,8.482329304874439,1.1270752574892127,49.106295817874546,-6576.195977512247
8.840456037406938,8.482329304874439,1.1270752574892127,49.106295817874546,-6576.195977512247
8.840456037406938,8.482329304874439,1.1270752574892127,49.106295817874546,-6576.195977512247
8.620816941121824,8.684730104314463,0.9845169566789886,49.847162471688165,-6574.070364820584
8.620816941121824,8.684730104314463,0.9845169566789886,49.847162471688165,-6574.070364820584
9.40543336225416,6.245820988967015,1.1104271659931255,50.69414190314411,-6575.036622184853
9.40543336225416,6.245820988967015,1.1104271659931255,50.69414190314411,-6575.036622184853
10.213203318620055,4.582817913567539,1.0854724407629044,49.75754565701243,-6575.791471286166
10.213203318620055,4.582817913567539,1.0854724407629044,49.75754565701243,-6575.791471286166
10.213203318620055,4.582817913567539,1.0854724407629044,49.75754565701243,-6575.791471286166
10.490939066294523,5.457571400225041,1.230884677765036,49.47095931559123,-6575.955870273643
10.86643797812587,4.543428747426773,1.1349622142412938,50.26668499698604,-6574.100498149001
10.86643797812587,4.543428747426773,1.1349622142412938,50.26668499698604,-6574.100498149001
10.45892692720966,5.665626693784799,1.1530988098185648,50.12403868486101,-6573.72766776575
10.45892692720966,5.665626693784799,1.1530988098185648,50.12403868486101,-6573.72766776575
10.45892692720966,5.665626693784799,1.1530988098185648,50.12403868486101,-6573.72766776575
11.212062874095176,6.970650750620759,1.0072166054029108,50.40887822961247,-6573.925730825988
11.865062681077175,6.709973713132467,0.8535450993687198,50.135510158974775,-6573.749314608425
11.865062681077175,6.709973713132467,0.8535450993687198,50.135510158974775,-6573.749314608425
11.865062681077175,6.709973713132467,0.8535450993687198,50.135510158974775,-6573.749314608425
11.865062681077175,6.709973713132467,0.8535450993687198,50.135510158974775,-6573.749314608425
11.865062681077175,6.709973713132467,0.8535450993687198,50.135510158974775,-6573.749314608425
11.865062681077175,6.709973713132467,0.8535450993687198,50.135510158974775,-6573.749314608425
11.865062681077175,6.709973713132467,0.8535450993687198,50.135510158974775,-6573.749314608425
12.56134083660786,4.107525096286126,0.7712689420599517,49.62793315750142,-6574.9566388076455
12.56134083660786,4.107525096286126,0.7712689420599517,49.62793315750142,-6574.9566388076455
12.56134083660786,4.107525096286126,0.7712689420599517,49.62793315750142,-6574.9566388076455
11.532250493985831,4.194862263040677,0.8410766792437587,49.38458856566092,-6574.934731374734
11.532250493985831,4.194862263040677,0.8410766792437587,49.38458856566092,-6574.934731374734
12.25755231523832,5.553584567756095,0.9485013084917782,49.92779592113263,-6575.647562750668
12.25755231523832,5.553584567756095,0.9485013084917782,49.92779592113263,-6575.647562750668
12.301486455827987,2.992956807351283,0.7832061396371564,50.51462526927342,-6575.577727742905
12.301486455827987,2.992956807351283,0.7832061396371564,50.51462526927342,-6575.577727742905
12.61052657059747,2.0256952129767836,0.8582252933381294,49.60953850508364,-6578.204313166165
13.474344539510248,3.894874941899344,0.8169780167352118,51.28010321529051,-6577.817402396882
13.239367929866251,4.101575674499269,0.7738182730691253,50.31727587383528,-6575.907101172968
13.239367929866251,4.101575674499269,0.7738182730691253,50.31727587383528,-6575.907101172968
13.239367929866251,4.101575674499269,0.7738182730691253,50.31727587383528,-6575.907101172968
13.239367929866251,4.101575674499269,0.7738182730691253,50.31727587383528,-6575.907101172968
12.835918271134174,4.066805767458822,0.815574155667801,50.59310858811971,-6574.595251229535
12.835918271134174,4.066805767458822,0.815574155667801,50.59310858811971,-6574.595251229535
12.835918271134174,4.066805767458822,0.815574155667801,50.59310858811971,-6574.595251229535
11.580940647848363,6.056204819311586,0.8900348701278453,50.86833136548622,-6572.511471332002
11.580940647848363,6.056204819311586,0.8900348701278453,50.86833136548622,-6572.511471332002
11.580940647848363,6.056204819311586,0.8900348701278453,50.86833136548622,-6572.511471332002
11.580940647848363,6.056204819311586,0.8900348701278453,50.86833136548622,-6572.511471332002
11.580940647848363,6.056204819311586,0.8900348701278453,50.86833136548622,-6572.511471332002
11.580940647848363,6.056204819311586,0.8900348701278453,50.86833136548622,-6572.511471332002
11.580940647848363,6.056204819311586,0.8900348701278453,50.86833136548622,-6572.511471332002
11.580940647848363,6.056204819311586,0.8900348701278453,50.86833136548622,-6572.511471332002
11.580940647848363,6.056204819311586,0.8900348701278453,50.86833136548622,-6572.511471332002
11.580940647848363,6.056204819311586,0.8900348701278453,50.86833136548622,-6572.511471332002
11.580940647848363,6.056204819311586,0.8900348701278453,50.86833136548622,-6572.511471332002
11.580940647848363,6.056204819311586,0.8900348701278453,50.86833136548622,-6572.511471332002
11.580940647848363,6.056204819311586,0.8900348701278453,50.86833136548622,-6572.511471332002
11.580940647848363,6.056204819311586,0.8900348701278453,50.86833136548622,-6572.511471332002
11.580940647848363,6.056204819311586,0.8900348701278453,50.86833136548622,-6572.511471332002
11.580940647848363,6.056204819311586,0.8900348701278453,50.86833136548622,-6572.511471332002
11.580940647848363,6.056204819311586,0.8900348701278453,50.86833136548622,-6572.511471332002
11.580940647848363,6.056204819311586,0.8900348701278453,50.86833136548622,-6572.511471332002
11.580940647848363,6.056204819311586,0.8900348701278453,50.86833136548622,-6572.511471332002
11.580940647848363,6.056204819311586,0.8900348701278453,50.86833136548622,-6572.511471332002
11.580940647848363,6.056204819311586,0.8900348701278453,50.86833136548622,-6572.511471332002
11.580940647848363,6.056204819311586,0.8900348701278453,50.86833136548622,-6572.511471332002
11.580940647848363,6.056204819311586,0.8900348701278453,50.86833136548622,-6572.511471332002
11.580940647848363,6.056204819311586,0.8900348701278453,50.86833136548622,-6572.511471332002
11.580940647848363,6.056204819311586,0.8900348701278453,50.86833136548622,-6572.511471332002
11.580940647848363,6.056204819311586,0.8900348701278453,50.86833136548622,-6572.511471332002
11.580940647848363,6.056204819311586,0.8900348701278453,50.86833136548622,-6572.511471332002
11.580940647848363,6.056204819311586,0.8900348701278453,50.86833136548622,-6572.511471332002
11.580940647848363,6.056204819311586,0.8900348701278453,50.86833136548622,-6572.511471332002
9.958517302549769,8.132055959703841,0.759983205339624,50.809226735275985,-6570.764691842448
9.958517302549769,8.132055959703841,0.759983205339624,50.809226735275985,-6570.764691842448
9.962702302404606,8.255952421743714,0.7299990312964307,50.19507689492763,-6570.60013001088
9.962702302404606,8.255952421743714,0.7299990312964307,50.19507689492763,-6570.60013001088
9.962702302404606,8.255952421743714,0.7299990312964307,50.19507689492763,-6570.60013001088
9.6158113518465,9.116351446036548,0.7544219380151976,50.562962310697294,-6570.493265589831
9.6158113518465,9.116351446036548,0.7544219380151976,50.562962310697294,-6570.493265589831
9.6158113518465,9.116351446036548,0.7544219380151976,50.562962310697294,-6570.493265589831
9.6158113518465,9.116351446036548,0.7544219380151976,50.562962310697294,-6570.493265589831
9.6158113518465,9.116351446036548,0.7544219380151976,50.562962310697294,-6570.493265589831
9.6158113518465,9.116351446036548,0.7544219380151976,50.562962310697294,-6570.493265589831
9.6158113518465,9.116351446036548,0.7544219380151976,50.562962310697294,-6570.493265589831
9.6158113518465,9.116351446036548,0.7544219380151976,50.562962310697294,-6570.493265589831
9.6158113518465,9.116351446036548,0.7544219380151976,50.562962310697294,-6570.493265589831
9.6158113518465,9.116351446036548,0.7544219380151976,50.562962310697294,-6570.493265589831
9.6158113518465,9.116351446036548,0.7544219380151976,50.562962310697294,-6570.493265589831
9.6158113518465,9.116351446036548,0.7544219380151976,50.562962310697294,-6570.493265589831
9.6158113518465,9.116351446036548,0.7544219380151976,50.562962310697294,-6570.493265589831
9.6158113518465,9.116351446036548,0.7544219380151976,50.562962310697294,-6570.493265589831
9.700378997251137,9.214696326249644,0.6796987620079322,51.12774027741923,-6571.672362892865
9.700378997251137,9.214696326249644,0.6796987620079322,51.12774027741923,-6571.672362892865
9.700378997251137,9.214696326249644,0.6796987620079322,51.12774027741923,-6571.672362892865
8.927402633094376,9.613543881973376,0.7129647387661926,50.573520335614184,-6572.604253135033
9.56494012055587,7.498074375381549,0.7869279388976737,50.15341025244764,-6572.551647935943
9.56494012055587,7.498074375381549,0.7869279388976737,50.15341025244764,-6572.551647935943
9.56494012055587,7.498074375381549,0.7869279388976737,50.15341025244764,-6572.551647935943
9.56494012055587,7.498074375381549,0.7869279388976737,50.15341025244764,-6572.551647935943
9.56494012055587,7.498074375381549,0.7869279388976737,50.15341025244764,-6572.551647935943
11.8209580502836,6.571718840435154,0.725108929161403,49.87565202981349,-6572.539016875767
10.203846983531221,5.6359876048639235,0.8614603675252279,49.298865841610336,-6575.323684079924
10.203846983531221,5.6359876048639235,0.8614603675252279,49.298865841610336,-6575.323684079924
10.203846983531221,5.6359876048639235,0.8614603675252279,49.298865841610336,-6575.323684079924
10.389331568335662,5.705908343208612,0.8825989297646909,50.32015344440463,-6572.282647755306
11.234521993357797,6.351272587534705,0.9167243893632492,50.868406734483436,-6572.115419726932
11.234521993357797,6.351272587534705,0.9167243893632492,50.868406734483436,-6572.115419726932
11.234521993357797,6.351272587534705,0.9167243893632492,50.868406734483436,-6572.115419726932
11.234521993357797,6.351272587534705,0.9167243893632492,50.868406734483436,-6572.115419726932
11.234521993357797,6.351272587534705,0.9167243893632492,50.868406734483436,-6572.115419726932
10.885184517242738,6.952683461155588,0.8810049404285623,50.878786622386514,-6571.360418614835
10.732563583912032,8.981803880856562,0.6633919805420921,50.67202292949066,-6570.956691892212
10.732563583912032,8.981803880856562,0.6633919805420921,50.67202292949066,-6570.956691892212
10.732563583912032,8.981803880856562,0.6633919805420921,50.67202292949066,-6570.956691892212
10.732563583912032,8.981803880856562,0.6633919805420921,50.67202292949066,-6570.956691892212
10.732563583912032,8.981803880856562,0.6633919805420921,50.67202292949066,-6570.956691892212
10.924142746979527,8.595758295829192,0.77932895552202,50.68547442379294,-6571.792250475741
10.924142746979527,8.595758295829192,0.77932895552202,50.68547442379294,-6571.792250475741
10.924142746979527,8.595758295829192,0.77932895552202,50.68547442379294,-6571.792250475741
10.053221424608198,6.979252866487047,1.085326818330194,50.20112845262851,-6572.541129104729
10.053221424608198,6.979252866487047,1.085326818330194,50.20112845262851,-6572.541129104729
10.671317560198661,5.682386166971897,0.870171393294436,49.99456680271059,-6571.911332463464
10.671317560198661,5.682386166971897,0.870171393294436,49.99456680271059,-6571.911332463464
10.671317560198661,5.682386166971897,0.870171393294436,49.99456680271059,-6571.911332463464
10.671317560198661,5.682386166971897,0.870171393294436,49.99456680271059,-6571.911332463464
10.671317560198661,5.682386166971897,0.870171393294436,49.99456680271059,-6571.911332463464
10.671317560198661,5.682386166971897,0.870171393294436,49.99456680271059,-6571.911332463464
10.671317560198661,5.682386166971897,0.870171393294436,49.99456680271059,-6571.911332463464
9.878687227526946,8.972785369475682,0.8490486688166893,50.51744214159593,-6570.574930682646
9.421773353925552,10.348449677100833,0.762550740586118,50.559536315667025,-6570.751068416499
9.421773353925552,10.348449677100833,0.762550740586118,50.559536315667025,-6570.751068416499
9.421773353925552,10.348449677100833,0.762550740586118,50.559536315667025,-6570.751068416499
9.421773353925552,10.348449677100833,0.762550740586118,50.559536315667025,-6570.751068416499
9.421773353925552,10.348449677100833,0.762550740586118,50.559536315667025,-6570.751068416499
9.421773353925552,10.348449677100833,0.762550740586118,50.559536315667025,-6570.751068416499
9.421773353925552,10.348449677100833,0.762550740586118,50.559536315667025,-6570.751068416499
9.421773353925552,10.348449677100833,0.762550740586118,50.559536315667025,-6570.751068416499
9.421773353925552,10.348449677100833,0.762550740586118,50.559536315667025,-6570.751068416499
9.421773353925552,10.348449677100833,0.762550740586118,50.559536315667025,-6570.751068416499
9.421773353925552,10.348449677100833,0.762550740586118,50.559536315667025,-6570.751068416499
9.421773353925552,10.348449677100833,0.762550740586118,50.559536315667025,-6570.751068416499
9.421773353925552,10.348449677100833,0.762550740586118,50.559536315667025,-6570.751068416499
9.421773353925552,10.348449677100833,0.762550740586118,50.559536315667025,-6570.751068416499
9.421773353925552,10.348449677100833,0.762550740586118,50.559536315667025,-6570.751068416499
9.421773353925552,10.348449677100833,0.762550740586118,50.559536315667025,-6570.751068416499
9.421773353925552,10.348449677100833,0.762550740586118,50.559536315667025,-6570.751068416499
9.421773353925552,10.348449677100833,0.762550740586118,50.559536315667025,-6570.751068416499
9.421773353925552,10.348449677100833,0.762550740586118,50.559536315667025,-6570.751068416499
9.421773353925552,10.348449677100833,0.762550740586118,50.559536315667025,-6570.751068416499
9.421773353925552,10.348449677100833,0.762550740586118,50.559536315667025,-6570.751068416499
9.421773353925552,10.348449677100833,0.762550740586118,50.559536315667025,-6570.751068416499
9.421773353925552,10.348449677100833,0.762550740586118,50.559536315667025,-6570.751068416499
9.676758091432182,9.272536613387492,0.8855554846229324,50.15093928221116,-6570.945648685693
9.676758091432182,9.272536613387492,0.8855554846229324,50.15093928221116,-6570.945648685693
9.676758091432182,9.272536613387492,0.8855554846229324,50.15093928221116,-6570.945648685693
9.676758091432182,9.272536613387492,0.8855554846229324,50.15093928221116,-6570.945648685693
9.152665565265806,8.489202157808256,0.8572987195829112,50.17831734985479,-6571.863908793965
9.152665565265806,8.489202157808256,0.8572987195829112,50.17831734985479,-6571.863908793965
9.152665565265806,8.489202157808256,0.8572987195829112,50.17831734985479,-6571.863908793965
9.152665565265806,8.489202157808256,0.8572987195829112,50.17831734985479,-6571.863908793965
9.866332232216497,7.501649768601736,0.9729936709305396,50.515490466434244,-6571.346835543014
9.866332232216497,7.501649768601736,0.9729936709305396,50.515490466434244,-6571.346835543014
9.866332232216497,7.501649768601736,0.9729936709305396,50.515490466434244,-6571.346835543014
9.866332232216497,7.501649768601736,0.9729936709305396,50.515490466434244,-6571.346835543014
9.866332232216497,7.501649768601736,0.9729936709305396,50.515490466434244,-6571.346835543014
9.866332232216497,7.501649768601736,0.9729936709305396,50.515490466434244,-6571.346835543014
9.866332232216497,7.501649768601736,0.9729936709305396,50.515490466434244,-6571.346835543014
9.866332232216497,7.501649768601736,0.9729936709305396,50.515490466434244,-6571.346835543014
9.866332232216497,7.501649768601736,0.9729936709305396,50.515490466434244,-6571.346835543014
9.866332232216497,7.501649768601736,0.9729936709305396,50.515490466434244,-6571.346835543014
9.866332232216497,7.501649768601736,0.9729936709305396,50.515490466434244,-6571.346835543014
9.545263148191527,8.787636764423983,0.9425592881480714,51.2348655608101,-6572.535018374704
9.545263148191527,8.787636764423983,0.9425592881480714,51.2348655608101,-6572.535018374704
9.545263148191527,8.787636764423983,0.9425592881480714,51.2348655608101,-6572.535018374704
9.545263148191527,8.787636764423983,0.9425592881480714,51.2348655608101,-6572.535018374704
9.545263148191527,8.787636764423983,0.9425592881480714,51.2348655608101,-6572.535018374704
9.545263148191527,8.787636764423983,0.9425592881480714,51.2348655608101,-6572.535018374704
9.545263148191527,8.787636764423983,0.9425592881480714,51.2348655608101,-6572.535018374704
9.545263148191527,8.787636764423983,0.9425592881480714,51.2348655608101,-6572.535018374704
9.545263148191527,8.787636764423983,0.9425592881480714,51.2348655608101,-6572.535018374704
10.095088331998236,7.045993984190581,0.8278682611106325,51.64106090509693,-6573.646361098574
10.095088331998236,7.045993984190581,0.8278682611106325,51.64106090509693,-6573.646361098574
9.817203963060576,8.379303553261558,0.9483286566018073,50.07144292786354,-6571.212950862373
9.809395433064985,7.4496998992084915,0.8388630977255481,49.87602357740818,-6571.500947476818
9.809395433064985,7.4496998992084915,0.8388630977255481,49.87602357740818,-6571.500947476818
9.809395433064985,7.4496998992084915,0.8388630977255481,49.87602357740818,-6571.500947476818
9.809395433064985,7.4496998992084915,0.8388630977255481,49.87602357740818,-6571.500947476818
9.809395433064985,7.4496998992084915,0.8388630977255481,49.87602357740818,-6571.500947476818
9.424323082057771,9.623697409002698,0.7717155915395432,50.057435862777034,-6570.634011149708
9.965065745958247,8.961238584259636,0.6413341936399841,50.19332000894962,-6571.010136753686
9.965065745958247,8.961238584259636,0.6413341936399841,50.19332000894962,-6571.010136753686
9.965065745958247,8.961238584259636,0.6413341936399841,50.19332000894962,-6571.010136753686
9.965065745958247,8.961238584259636,0.6413341936399841,50.19332000894962,-6571.010136753686
9.965065745958247,8.961238584259636,0.6413341936399841,50.19332000894962,-6571.010136753686
9.965065745958247,8.961238584259636,0.6413341936399841,50.19332000894962,-6571.010136753686
9.965065745958247,8.961238584259636,0.6413341936399841,50.19332000894962,-6571.010136753686
9.965065745958247,8.961238584259636,0.6413341936399841,50.19332000894962,-6571.010136753686
9.965065745958247,8.961238584259636,0.6413341936399841,50.19332000894962,-6571.010136753686
9.965065745958247,8.961238584259636,0.6413341936399841,50.19332000894962,-6571.010136753686
9.965065745958247,8.961238584259636,0.6413341936399841,50.19332000894962,-6571.010136753686
9.779107073812739,7.887922131750349,0.7849879329465759,50.18768964694952,-6571.001180214856
9.779107073812739,7.887922131750349,0.7849879329465759,50.18768964694952,-6571.001180214856
9.779107073812739,7.887922131750349,0.7849879329465759,50.18768964694952,-6571.001180214856
9.779107073812739,7.887922131750349,0.7849879329465759,50.18768964694952,-6571.001180214856
10.716318099952664,6.627908815503296,0.6003098124110943,49.843127674201256,-6574.649248779666
10.716318099952664,6.627908815503296,0.6003098124110943,49.843127674201256,-6574.649248779666
10.716318099952664,6.627908815503296,0.6003098124110943,49.843127674201256,-6574.649248779666
10.716318099952664,6.627908815503296,0.6003098124110943,49.843127674201256,-6574.649248779666
10.269321739087516,8.285803174120122,0.8582858083002822,50.773645234245684,-6570.838145213651
10.269321739087516,8.285803174120122,0.8582858083002822,50.773645234245684,-6570.838145213651
10.269321739087516,8.285803174120122,0.8582858083002822,50.773645234245684,-6570.838145213651
10.269321739087516,8.285803174120122,0.8582858083002822,50.773645234245684,-6570.838145213651
10.269321739087516,8.285803174120122,0.8582858083002822,50.773645234245684,-6570.838145213651
10.269321739087516,8.285803174120122,0.8582858083002822,50.773645234245684,-6570.838145213651
10.269321739087516,8.285803174120122,0.8582858083002822,50.773645234245684,-6570.838145213651
10.269321739087516,8.285803174120122,0.8582858083002822,50.773645234245684,-6570.838145213651
10.269321739087516,8.285803174120122,0.8582858083002822,50.773645234245684,-6570.838145213651
10.269321739087516,8.285803174120122,0.8582858083002822,50.773645234245684,-6570.838145213651
10.269321739087516,8.285803174120122,0.8582858083002822,50.773645234245684,-6570.838145213651
10.269321739087516,8.285803174120122,0.8582858083002822,50.773645234245684,-6570.838145213651
10.269321739087516,8.285803174120122,0.8582858083002822,50.773645234245684,-6570.838145213651
10.269321739087516,8.285803174120122,0.8582858083002822,50.773645234245684,-6570.838145213651
10.269321739087516,8.285803174120122,0.8582858083002822,50.773645234245684,-6570.838145213651
10.269321739087516,8.285803174120122,0.8582858083002822,50.773645234245684,-6570.838145213651
10.357874704878919,7.801056169579626,0.72976222996503,51.276596280512756,-6571.575347185712
10.357874704878919,7.801056169579626,0.72976222996503,51.276596280512756,-6571.575347185712
9.494919284891019,10.906055258386537,0.6969201953640954,51.163152023524496,-6571.897610044524
9.494919284891019,10.906055258386537,0.6969201953640954,51.163152023524496,-6571.897610044524
9.494919284891019,10.906055258386537,0.6969201953640954,51.163152023524496,-6571.897610044524
9.494919284891019,10.906055258386537,0.6969201953640954,51.163152023524496,-6571.897610044524
9.494919284891019,10.906055258386537,0.6969201953640954,51.163152023524496,-6571.897610044524
9.494919284891019,10.906055258386537,0.6969201953640954,51.163152023524496,-6571.897610044524
9.494919284891019,10.906055258386537,0.6969201953640954,51.163152023524496,-6571.897610044524
9.494919284891019,10.906055258386537,0.6969201953640954,51.163152023524496,-6571.897610044524
8.714731236830671,11.088221995237802,0.8832816076324095,51.51847742221888,-6574.613552686641
8.726955145587656,8.85904046030354,0.9211523227460039,51.03977599780826,-6573.973925323483
10.474621429352432,9.11715182632435,0.9057785791481866,51.43926045665946,-6574.488573408289
10.474621429352432,9.11715182632435,0.9057785791481866,51.43926045665946,-6574.488573408289
10.474621429352432,9.11715182632435,0.9057785791481866,51.43926045665946,-6574.488573408289
10.474621429352432,9.11715182632435,0.9057785791481866,51.43926045665946,-6574.488573408289
10.474621429352432,9.11715182632435,0.9057785791481866,51.43926045665946,-6574.488573408289
10.474621429352432,9.11715182632435,0.9057785791481866,51.43926045665946,-6574.488573408289
10.474621429352432,9.11715182632435,0.9057785791481866,51.43926045665946,-6574.488573408289
10.474621429352432,9.11715182632435,0.9057785791481866,51.43926045665946,-6574.488573408289
10.474621429352432,9.11715182632435,0.9057785791481866,51.43926045665946,-6574.488573408289
8.998049040612042,10.176693044630827,0.9898321827281717,51.26365642294552,-6574.152600523909
8.998049040612042,10.176693044630827,0.9898321827281717,51.26365642294552,-6574.152600523909
8.998049040612042,10.176693044630827,0.9898321827281717,51.26365642294552,-6574.152600523909
8.998049040612042,10.176693044630827,0.9898321827281717,51.26365642294552,-6574.152600523909
8.150157627765221,10.824689137203372,1.0124834534151568,50.894878950212174,-6575.034995640626
8.29950405297617,12.062997519974676,1.0104382699626544,50.494471054625116,-6575.132925231594
8.29950405297617,12.062997519974676,1.0104382699626544,50.494471054625116,-6575.132925231594
8.29950405297617,12.062997519974676,1.0104382699626544,50.494471054625116,-6575.132925231594
8.29950405297617,12.062997519974676,1.0104382699626544,50.494471054625116,-6575.132925231594
9.632196902960208,9.445988606692488,1.0019958706096996,50.6217606827328,-6572.8227732428495
9.632196902960208,9.445988606692488,1.0019958706096996,50.6217606827328,-6572.8227732428495
9.632196902960208,9.445988606692488,1.0019958706096996,50.6217606827328,-6572.8227732428495
9.632196902960208,9.445988606692488,1.0019958706096996,50.6217606827328,-6572.8227732428495
9.632196902960208,9.445988606692488,1.0019958706096996,50.6217606827328,-6572.8227732428495
9.632196902960208,9.445988606692488,1.0019958706096996,50.6217606827328,-6572.8227732428495
9.632196902960208,9.445988606692488,1.0019958706096996,50.6217606827328,-6572.8227732428495
9.632196902960208,9.445988606692488,1.0019958706096996,50.6217606827328,-6572.8227732428495
9.632196902960208,9.445988606692488,1.0019958706096996,50.6217606827328,-6572.8227732428495
9.632196902960208,9.445988606692488,1.0019958706096996,50.6217606827328,-6572.8227732428495
9.632196902960208,9.445988606692488,1.0019958706096996,50.6217606827328,-6572.8227732428495
9.194364869075303,10.015144989095923,0.8599796553510572,50.70763138118863,-6571.340740238864
9.194364869075303,10.015144989095923,0.8599796553510572,50.70763138118863,-6571.340740238864
9.194364869075303,10.015144989095923,0.8599796553510572,50.70763138118863,-6571.340740238864
9.458303613897039,10.071838084055578,0.7499394863420258,49.58832876272444,-6571.408469294725
8.80900756271585,11.349340539001181,0.7300466028705261,49.775004480106226,-6572.022601538467
8.80900756271585,11.349340539001181,0.7300466028705261,49.775004480106226,-6572.022601538467
9.769003801441531,10.180041168590343,0.6966478653972996,50.52625757044466,-6570.569383357231
9.769003801441531,10.180041168590343,0.6966478653972996,50.52625757044466,-6570.569383357231
9.769003801441531,10.180041168590343,0.6966478653972996,50.52625757044466,-6570.569383357231
9.769003801441531,10.180041168590343,0.6966478653972996,50.52625757044466,-6570.569383357231
9.769003801441531,10.180041168590343,0.6966478653972996,50.52625757044466,-6570.569383357231
9.769003801441531,10.180041168590343,0.6966478653972996,50.52625757044466,-6570.569383357231
9.769003801441531,10.180041168590343,0.6966478653972996,50.52625757044466,-6570.569383357231
9.769003801441531,10.180041168590343,0.6966478653972996,50.52625757044466,-6570.569383357231
9.769003801441531,10.180041168590343,0.6966478653972996,50.52625757044466,-6570.569383357231
9.769003801441531,10.180041168590343,0.6966478653972996,50.52625757044466,-6570.569383357231
9.769003801441531,10.180041168590343,0.6966478653972996,50.52625757044466,-6570.569383357231
9.769003801441531,10.180041168590343,0.6966478653972996,50.52625757044466,-6570.569383357231
9.769003801441531,10.180041168590343,0.6966478653972996,50.52625757044466,-6570.569383357231
9.769003801441531,10.180041168590343,0.6966478653972996,50.52625757044466,-6570.569383357231
9.769003801441531,10.180041168590343,0.6966478653972996,50.52625757044466,-6570.569383357231
9.769003801441531,10.180041168590343,0.6966478653972996,50.52625757044466,-6570.569383357231
9.769003801441531,10.180041168590343,0.6966478653972996,50.52625757044466,-6570.569383357231
9.769003801441531,10.180041168590343,0.6966478653972996,50.52625757044466,-6570.569383357231
9.769003801441531,10.180041168590343,0.6966478653972996,50.52625757044466,-6570.569383357231
9.769003801441531,10.180041168590343,0.6966478653972996,50.52625757044466,-6570.569383357231
9.769003801441531,10.180041168590343,0.6966478653972996,50.52625757044466,-6570.569383357231
9.769003801441531,10.180041168590343,0.6966478653972996,50.52625757044466,-6570.569383357231
9.769003801441531,10.180041168590343,0.6966478653972996,50.52625757044466,-6570.569383357231
9.769003801441531,10.180041168590343,0.6966478653972996,50.52625757044466,-6570.569383357231
9.78462155415983,10.20601140715563,0.8097629312082071,50.975852185679344,-6571.801639892297
9.78462155415983,10.20601140715563,0.8097629312082071,50.975852185679344,-6571.801639892297
10.349046217617357,8.932762846599235,0.8331459239169232,51.29941035034857,-6572.332363934585
10.349046217617357,8.932762846599235,0.8331459239169232,51.29941035034857,-6572.332363934585
10.349046217617357,8.932762846599235,0.8331459239169232,51.29941035034857,-6572.332363934585
10.349046217617357,8.932762846599235,0.8331459239169232,51.29941035034857,-6572.332363934585
10.349046217617357,8.932762846599235,0.8331459239169232,51.29941035034857,-6572.332363934585
9.684261291387008,10.655176991925858,0.8679224089030941,50.035245521533845,-6572.573630808887
9.684261291387008,10.655176991925858,0.8679224089030941,50.035245521533845,-6572.573630808887
9.684261291387008,10.655176991925858,0.8679224089030941,50.035245521533845,-6572.573630808887
9.684261291387008,10.655176991925858,0.8679224089030941,50.035245521533845,-6572.573630808887
8.873466820406211,9.646437244650581,0.8118250379092946,49.70066634386475,-6572.328661553345
8.873466820406211,9.646437244650581,0.8118250379092946,49.70066634386475,-6572.328661553345
8.873466820406211,9.646437244650581,0.8118250379092946,49.70066634386475,-6572.328661553345
8.873466820406211,9.646437244650581,0.8118250379092946,49.70066634386475,-6572.328661553345
8.873466820406211,9.646437244650581,0.8118250379092946,49.70066634386475,-6572.328661553345
8.873466820406211,9.646437244650581,0.8118250379092946,49.70066634386475,-6572.328661553345
8.873466820406211,9.646437244650581,0.8118250379092946,49.70066634386475,-6572.328661553345
8.873466820406211,9.646437244650581,0.8118250379092946,49.70066634386475,-6572.328661553345
8.873466820406211,9.646437244650581,0.8118250379092946,49.70066634386475,-6572.328661553345
8.873466820406211,9.646437244650581,0.8118250379092946,49.70066634386475,-6572.328661553345
9.21260293741164,9.15355946622636,0.981110494289002,50.39472547495927,-6571.866619673667
9.21260293741164,9.15355946622636,0.981110494289002,50.39472547495927,-6571.866619673667
9.21260293741164,9.15355946622636,0.981110494289002,50.39472547495927,-6571.866619673667
9.21260293741164,9.15355946622636,0.981110494289002,50.39472547495927,-6571.866619673667
9.21260293741164,9.15355946622636,0.981110494289002,50.39472547495927,-6571.866619673667
9.21260293741164,9.15355946622636,0.981110494289002,50.39472547495927,-6571.866619673667
9.322880961986451,9.614243139421685,0.7552944669138411,49.926959998639354,-6570.986671651604
9.322880961986451,9.614243139421685,0.7552944669138411,49.926959998639354,-6570.986671651604
9.322880961986451,9.614243139421685,0.7552944669138411,49.926959998639354,-6570.986671651604
9.322880961986451,9.614243139421685,0.7552944669138411,49.926959998639354,-6570.986671651604
9.322880961986451,9.614243139421685,0.7552944669138411,49.926959998639354,-6570.986671651604
9.322880961986451,9.614243139421685,0.7552944669138411,49.926959998639354,-6570.986671651604
9.208741470538852,8.250196790128982,0.8573992074823176,50.46572948369912,-6572.006623369054
9.208741470538852,8.250196790128982,0.8573992074823176,50.46572948369912,-6572.006623369054
9.208741470538852,8.250196790128982,0.8573992074823176,50.46572948369912,-6572.006623369054
9.274369328278604,9.647478460836686,0.9911686087231355,49.69186761923811,-6572.7691656311235
9.274369328278604,9.647478460836686,0.9911686087231355,49.69186761923811,-6572.7691656311235
9.714148601236715,8.172160171549148,1.0619605479163772,49.63071947631771,-6573.09906110964
9.714148601236715,8.172160171549148,1.0619605479163772,49.63071947631771,-6573.09906110964
9.714148601236715,8.172160171549148,1.0619605479163772,49.63071947631771,-6573.09906110964
10.045268633395999,9.353155119574028,0.8134330799782783,49.24396993427921,-6572.542124218115
9.891300699218675,10.130577439056244,0.686133550330783,49.219480264070135,-6572.665318380237
9.245933964966994,8.482493753094781,0.7640192623725754,50.46817908202035,-6572.268160605378
9.060802858190977,7.9541514182856,0.9585924587582693,50.65040321756971,-6573.041794401274
9.060802858190977,7.9541514182856,0.9585924587582693,50.65040321756971,-6573.041794401274
9.060802858190977,7.9541514182856,0.9585924587582693,50.65040321756971,-6573.041794401274
9.060802858190977,7.9541514182856,0.9585924587582693,50.65040321756971,-6573.041794401274
10.620698935232268,9.257830259047594,0.6640479149001453,50.29979751077566,-6570.92202972802
10.620698935232268,9.257830259047594,0.6640479149001453,50.29979751077566,-6570.92202972802
10.620698935232268,9.257830259047594,0.6640479149001453,50.29979751077566,-6570.92202972802
10.620698935232268,9.257830259047594,0.6640479149001453,50.29979751077566,-6570.92202972802
10.620698935232268,9.257830259047594,0.6640479149001453,50.29979751077566,-6570.92202972802
10.620698935232268,9.257830259047594,0.6640479149001453,50.29979751077566,-6570.92202972802
10.620698935232268,9.257830259047594,0.6640479149001453,50.29979751077566,-6570.92202972802
10.620698935232268,9.257830259047594,0.6640479149001453,50.29979751077566,-6570.92202972802
10.620698935232268,9.257830259047594,0.6640479149001453,50.29979751077566,-6570.92202972802
9.51416527593139,9.700244935836173,0.8357924244894493,50.58530659659463,-6570.797885962348
9.51416527593139,9.700244935836173,0.8357924244894493,50.58530659659463,-6570.797885962348
9.51416527593139,9.700244935836173,0.8357924244894493,50.58530659659463,-6570.797885962348
9.51416527593139,9.700244935836173,0.8357924244894493,50.58530659659463,-6570.797885962348
9.805666953230341,8.709581155095975,0.7982755135701932,51.16771915812719,-6571.3160107453
10.594081250802976,9.788682435288841,0.8244300130079956,51.46812862748309,-6574.860134715366
10.594081250802976,9.788682435288841,0.8244300130079956,51.46812862748309,-6574.860134715366
10.594081250802976,9.788682435288841,0.8244300130079956,51.46812862748309,-6574.860134715366
8.987394295415918,10.271676852960901,0.8669009940082953,51.03123725589067,-6572.261749311115
8.987394295415918,10.271676852960901,0.8669009940082953,51.03123725589067,-6572.261749311115
8.987394295415918,10.271676852960901,0.8669009940082953,51.03123725589067,-6572.261749311115
8.987394295415918,10.271676852960901,0.8669009940082953,51.03123725589067,-6572.261749311115
8.987394295415918,10.271676852960901,0.8669009940082953,51.03123725589067,-6572.261749311115
8.40726211313876,11.244891331081448,0.8168507735945758,50.626569182847845,-6572.65422236726
8.40726211313876,11.244891331081448,0.8168507735945758,50.626569182847845,-6572.65422236726
8.40726211313876,11.244891331081448,0.8168507735945758,50.626569182847845,-6572.65422236726
8.40726211313876,11.244891331081448,0.8168507735945758,50.626569182847845,-6572.65422236726
8.984063255045374,11.286983805914335,0.5792919891864251,50.521433092234375,-6572.7342911459145
9.55162181857449,9.835078906903249,0.6521937954087409,49.69918950272583,-6571.712149724131
10.207107350104296,11.221806493607076,0.5310878376029677,50.48111271101478,-6572.421868487144
10.207107350104296,11.221806493607076,0.5310878376029677,50.48111271101478,-6572.421868487144
10.207107350104296,11.221806493607076,0.5310878376029677,50.48111271101478,-6572.421868487144
9.64262375783807,10.325081875361152,0.6046177417007246,49.66909568525299,-6572.088495591971
9.64262375783807,10.325081875361152,0.6046177417007246,49.66909568525299,-6572.088495591971
9.052402097593177,10.44377046467088,0.7601213095444795,50.04437850833593,-6571.140053728068
9.052402097593177,10.44377046467088,0.7601213095444795,50.04437850833593,-6571.140053728068
9.086640055560506,11.682902979619243,0.6336089041247341,49.79124407644106,-6572.184220002571
9.086640055560506,11.682902979619243,0.6336089041247341,49.79124407644106,-6572.184220002571
9.086640055560506,11.682902979619243,0.6336089041247341,49.79124407644106,-6572.184220002571
8.84630393219458,8.85696374303948,0.756453844681374,50.193958156547566,-6573.81847907352
8.84630393219458,8.85696374303948,0.756453844681374,50.193958156547566,-6573.81847907352
8.84630393219458,8.85696374303948,0.756453844681374,50.193958156547566,-6573.81847907352
9.34312210910637,9.533971575098693,0.6547738934417529,51.017624655241775,-6572.524276090889
9.34312210910637,9.533971575098693,0.6547738934417529,51.017624655241775,-6572.524276090889
9.34312210910637,9.533971575098693,0.6547738934417529,51.017624655241775,-6572.524276090889
9.34312210910637,9.533971575098693,0.6547738934417529,51.017624655241775,-6572.524276090889
8.852641919329386,10.52154722984887,0.8278945914225028,51.651928503474075,-6574.408321007494
8.852641919329386,10.52154722984887,0.8278945914225028,51.651928503474075,-6574.408321007494
8.481792962890971,13.215624611301557,0.7781981982066155,51.08560875378857,-6574.551954576855
8.567176128325343,10.982701587864776,0.7515441293064162,50.350777329580275,-6572.163060357065
8.70173021315476,11.498923303959156,0.7303983091840766,50.814419073074134,-6572.198023460733
8.70173021315476,11.498923303959156,0.7303983091840766,50.814419073074134,-6572.198023460733
8.70173021315476,11.498923303959156,0.7303983091840766,50.814419073074134,-6572.198023460733
8.70173021315476,11.498923303959156,0.7303983091840766,50.814419073074134,-6572.198023460733
8.70173021315476,11.498923303959156,0.7303983091840766,50.814419073074134,-6572.198023460733
8.70173021315476,11.498923303959156,0.7303983091840766,50.814419073074134,-6572.198023460733
8.70173021315476,11.498923303959156,0.7303983091840766,50.814419073074134,-6572.198023460733
8.660101459930809,9.5382737164333,0.8836286872339605,50.46092845547526,-6572.555963410963
10.059277580532108,10.090372896478929,0.9085416179398783,50.33219748948446,-6573.280723670985
10.342318860997475,7.876717629318962,0.7277560499551254,50.740867354475846,-6570.525341308354
10.342318860997475,7.876717629318962,0.7277560499551254,50.740867354475846,-6570.525341308354
10.922530572164263,7.999211405611438,0.7746714685994965,51.18505010279034,-6571.771789709761
10.922530572164263,7.999211405611438,0.7746714685994965,51.18505010279034,-6571.771789709761
10.922530572164263,7.999211405611438,0.7746714685994965,51.18505010279034,-6571.771789709761
10.922530572164263,7.999211405611438,0.7746714685994965,51.18505010279034,-6571.771789709761
10.922530572164263,7.999211405611438,0.7746714685994965,51.18505010279034,-6571.771789709761
10.922530572164263,7.999211405611438,0.7746714685994965,51.18505010279034,-6571.771789709761
10.922530572164263,7.999211405611438,0.7746714685994965,51.18505010279034,-6571.771789709761
10.922530572164263,7.999211405611438,0.7746714685994965,51.18505010279034,-6571.771789709761
12.272474895764372,5.323259660479621,0.8319347629047191,50.88211010627275,-6573.578243203294
11.985412680699056,6.4177224087149245,0.8061897415901221,51.531065208159134,-6574.594067133448
11.805247365741385,6.015685639790278,0.82152912830478,50.789259455169166,-6572.34281576494
11.805247365741385,6.015685639790278,0.82152912830478,50.789259455169166,-6572.34281576494
11.805247365741385,6.015685639790278,0.82152912830478,50.789259455169166,-6572.34281576494
11.805247365741385,6.015685639790278,0.82152912830478,50.789259455169166,-6572.34281576494
11.805247365741385,6.015685639790278,0.82152912830478,50.789259455169166,-6572.34281576494
11.805247365741385,6.015685639790278,0.82152912830478,50.789259455169166,-6572.34281576494
11.805247365741385,6.015685639790278,0.82152912830478,50.789259455169166,-6572.34281576494
11.994418489904588,5.118882437797905,0.8148339323070266,50.818323756162926,-6572.54059607197
11.994418489904588,5.118882437797905,0.8148339323070266,50.818323756162926,-6572.54059607197
11.361868150542096,5.892280897297662,0.8240889299710368,50.84999301006761,-6571.501136220977
10.66521780988996,7.1214755123574465,0.8289018182465886,49.9485886364223,-6570.739954393484
9.617351510939645,8.458833042143475,0.7681975046254427,50.511391085596514,-6570.87987503122
9.617351510939645,8.458833042143475,0.7681975046254427,50.511391085596514,-6570.87987503122
9.617351510939645,8.458833042143475,0.7681975046254427,50.511391085596514,-6570.87987503122
9.617351510939645,8.458833042143475,0.7681975046254427,50.511391085596514,-6570.87987503122
9.617351510939645,8.458833042143475,0.7681975046254427,50.511391085596514,-6570.87987503122
9.617351510939645,8.458833042143475,0.7681975046254427,50.511391085596514,-6570.87987503122
9.617351510939645,8.458833042143475,0.7681975046254427,50.511391085596514,-6570.87987503122
9.617351510939645,8.458833042143475,0.7681975046254427,50.511391085596514,-6570.87987503122
10.21151302675604,8.004500421410562,0.6720309266881999,49.69564987677003,-6571.824762830261
10.21151302675604,8.004500421410562,0.6720309266881999,49.69564987677003,-6571.824762830261
10.21151302675604,8.004500421410562,0.6720309266881999,49.69564987677003,-6571.824762830261
9.561317944714014,9.41250019538625,0.7041170590854151,50.02812586702814,-6570.840471283329
10.269979083241717,8.845665120161495,0.6457091071014188,49.64170594885965,-6571.555654613336
9.977810962116878,9.505348472592365,0.6876802224159523,49.438729096558454,-6571.75025535577
9.977810962116878,9.505348472592365,0.6876802224159523,49.438729096558454,-6571.75025535577
9.977810962116878,9.505348472592365,0.6876802224159523,49.438729096558454,-6571.75025535577
9.897684017496006,10.221980253543853,0.7089981966377887,49.633895234129625,-6571.526539411643
9.897684017496006,10.221980253543853,0.7089981966377887,49.633895234129625,-6571.526539411643
9.897684017496006,10.221980253543853,0.7089981966377887,49.633895234129625,-6571.526539411643
9.897684017496006,10.221980253543853,0.7089981966377887,49.633895234129625,-6571.526539411643
9.897684017496006,10.221980253543853,0.7089981966377887,49.633895234129625,-6571.526539411643
9.897684017496006,10.221980253543853,0.7089981966377887,49.633895234129625,-6571.526539411643
9.897684017496006,10.221980253543853,0.7089981966377887,49.633895234129625,-6571.526539411643
9.897684017496006,10.221980253543853,0.7089981966377887,49.633895234129625,-6571.526539411643
9.897684017496006,10.221980253543853,0.7089981966377887,49.633895234129625,-6571.526539411643
9.897684017496006,10.221980253543853,0.7089981966377887,49.633895234129625,-6571.526539411643
9.790004833344694,11.879338938116515,0.6816723183800432,50.45582408641402,-6572.639537837122
9.790004833344694,11.879338938116515,0.6816723183800432,50.45582408641402,-6572.639537837122
8.523650956210282,13.007558438370737,0.6506951368778069,50.465815446173856,-6572.946948888693
8.523650956210282,13.007558438370737,0.6506951368778069,50.465815446173856,-6572.946948888693
8.523650956210282,13.007558438370737,0.6506951368778069,50.465815446173856,-6572.946948888693
8.523650956210282,13.007558438370737,0.6506951368778069,50.465815446173856,-6572.946948888693
8.523650956210282,13.007558438370737,0.6506951368778069,50.465815446173856,-6572.946948888693
9.23235502465249,12.580040790457286,0.5071137344964142,49.1390651454572,-6576.048293790255
8.75306688079972,10.848495890287467,0.6569320375210099,49.690495062379206,-6573.229390267552
8.75306688079972,10.848495890287467,0.6569320375210099,49.690495062379206,-6573.229390267552
8.75306688079972,10.848495890287467,0.6569320375210099,49.690495062379206,-6573.229390267552
8.75306688079972,10.848495890287467,0.6569320375210099,49.690495062379206,-6573.229390267552
8.75306688079972,10.848495890287467,0.6569320375210099,49.690495062379206,-6573.229390267552
8.75306688079972,10.848495890287467,0.6569320375210099,49.690495062379206,-6573.229390267552
8.75306688079972,10.848495890287467,0.6569320375210099,49.690495062379206,-6573.229390267552
8.75306688079972,10.848495890287467,0.6569320375210099,49.690495062379206,-6573.229390267552
8.971872656209658,10.848053492571998,0.602825554537754,50.26736822433545,-6572.661133039696
8.971872656209658,10.848053492571998,0.602825554537754,50.26736822433545,-6572.661133039696
8.971872656209658,10.848053492571998,0.602825554537754,50.26736822433545,-6572.661133039696
9.78956843516885,7.2677884873105185,0.7689856273156755,50.93060893619839,-6572.773227669913
10.032682755168144,6.906463827076178,0.8681417271261992,51.1085578054996,-6572.128252697748
11.0273019217181,8.253915538818877,0.7460660466014626,50.72407634050688,-6571.3726882976625
11.0273019217181,8.253915538818877,0.7460660466014626,50.72407634050688,-6571.3726882976625
11.0273019217181,8.253915538818877,0.7460660466014626,50.72407634050688,-6571.3726882976625
11.0273019217181,8.253915538818877,0.7460660466014626,50.72407634050688,-6571.3726882976625
11.0273019217181,8.253915538818877,0.7460660466014626,50.72407634050688,-6571.3726882976625
11.0273019217181,8.253915538818877,0.7460660466014626,50.72407634050688,-6571.3726882976625
10.754643243040961,7.29768485928572,0.7437685919337239,50.21913989019184,-6570.4783093075
10.754643243040961,7.29768485928572,0.7437685919337239,50.21913989019184,-6570.4783093075
11.514786566073829,5.436214648203569,0.798105324302798,49.65741945864705,-6572.541748581963
11.514786566073829,5.436214648203569,0.798105324302798,49.65741945864705,-6572.541748581963
11.514786566073829,5.436214648203569,0.798105324302798,49.65741945864705,-6572.541748581963
10.486685942712496,8.221161546090476,0.7336205408845423,50.39449749095702,-6570.214093476398
10.486685942712496,8.221161546090476,0.7336205408845423,50.39449749095702,-6570.214093476398
10.486685942712496,8.221161546090476,0.7336205408845423,50.39449749095702,-6570.214093476398
10.486685942712496,8.221161546090476,0.7336205408845423,50.39449749095702,-6570.214093476398
10.486685942712496,8.221161546090476,0.7336205408845423,50.39449749095702,-6570.214093476398
10.486685942712496,8.221161546090476,0.7336205408845423,50.39449749095702,-6570.214093476398
10.486685942712496,8.221161546090476,0.7336205408845423,50.39449749095702,-6570.214093476398
10.486685942712496,8.221161546090476,0.7336205408845423,50.39449749095702,-6570.214093476398
10.421876367111034,8.95093349053712,0.6470116607058028,50.124776808280416,-6570.704365105694
10.421876367111034,8.95093349053712,0.6470116607058028,50.124776808280416,-6570.704365105694
10.421876367111034,8.95093349053712,0.6470116607058028,50.124776808280416,-6570.704365105694
10.493145572475608,7.815733567272085,0.7018960336962174,50.780807648299636,-6570.657378101045
10.493145572475608,7.815733567272085,0.7018960336962174,50.780807648299636,-6570.657378101045
10.493145572475608,7.815733567272085,0.7018960336962174,50.780807648299636,-6570.657378101045
11.282177021040571,6.214048831105169,0.8135898846264169,50.906441691012326,-6571.393793464489
11.483354049551146,5.066515587886646,0.8228421098908141,51.08023517181011,-6572.481856334423
11.483354049551146,5.066515587886646,0.8228421098908141,51.08023517181011,-6572.481856334423
11.391714417048945,6.323815153717225,0.7235512748747709,50.85029626882303,-6571.4204005994525
11.391714417048945,6.323815153717225,0.7235512748747709,50.85029626882303,-6571.4204005994525
11.391714417048945,6.323815153717225,0.7235512748747709,50.85029626882303,-6571.4204005994525
11.391714417048945,6.323815153717225,0.7235512748747709,50.85029626882303,-6571.4204005994525
11.391714417048945,6.323815153717225,0.7235512748747709,50.85029626882303,-6571.4204005994525
11.182221984222803,6.855464443930295,0.6488138602154326,50.328009849161354,-6571.483256104508
11.182221984222803,6.855464443930295,0.6488138602154326,50.328009849161354,-6571.483256104508
11.182221984222803,6.855464443930295,0.6488138602154326,50.328009849161354,-6571.483256104508
11.373350320987589,6.412145315787394,0.7099644241870003,49.96098788895727,-6571.606807926492
11.373350320987589,6.412145315787394,0.7099644241870003,49.96098788895727,-6571.606807926492
11.373350320987589,6.412145315787394,0.7099644241870003,49.96098788895727,-6571.606807926492
11.373350320987589,6.412145315787394,0.7099644241870003,49.96098788895727,-6571.606807926492
11.373350320987589,6.412145315787394,0.7099644241870003,49.96098788895727,-6571.606807926492
11.373350320987589,6.412145315787394,0.7099644241870003,49.96098788895727,-6571.606807926492
11.373350320987589,6.412145315787394,0.7099644241870003,49.96098788895727,-6571.606807926492
11.373350320987589,6.412145315787394,0.7099644241870003,49.96098788895727,-6571.606807926492
11.373350320987589,6.412145315787394,0.7099644241870003,49.96098788895727,-6571.606807926492
11.373350320987589,6.412145315787394,0.7099644241870003,49.96098788895727,-6571.606807926492
11.373350320987589,6.412145315787394,0.7099644241870003,49.96098788895727,-6571.606807926492
11.373350320987589,6.412145315787394,0.7099644241870003,49.96098788895727,-6571.606807926492
11.373350320987589,6.412145315787394,0.7099644241870003,49.96098788895727,-6571.606807926492
11.373350320987589,6.412145315787394,0.7099644241870003,49.96098788895727,-6571.606807926492
11.373350320987589,6.412145315787394,0.7099644241870003,49.96098788895727,-6571.606807926492
11.373350320987589,6.412145315787394,0.7099644241870003,49.96098788895727,-6571.606807926492
11.373350320987589,6.412145315787394,0.7099644241870003,49.96098788895727,-6571.606807926492
11.725266792011926,8.21690550220838,0.6118707004889012,49.9161252269517,-6573.443442507551
11.725266792011926,8.21690550220838,0.6118707004889012,49.9161252269517,-6573.443442507551
11.725266792011926,8.21690550220838,0.6118707004889012,49.9161252269517,-6573.443442507551
11.687460367985937,6.39635994967705,0.577284338682885,50.08839071846652,-6573.41887721628
11.687460367985937,6.39635994967705,0.577284338682885,50.08839071846652,-6573.41887721628
11.687460367985937,6.39635994967705,0.577284338682885,50.08839071846652,-6573.41887721628
11.687460367985937,6.39635994967705,0.577284338682885,50.08839071846652,-6573.41887721628
11.687460367985937,6.39635994967705,0.577284338682885,50.08839071846652,-6573.41887721628
11.687460367985937,6.39635994967705,0.577284338682885,50.08839071846652,-6573.41887721628
11.132785268960456,6.30410117019994,0.6508447336616077,49.63690284215658,-6573.336713764803
11.132785268960456,6.30410117019994,0.6508447336616077,49.63690284215658,-6573.336713764803
10.595884187862014,5.244404328663952,0.7683245310089336,50.393024087716476,-6574.285902468462
12.022112557449839,6.863070504539723,0.7567818724391563,49.997153417854214,-6573.590225357275
12.35611595147232,5.479985282730116,0.8323985615291694,51.0239889608696,-6574.22496553428
12.35611595147232,5.479985282730116,0.8323985615291694,51.0239889608696,-6574.22496553428
12.35611595147232,5.479985282730116,0.8323985615291694,51.0239889608696,-6574.22496553428
11.664060398332413,3.9253289931720152,0.8304992065280955,51.135729909298014,-6574.333337287145
11.664060398332413,3.9253289931720152,0.8304992065280955,51.135729909298014,-6574.333337287145
11.664060398332413,3.9253289931720152,0.8304992065280955,51.135729909298014,-6574.333337287145
12.848106777466192,3.22613314699744,0.9392816685649689,51.38461639676957,-6576.641364967785
12.848106777466192,3.22613314699744,0.9392816685649689,51.38461639676957,-6576.641364967785
12.848106777466192,3.22613314699744,0.9392816685649689,51.38461639676957,-6576.641364967785
12.848106777466192,3.22613314699744,0.9392816685649689,51.38461639676957,-6576.641364967785
12.63018833154852,2.9493999978399126,0.7941358828871806,51.011793343156604,-6575.603434911965
12.743629890156667,5.61337695367619,0.9073703808063872,50.47896889176162,-6577.337116324583
12.826665415255635,4.378570831308329,0.8143473761560543,50.08533598165638,-6574.911660309817
11.988322121257593,6.731347794131553,0.8264454271116504,49.98778981473454,-6574.1195206440425
10.910451884840526,8.99578170618138,0.7624905958304279,50.14302642839928,-6572.191816895963
10.910451884840526,8.99578170618138,0.7624905958304279,50.14302642839928,-6572.191816895963
10.910451884840526,8.99578170618138,0.7624905958304279,50.14302642839928,-6572.191816895963
10.910451884840526,8.99578170618138,0.7624905958304279,50.14302642839928,-6572.191816895963
9.556110224359838,9.45069641433441,0.8808077964962944,49.68590673955796,-6571.506126107108
9.556110224359838,9.45069641433441,0.8808077964962944,49.68590673955796,-6571.506126107108
9.556110224359838,9.45069641433441,0.8808077964962944,49.68590673955796,-6571.506126107108
9.556110224359838,9.45069641433441,0.8808077964962944,49.68590673955796,-6571.506126107108
9.556110224359838,9.45069641433441,0.8808077964962944,49.68590673955796,-6571.506126107108
9.556110224359838,9.45069641433441,0.8808077964962944,49.68590673955796,-6571.506126107108
9.760206067520842,8.927587919290993,0.9052959334166489,50.43656385881422,-6570.953831233017
9.760206067520842,8.927587919290993,0.9052959334166489,50.43656385881422,-6570.953831233017
9.070118075552848,10.662611052539923,0.7686683364457361,49.88553263913151,-6571.312268797421
9.070118075552848,10.662611052539923,0.7686683364457361,49.88553263913151,-6571.312268797421
9.070118075552848,10.662611052539923,0.7686683364457361,49.88553263913151,-6571.312268797421
9.070118075552848,10.662611052539923,0.7686683364457361,49.88553263913151,-6571.312268797421
9.070118075552848,10.662611052539923,0.7686683364457361,49.88553263913151,-6571.312268797421
9.070118075552848,10.662611052539923,0.7686683364457361,49.88553263913151,-6571.312268797421
9.070118075552848,10.662611052539923,0.7686683364457361,49.88553263913151,-6571.312268797421
9.092463309419685,11.207002830893481,0.6795194253882241,50.308962124093725,-6571.2636380894055
9.092463309419685,11.207002830893481,0.6795194253882241,50.308962124093725,-6571.2636380894055
9.092463309419685,11.207002830893481,0.6795194253882241,50.308962124093725,-6571.2636380894055
9.092463309419685,11.207002830893481,0.6795194253882241,50.308962124093725,-6571.2636380894055
9.092463309419685,11.207002830893481,0.6795194253882241,50.308962124093725,-6571.2636380894055
9.092463309419685,11.207002830893481,0.6795194253882241,50.308962124093725,-6571.2636380894055
9.631350235520348,9.676985227673335,0.6981957379843341,50.14025137576123,-6570.57180984311
9.631350235520348,9.676985227673335,0.6981957379843341,50.14025137576123,-6570.57180984311
9.631350235520348,9.676985227673335,0.6981957379843341,50.14025137576123,-6570.57180984311
9.239861076175092,9.917320451737409,0.8678660111974122,50.58714365748551,-6571.199263594213
9.239861076175092,9.917320451737409,0.8678660111974122,50.58714365748551,-6571.199263594213
9.239861076175092,9.917320451737409,0.8678660111974122,50.58714365748551,-6571.199263594213
9.239861076175092,9.917320451737409,0.8678660111974122,50.58714365748551,-6571.199263594213
9.239861076175092,9.917320451737409,0.8678660111974122,50.58714365748551,-6571.199263594213
9.37711864029956,10.959783755631408,0.7250176862652441,51.32898141348196,-6572.456049236064
9.267994158184768,10.23387203974256,0.7420596930691236,51.17140616203355,-6571.85025979437
9.267994158184768,10.23387203974256,0.7420596930691236,51.17140616203355,-6571.85025979437
9.267994158184768,10.23387203974256,0.7420596930691236,51.17140616203355,-6571.85025979437
9.267994158184768,10.23387203974256,0.7420596930691236,51.17140616203355,-6571.85025979437
9.166571032983258,9.889524385340373,0.8010331365997796,50.10345393261645,-6570.928121105525
9.166571032983258,9.889524385340373,0.8010331365997796,50.10345393261645,-6570.928121105525
9.166571032983258,9.889524385340373,0.8010331365997796,50.10345393261645,-6570.928121105525
9.166571032983258,9.889524385340373,0.8010331365997796,50.10345393261645,-6570.928121105525
9.166571032983258,9.889524385340373,0.8010331365997796,50.10345393261645,-6570.928121105525
9.051998543628931,8.017730269054598,0.8256636636668024,49.711125219415415,-6574.170303546503
9.051998543628931,8.017730269054598,0.8256636636668024,49.711125219415415,-6574.170303546503
9.051998543628931,8.017730269054598,0.8256636636668024,49.711125219415415,-6574.170303546503
9.051998543628931,8.017730269054598,0.8256636636668024,49.711125219415415,-6574.170303546503
9.051998543628931,8.017730269054598,0.8256636636668024,49.711125219415415,-6574.170303546503
10.949554004541614,7.133977558221604,0.9713507800613481,50.04517154646445,-6572.659035843626
11.105089203177414,6.6897488273517425,0.6239986518291021,50.18269222185796,-6572.296180520386
11.105089203177414,6.6897488273517425,0.6239986518291021,50.18269222185796,-6572.296180520386
11.105089203177414,6.6897488273517425,0.6239986518291021,50.18269222185796,-6572.296180520386
11.105089203177414,6.6897488273517425,0.6239986518291021,50.18269222185796,-6572.296180520386
11.04629649684769,8.015725711540384,0.7427075983394148,49.60764179088353,-6572.034329543384
9.877914119808509,9.255895301624577,0.8468640589486154,49.41905342852196,-6571.958302893121
9.877914119808509,9.255895301624577,0.8468640589486154,49.41905342852196,-6571.958302893121
9.877914119808509,9.255895301624577,0.8468640589486154,49.41905342852196,-6571.958302893121
9.877914119808509,9.255895301624577,0.8468640589486154,49.41905342852196,-6571.958302893121
9.877914119808509,9.255895301624577,0.8468640589486154,49.41905342852196,-6571.958302893121
9.877914119808509,9.255895301624577,0.8468640589486154,49.41905342852196,-6571.958302893121
9.877914119808509,9.255895301624577,0.8468640589486154,49.41905342852196,-6571.958302893121
9.877914119808509,9.255895301624577,0.8468640589486154,49.41905342852196,-6571.958302893121
9.877914119808509,9.255895301624577,0.8468640589486154,49.41905342852196,-6571.958302893121
9.877914119808509,9.255895301624577,0.8468640589486154,49.41905342852196,-6571.958302893121
10.325298738757636,9.41266449932218,0.8289100616230856,49.41019297712212,-6572.924708589369
10.325298738757636,9.41266449932218,0.8289100616230856,49.41019297712212,-6572.924708589369
10.325298738757636,9.41266449932218,0.8289100616230856,49.41019297712212,-6572.924708589369
9.51551451679682,11.15121021999465,0.8910305377959363,49.33228439588062,-6574.664302516359
9.652980233372338,9.557998703483591,0.8725905104564146,50.20899444976638,-6570.996933616093
9.652980233372338,9.557998703483591,0.8725905104564146,50.20899444976638,-6570.996933616093
10.081554512749017,9.823960495888493,0.8457340995335284,49.888610730880316,-6572.100933727159
10.081554512749017,9.823960495888493,0.8457340995335284,49.888610730880316,-6572.100933727159
8.808344929420633,8.69993427911733,0.848956113348942,50.64701780844491,-6573.397219470454
8.808344929420633,8.69993427911733,0.848956113348942,50.64701780844491,-6573.397219470454
9.797767146039135,6.5438534938336534,0.915937258719039,49.89801062425488,-6572.7491001672515
9.797767146039135,6.5438534938336534,0.915937258719039,49.89801062425488,-6572.7491001672515
11.239072259152302,7.504800553539705,0.7023534842010966,49.60575138971559,-6572.090044283974
11.239072259152302,7.504800553539705,0.7023534842010966,49.60575138971559,-6572.090044283974
11.239072259152302,7.504800553539705,0.7023534842010966,49.60575138971559,-6572.090044283974
10.666014382287061,6.632144116440964,0.8047350125121002,49.651204438129334,-6571.551372594513
10.666014382287061,6.632144116440964,0.8047350125121002,49.651204438129334,-6571.551372594513
11.037115850664852,7.308022095962446,0.8205167660150133,50.70598436846971,-6571.1226785150275
10.507705736519993,8.414662613382482,0.7350686907540516,51.0143720228261,-6570.832382285484
10.507705736519993,8.414662613382482,0.7350686907540516,51.0143720228261,-6570.832382285484
10.507705736519993,8.414662613382482,0.7350686907540516,51.0143720228261,-6570.832382285484
10.507705736519993,8.414662613382482,0.7350686907540516,51.0143720228261,-6570.832382285484
9.91123766299182,9.745300143083622,0.7813078999923581,50.716459461565044,-6570.830212016709
9.91123766299182,9.745300143083622,0.7813078999923581,50.716459461565044,-6570.830212016709
9.91123766299182,9.745300143083622,0.7813078999923581,50.716459461565044,-6570.830212016709
9.91123766299182,9.745300143083622,0.7813078999923581,50.716459461565044,-6570.830212016709
9.91123766299182,9.745300143083622,0.7813078999923581,50.716459461565044,-6570.830212016709
9.91123766299182,9.745300143083622,0.7813078999923581,50.716459461565044,-6570.830212016709
9.91123766299182,9.745300143083622,0.7813078999923581,50.716459461565044,-6570.830212016709
10.265390332382514,6.445617675667029,0.7754535190608421,50.75568017607457,-6572.322452063365
10.265390332382514,6.445617675667029,0.7754535190608421,50.75568017607457,-6572.322452063365
10.265390332382514,6.445617675667029,0.7754535190608421,50.75568017607457,-6572.322452063365
11.084938610433511,6.83899751844097,0.9986775194696887,51.40492199388493,-6574.567866029585
11.084938610433511,6.83899751844097,0.9986775194696887,51.40492199388493,-6574.567866029585
11.084938610433511,6.83899751844097,0.9986775194696887,51.40492199388493,-6574.567866029585
11.084938610433511,6.83899751844097,0.9986775194696887,51.40492199388493,-6574.567866029585
10.049045540922075,8.38261464057539,1.0544589152301207,50.94303295499582,-6573.671769777206
9.561591300481146,9.328561998142455,0.9902651448525346,50.752309775866756,-6572.525935599569
9.561591300481146,9.328561998142455,0.9902651448525346,50.752309775866756,-6572.525935599569
9.16637591990682,10.391900395647697,0.9679567798327702,50.780968592644896,-6573.028140809788
9.16637591990682,10.391900395647697,0.9679567798327702,50.780968592644896,-6573.028140809788
9.16637591990682,10.391900395647697,0.9679567798327702,50.780968592644896,-6573.028140809788
9.16637591990682,10.391900395647697,0.9679567798327702,50.780968592644896,-6573.028140809788
8.280348152979803,12.474650678351749,0.7100514505209496,51.211362370353534,-6574.352507456588
8.280348152979803,12.474650678351749,0.7100514505209496,51.211362370353534,-6574.352507456588
8.686351432118062,9.493219369069223,0.925613451806142,50.217612778540555,-6572.484133592407
8.686351432118062,9.493219369069223,0.925613451806142,50.217612778540555,-6572.484133592407
8.919881247821644,9.762248237159097,0.7072057263796077,50.27886998050451,-6572.389383119236
8.919881247821644,9.762248237159097,0.7072057263796077,50.27886998050451,-6572.389383119236
8.919881247821644,9.762248237159097,0.7072057263796077,50.27886998050451,-6572.389383119236
9.076332572157533,9.698900003780217,0.8307286641840173,50.73432406601976,-6571.401113209176
9.076332572157533,9.698900003780217,0.8307286641840173,50.73432406601976,-6571.401113209176
9.076332572157533,9.698900003780217,0.8307286641840173,50.73432406601976,-6571.401113209176
9.076332572157533,9.698900003780217,0.8307286641840173,50.73432406601976,-6571.401113209176
9.076332572157533,9.698900003780217,0.8307286641840173,50.73432406601976,-6571.401113209176
9.631148898025474,9.424249323833642,0.8497307661547353,50.54409577125041,-6570.737721396334
9.631148898025474,9.424249323833642,0.8497307661547353,50.54409577125041,-6570.737721396334
9.631148898025474,9.424249323833642,0.8497307661547353,50.54409577125041,-6570.737721396334
10.30209354638955,9.051254801105893,0.851193456318696,50.50172130004416,-6571.353864125953
10.30209354638955,9.051254801105893,0.851193456318696,50.50172130004416,-6571.353864125953
10.223240942534181,10.171614781328824,0.7568526412160812,49.7236494656651,-6572.274061055319
10.223240942534181,10.171614781328824,0.7568526412160812,49.7236494656651,-6572.274061055319
10.223240942534181,10.171614781328824,0.7568526412160812,49.7236494656651,-6572.274061055319
10.223240942534181,10.171614781328824,0.7568526412160812,49.7236494656651,-6572.274061055319
10.223240942534181,10.171614781328824,0.7568526412160812,49.7236494656651,-6572.274061055319
10.03589450567029,8.432321453622563,0.8991912927453924,49.855979110625405,-6571.127203627412
10.03589450567029,8.432321453622563,0.8991912927453924,49.855979110625405,-6571.127203627412
10.03589450567029,8.432321453622563,0.8991912927453924,49.855979110625405,-6571.127203627412
10.03589450567029,8.432321453622563,0.8991912927453924,49.855979110625405,-6571.127203627412
10.03589450567029,8.432321453622563,0.8991912927453924,49.855979110625405,-6571.127203627412
10.04873981658472,7.972110038838119,1.092114287812077,50.1792437554241,-6573.288709283377
10.04873981658472,7.972110038838119,1.092114287812077,50.1792437554241,-6573.288709283377
10.061660918221797,7.185584236006382,1.0902785845881473,50.82154817496476,-6573.055884697951
10.061660918221797,7.185584236006382,1.0902785845881473,50.82154817496476,-6573.055884697951
10.061660918221797,7.185584236006382,1.0902785845881473,50.82154817496476,-6573.055884697951
10.061660918221797,7.185584236006382,1.0902785845881473,50.82154817496476,-6573.055884697951
10.061660918221797,7.185584236006382,1.0902785845881473,50.82154817496476,-6573.055884697951
10.084246410589136,6.552815174035706,0.9020832994992423,51.392383434990485,-6573.26502812988
10.084246410589136,6.552815174035706,0.9020832994992423,51.392383434990485,-6573.26502812988
10.084246410589136,6.552815174035706,0.9020832994992423,51.392383434990485,-6573.26502812988
10.084246410589136,6.552815174035706,0.9020832994992423,51.392383434990485,-6573.26502812988
10.084246410589136,6.552815174035706,0.9020832994992423,51.392383434990485,-6573.26502812988
10.710766738834202,6.1650965427292945,0.8725625719281088,50.99525151962616,-6571.574275723319
10.675687054009513,5.920474068592707,0.7948071642973947,50.630039107274015,-6571.810276199472
10.675687054009513,5.920474068592707,0.7948071642973947,50.630039107274015,-6571.810276199472
10.675687054009513,5.920474068592707,0.7948071642973947,50.630039107274015,-6571.810276199472
10.697015846511613,7.370952050471054,0.9131816162148356,50.07953841989395,-6571.35811294915
10.697015846511613,7.370952050471054,0.9131816162148356,50.07953841989395,-6571.35811294915
10.501592599364702,7.398619540057211,0.7477744831395267,50.08484764121812,-6570.579713498097
10.501592599364702,7.398619540057211,0.7477744831395267,50.08484764121812,-6570.579713498097
10.59005901346201,6.959853275915686,0.8667800772470691,49.709860618242615,-6571.258749650412
10.59005901346201,6.959853275915686,0.8667800772470691,49.709860618242615,-6571.258749650412
10.59005901346201,6.959853275915686,0.8667800772470691,49.709860618242615,-6571.258749650412
10.59005901346201,6.959853275915686,0.8667800772470691,49.709860618242615,-6571.258749650412
10.59005901346201,6.959853275915686,0.8667800772470691,49.709860618242615,-6571.258749650412
10.59005901346201,6.959853275915686,0.8667800772470691,49.709860618242615,-6571.258749650412
10.681581624165835,7.251964120506903,0.8669248590470845,50.35502752230339,-6570.689717681551
10.681581624165835,7.251964120506903,0.8669248590470845,50.35502752230339,-6570.689717681551
10.681581624165835,7.251964120506903,0.8669248590470845,50.35502752230339,-6570.689717681551
10.681581624165835,7.251964120506903,0.8669248590470845,50.35502752230339,-6570.689717681551
10.681581624165835,7.251964120506903,0.8669248590470845,50.35502752230339,-6570.689717681551
10.681581624165835,7.251964120506903,0.8669248590470845,50.35502752230339,-6570.689717681551
10.681581624165835,7.251964120506903,0.8669248590470845,50.35502752230339,-6570.689717681551
11.560735902868958,7.2057496345377245,0.9363590417146972,50.533405598283814,-6574.577336727816
11.560735902868958,7.2057496345377245,0.9363590417146972,50.533405598283814,-6574.577336727816
11.560735902868958,7.2057496345377245,0.9363590417146972,50.533405598283814,-6574.577336727816
9.210961579932775,8.05497759192727,0.8961387416524079,49.70189233470404,-6572.713321882823
9.210961579932775,8.05497759192727,0.8961387416524079,49.70189233470404,-6572.713321882823
10.209021149828915,6.152043854678436,0.8227351815865087,49.66010607043391,-6573.271020005716
10.040336497895723,9.141678569174834,0.7803459926527799,50.49667759327523,-6570.336766572526
10.040336497895723,9.141678569174834,0.7803459926527799,50.49667759327523,-6570.336766572526
10.040336497895723,9.141678569174834,0.7803459926527799,50.49667759327523,-6570.336766572526
10.040336497895723,9.141678569174834,0.7803459926527799,50.49667759327523,-6570.336766572526
10.040336497895723,9.141678569174834,0.7803459926527799,50.49667759327523,-6570.336766572526
10.040336497895723,9.141678569174834,0.7803459926527799,50.49667759327523,-6570.336766572526
10.040336497895723,9.141678569174834,0.7803459926527799,50.49667759327523,-6570.336766572526
10.040336497895723,9.141678569174834,0.7803459926527799,50.49667759327523,-6570.336766572526
10.040336497895723,9.141678569174834,0.7803459926527799,50.49667759327523,-6570.336766572526
10.040336497895723,9.141678569174834,0.7803459926527799,50.49667759327523,-6570.336766572526
10.040336497895723,9.141678569174834,0.7803459926527799,50.49667759327523,-6570.336766572526
10.040336497895723,9.141678569174834,0.7803459926527799,50.49667759327523,-6570.336766572526
10.040336497895723,9.141678569174834,0.7803459926527799,50.49667759327523,-6570.336766572526
10.040336497895723,9.141678569174834,0.7803459926527799,50.49667759327523,-6570.336766572526
10.040336497895723,9.141678569174834,0.7803459926527799,50.49667759327523,-6570.336766572526
10.040336497895723,9.141678569174834,0.7803459926527799,50.49667759327523,-6570.336766572526
10.040336497895723,9.141678569174834,0.7803459926527799,50.49667759327523,-6570.336766572526
10.040336497895723,9.141678569174834,0.7803459926527799,50.49667759327523,-6570.336766572526
10.040336497895723,9.141678569174834,0.7803459926527799,50.49667759327523,-6570.336766572526
10.040336497895723,9.141678569174834,0.7803459926527799,50.49667759327523,-6570.336766572526
10.040336497895723,9.141678569174834,0.7803459926527799,50.49667759327523,-6570.336766572526
10.369265077780419,7.914373113873592,0.6527468158978823,50.44478396309328,-6571.097335948669
9.361353265116447,9.914202439283564,0.6132249934332834,50.113536570385406,-6572.172619065082
9.51690214892789,8.980714315090923,0.6791118246692601,50.947503846287624,-6572.092903312722
9.51690214892789,8.980714315090923,0.6791118246692601,50.947503846287624,-6572.092903312722
9.51690214892789,8.980714315090923,0.6791118246692601,50.947503846287624,-6572.092903312722
9.51690214892789,8.980714315090923,0.6791118246692601,50.947503846287624,-6572.092903312722
9.51690214892789,8.980714315090923,0.6791118246692601,50.947503846287624,-6572.092903312722
9.51690214892789,8.980714315090923,0.6791118246692601,50.947503846287624,-6572.092903312722
8.857896026279695,9.994018876192637,0.8897908267826461,50.05341238328753,-6571.753842262782
8.857896026279695,9.994018876192637,0.8897908267826461,50.05341238328753,-6571.753842262782
8.857896026279695,9.994018876192637,0.8897908267826461,50.05341238328753,-6571.753842262782
8.857896026279695,9.994018876192637,0.8897908267826461,50.05341238328753,-6571.753842262782
8.857896026279695,9.994018876192637,0.8897908267826461,50.05341238328753,-6571.753842262782
8.857896026279695,9.994018876192637,0.8897908267826461,50.05341238328753,-6571.753842262782
8.857896026279695,9.994018876192637,0.8897908267826461,50.05341238328753,-6571.753842262782
8.857896026279695,9.994018876192637,0.8897908267826461,50.05341238328753,-6571.753842262782
8.857896026279695,9.994018876192637,0.8897908267826461,50.05341238328753,-6571.753842262782
8.857896026279695,9.994018876192637,0.8897908267826461,50.05341238328753,-6571.753842262782
8.857896026279695,9.994018876192637,0.8897908267826461,50.05341238328753,-6571.753842262782
8.857896026279695,9.994018876192637,0.8897908267826461,50.05341238328753,-6571.753842262782
8.857896026279695,9.994018876192637,0.8897908267826461,50.05341238328753,-6571.753842262782
8.857896026279695,9.994018876192637,0.8897908267826461,50.05341238328753,-6571.753842262782
9.621748303747516,8.893175556507003,0.9340584572095276,50.03185748838545,-6571.258641269391
9.621748303747516,8.893175556507003,0.9340584572095276,50.03185748838545,-6571.258641269391
9.621748303747516,8.893175556507003,0.9340584572095276,50.03185748838545,-6571.258641269391
9.621748303747516,8.893175556507003,0.9340584572095276,50.03185748838545,-6571.258641269391
9.96671739766887,8.286067982852563,0.8815819469432025,49.870214504865004,-6570.861625451287
9.96671739766887,8.286067982852563,0.8815819469432025,49.870214504865004,-6570.861625451287
9.662547992320741,9.100547100480231,0.850865402239056,50.76163113091392,-6570.825719470573
9.662547992320741,9.100547100480231,0.850865402239056,50.76163113091392,-6570.825719470573
9.662547992320741,9.100547100480231,0.850865402239056,50.76163113091392,-6570.825719470573
9.662547992320741,9.100547100480231,0.850865402239056,50.76163113091392,-6570.825719470573
9.662547992320741,9.100547100480231,0.850865402239056,50.76163113091392,-6570.825719470573
9.662547992320741,9.100547100480231,0.850865402239056,50.76163113091392,-6570.825719470573
9.662547992320741,9.100547100480231,0.850865402239056,50.76163113091392,-6570.825719470573
9.662547992320741,9.100547100480231,0.850865402239056,50.76163113091392,-6570.825719470573
9.662547992320741,9.100547100480231,0.850865402239056,50.76163113091392,-6570.825719470573
9.662547992320741,9.100547100480231,0.850865402239056,50.76163113091392,-6570.825719470573
9.662547992320741,9.100547100480231,0.850865402239056,50.76163113091392,-6570.825719470573
9.35444095983285,9.671985904376282,0.8728681756218901,50.52622894992381,-6571.033430894905
9.35444095983285,9.671985904376282,0.8728681756218901,50.52622894992381,-6571.033430894905
9.579527181897982,9.495332490603372,0.810414745165038,50.20594327017656,-6570.478240236037
9.579527181897982,9.495332490603372,0.810414745165038,50.20594327017656,-6570.478240236037
9.579527181897982,9.495332490603372,0.810414745165038,50.20594327017656,-6570.478240236037
9.579527181897982,9.495332490603372,0.810414745165038,50.20594327017656,-6570.478240236037
10.767694400617456,7.642854194919891,0.7706970560946893,49.46626462262031,-6571.735717304234
10.767694400617456,7.642854194919891,0.7706970560946893,49.46626462262031,-6571.735717304234
10.767694400617456,7.642854194919891,0.7706970560946893,49.46626462262031,-6571.735717304234
10.767694400617456,7.642854194919891,0.7706970560946893,49.46626462262031,-6571.735717304234
10.767694400617456,7.642854194919891,0.7706970560946893,49.46626462262031,-6571.735717304234
10.767694400617456,7.642854194919891,0.7706970560946893,49.46626462262031,-6571.735717304234
10.767694400617456,7.642854194919891,0.7706970560946893,49.46626462262031,-6571.735717304234
10.031759461268598,7.840636515428325,0.8613326138958279,49.874056152756346,-6570.769871300195
10.031759461268598,7.840636515428325,0.8613326138958279,49.874056152756346,-6570.769871300195
10.031759461268598,7.840636515428325,0.8613326138958279,49.874056152756346,-6570.769871300195
10.031759461268598,7.840636515428325,0.8613326138958279,49.874056152756346,-6570.769871300195
10.35354801677057,8.417094301579896,0.7816811373274346,51.14262614917506,-6571.115899593307
10.35354801677057,8.417094301579896,0.7816811373274346,51.14262614917506,-6571.115899593307
10.35354801677057,8.417094301579896,0.7816811373274346,51.14262614917506,-6571.115899593307
10.35354801677057,8.417094301579896,0.7816811373274346,51.14262614917506,-6571.115899593307
10.35354801677057,8.417094301579896,0.7816811373274346,51.14262614917506,-6571.115899593307
10.141123858247212,8.607668457153842,0.6881902149170779,51.12909116683632,-6571.237630098549
10.141123858247212,8.607668457153842,0.6881902149170779,51.12909116683632,-6571.237630098549
10.141123858247212,8.607668457153842,0.6881902149170779,51.12909116683632,-6571.237630098549
10.141123858247212,8.607668457153842,0.6881902149170779,51.12909116683632,-6571.237630098549
10.141123858247212,8.607668457153842,0.6881902149170779,51.12909116683632,-6571.237630098549
10.141123858247212,8.607668457153842,0.6881902149170779,51.12909116683632,-6571.237630098549
10.141123858247212,8.607668457153842,0.6881902149170779,51.12909116683632,-6571.237630098549
10.141123858247212,8.607668457153842,0.6881902149170779,51.12909116683632,-6571.237630098549
10.141123858247212,8.607668457153842,0.6881902149170779,51.12909116683632,-6571.237630098549
10.141123858247212,8.607668457153842,0.6881902149170779,51.12909116683632,-6571.237630098549
9.37277619124509,9.552714103410253,0.5839105745454705,50.72099801743906,-6573.5242754917
9.37277619124509,9.552714103410253,0.5839105745454705,50.72099801743906,-6573.5242754917
9.37277619124509,9.552714103410253,0.5839105745454705,50.72099801743906,-6573.5242754917
9.37277619124509,9.552714103410253,0.5839105745454705,50.72099801743906,-6573.5242754917
9.380551433320576,10.089466180185891,0.5499396237112285,50.699945408553624,-6573.513408548612
9.459378820237879,10.467449911128144,0.6294827724794821,51.53516490850308,-6573.286616192054
9.459378820237879,10.467449911128144,0.6294827724794821,51.53516490850308,-6573.286616192054
9.459378820237879,10.467449911128144,0.6294827724794821,51.53516490850308,-6573.286616192054
9.459378820237879,10.467449911128144,0.6294827724794821,51.53516490850308,-6573.286616192054
9.459378820237879,10.467449911128144,0.6294827724794821,51.53516490850308,-6573.286616192054
9.459378820237879,10.467449911128144,0.6294827724794821,51.53516490850308,-6573.286616192054
9.459378820237879,10.467449911128144,0.6294827724794821,51.53516490850308,-6573.286616192054
9.459378820237879,10.467449911128144,0.6294827724794821,51.53516490850308,-6573.286616192054
9.459378820237879,10.467449911128144,0.6294827724794821,51.53516490850308,-6573.286616192054
9.459378820237879,10.467449911128144,0.6294827724794821,51.53516490850308,-6573.286616192054
9.459378820237879,10.467449911128144,0.6294827724794821,51.53516490850308,-6573.286616192054
9.459378820237879,10.467449911128144,0.6294827724794821,51.53516490850308,-6573.286616192054
9.459378820237879,10.467449911128144,0.6294827724794821,51.53516490850308,-6573.286616192054
9.459378820237879,10.467449911128144,0.6294827724794821,51.53516490850308,-6573.286616192054
9.459378820237879,10.467449911128144,0.6294827724794821,51.53516490850308,-6573.286616192054
10.212926717405063,10.131667280667104,0.6749678712156048,50.95466167821573,-6571.4057027149565
10.212926717405063,10.131667280667104,0.6749678712156048,50.95466167821573,-6571.4057027149565
10.212926717405063,10.131667280667104,0.6749678712156048,50.95466167821573,-6571.4057027149565
10.212926717405063,10.131667280667104,0.6749678712156048,50.95466167821573,-6571.4057027149565
10.212926717405063,10.131667280667104,0.6749678712156048,50.95466167821573,-6571.4057027149565
10.212926717405063,10.131667280667104,0.6749678712156048,50.95466167821573,-6571.4057027149565
10.212926717405063,10.131667280667104,0.6749678712156048,50.95466167821573,-6571.4057027149565
10.779604315535027,8.273755913337538,0.697598128224819,50.80751843389778,-6570.74601541576
10.779604315535027,8.273755913337538,0.697598128224819,50.80751843389778,-6570.74601541576
10.779604315535027,8.273755913337538,0.697598128224819,50.80751843389778,-6570.74601541576
10.779604315535027,8.273755913337538,0.697598128224819,50.80751843389778,-6570.74601541576
10.779604315535027,8.273755913337538,0.697598128224819,50.80751843389778,-6570.74601541576
10.55569819582795,7.413494579195398,0.8237031151417743,50.69493914404471,-6570.500335946121
10.55569819582795,7.413494579195398,0.8237031151417743,50.69493914404471,-6570.500335946121
10.55569819582795,7.413494579195398,0.8237031151417743,50.69493914404471,-6570.500335946121
10.55569819582795,7.413494579195398,0.8237031151417743,50.69493914404471,-6570.500335946121
10.55569819582795,7.413494579195398,0.8237031151417743,50.69493914404471,-6570.500335946121
10.55569819582795,7.413494579195398,0.8237031151417743,50.69493914404471,-6570.500335946121
10.55569819582795,7.413494579195398,0.8237031151417743,50.69493914404471,-6570.500335946121
10.55569819582795,7.413494579195398,0.8237031151417743,50.69493914404471,-6570.500335946121
10.55569819582795,7.413494579195398,0.8237031151417743,50.69493914404471,-6570.500335946121
10.55569819582795,7.413494579195398,0.8237031151417743,50.69493914404471,-6570.500335946121
10.55569819582795,7.413494579195398,0.8237031151417743,50.69493914404471,-6570.500335946121
11.132507075410148,7.984609042134021,0.8844326009319867,50.36219744487215,-6573.042565753013
10.386814595115919,6.8902794237633,0.9570926511710752,50.62018536524781,-6571.264405621108
10.386814595115919,6.8902794237633,0.9570926511710752,50.62018536524781,-6571.264405621108
10.386814595115919,6.8902794237633,0.9570926511710752,50.62018536524781,-6571.264405621108
10.386814595115919,6.8902794237633,0.9570926511710752,50.62018536524781,-6571.264405621108
9.582030074895787,7.4090619891633525,0.7768860396447141,50.58970676544628,-6572.870427484444
9.582030074895787,7.4090619891633525,0.7768860396447141,50.58970676544628,-6572.870427484444
9.582030074895787,7.4090619891633525,0.7768860396447141,50.58970676544628,-6572.870427484444
9.789854664073456,7.169813601804149,0.9679987829656035,50.09059315826847,-6571.6285476265075
9.789854664073456,7.169813601804149,0.9679987829656035,50.09059315826847,-6571.6285476265075
9.789854664073456,7.169813601804149,0.9679987829656035,50.09059315826847,-6571.6285476265075
9.83650738461867,7.038865034235989,1.1008123037367694,50.0048722107183,-6572.882069051945
9.83650738461867,7.038865034235989,1.1008123037367694,50.0048722107183,-6572.882069051945
9.83650738461867,7.038865034235989,1.1008123037367694,50.0048722107183,-6572.882069051945
9.83650738461867,7.038865034235989,1.1008123037367694,50.0048722107183,-6572.882069051945
9.83650738461867,7.038865034235989,1.1008123037367694,50.0048722107183,-6572.882069051945
9.83650738461867,7.038865034235989,1.1008123037367694,50.0048722107183,-6572.882069051945
9.83650738461867,7.038865034235989,1.1008123037367694,50.0048722107183,-6572.882069051945
9.83650738461867,7.038865034235989,1.1008123037367694,50.0048722107183,-6572.882069051945
9.83650738461867,7.038865034235989,1.1008123037367694,50.0048722107183,-6572.882069051945
9.83650738461867,7.038865034235989,1.1008123037367694,50.0048722107183,-6572.882069051945
9.83650738461867,7.038865034235989,1.1008123037367694,50.0048722107183,-6572.882069051945
9.83650738461867,7.038865034235989,1.1008123037367694,50.0048722107183,-6572.882069051945
9.83650738461867,7.038865034235989,1.1008123037367694,50.0048722107183,-6572.882069051945
9.83650738461867,7.038865034235989,1.1008123037367694,50.0048722107183,-6572.882069051945
9.83650738461867,7.038865034235989,1.1008123037367694,50.0048722107183,-6572.882069051945
9.83650738461867,7.038865034235989,1.1008123037367694,50.0048722107183,-6572.882069051945
10.156381691581354,4.973851453120128,1.092322488301336,50.411825404843455,-6574.477018009361
10.454384300977882,7.554308038548393,0.9187012736720017,50.29931739067331,-6570.999157417225
10.454384300977882,7.554308038548393,0.9187012736720017,50.29931739067331,-6570.999157417225
10.454384300977882,7.554308038548393,0.9187012736720017,50.29931739067331,-6570.999157417225
9.687865579405154,8.076935352167052,0.8557540901344506,49.72027528262081,-6571.315415716746
9.687865579405154,8.076935352167052,0.8557540901344506,49.72027528262081,-6571.315415716746
9.687865579405154,8.076935352167052,0.8557540901344506,49.72027528262081,-6571.315415716746
9.687865579405154,8.076935352167052,0.8557540901344506,49.72027528262081,-6571.315415716746
9.687865579405154,8.076935352167052,0.8557540901344506,49.72027528262081,-6571.315415716746
9.687865579405154,8.076935352167052,0.8557540901344506,49.72027528262081,-6571.315415716746
9.687865579405154,8.076935352167052,0.8557540901344506,49.72027528262081,-6571.315415716746
9.687865579405154,8.076935352167052,0.8557540901344506,49.72027528262081,-6571.315415716746
9.687865579405154,8.076935352167052,0.8557540901344506,49.72027528262081,-6571.315415716746
9.687865579405154,8.076935352167052,0.8557540901344506,49.72027528262081,-6571.315415716746
9.687865579405154,8.076935352167052,0.8557540901344506,49.72027528262081,-6571.315415716746
9.687865579405154,8.076935352167052,0.8557540901344506,49.72027528262081,-6571.315415716746
10.848359395969686,7.5470066578629496,0.7156499068269147,49.9439349025826,-6570.844289210472
10.848359395969686,7.5470066578629496,0.7156499068269147,49.9439349025826,-6570.844289210472
10.848359395969686,7.5470066578629496,0.7156499068269147,49.9439349025826,-6570.844289210472
10.848359395969686,7.5470066578629496,0.7156499068269147,49.9439349025826,-6570.844289210472
10.848359395969686,7.5470066578629496,0.7156499068269147,49.9439349025826,-6570.844289210472
10.848359395969686,7.5470066578629496,0.7156499068269147,49.9439349025826,-6570.844289210472
10.848359395969686,7.5470066578629496,0.7156499068269147,49.9439349025826,-6570.844289210472
10.848359395969686,7.5470066578629496,0.7156499068269147,49.9439349025826,-6570.844289210472
10.848359395969686,7.5470066578629496,0.7156499068269147,49.9439349025826,-6570.844289210472
10.848359395969686,7.5470066578629496,0.7156499068269147,49.9439349025826,-6570.844289210472
10.848359395969686,7.5470066578629496,0.7156499068269147,49.9439349025826,-6570.844289210472
10.848359395969686,7.5470066578629496,0.7156499068269147,49.9439349025826,-6570.844289210472
10.848359395969686,7.5470066578629496,0.7156499068269147,49.9439349025826,-6570.844289210472
10.848359395969686,7.5470066578629496,0.7156499068269147,49.9439349025826,-6570.844289210472
10.848359395969686,7.5470066578629496,0.7156499068269147,49.9439349025826,-6570.844289210472
10.848359395969686,7.5470066578629496,0.7156499068269147,49.9439349025826,-6570.844289210472
10.848359395969686,7.5470066578629496,0.7156499068269147,49.9439349025826,-6570.844289210472
10.848359395969686,7.5470066578629496,0.7156499068269147,49.9439349025826,-6570.844289210472
9.927378146836885,9.32887348258021,0.6467026502394149,49.42851484402258,-6572.204009807624
9.927378146836885,9.32887348258021,0.6467026502394149,49.42851484402258,-6572.204009807624
9.927378146836885,9.32887348258021,0.6467026502394149,49.42851484402258,-6572.204009807624
9.292742208150461,10.620820612128364,0.670485730993752,49.59209858677425,-6571.934917698041
9.292742208150461,10.620820612128364,0.670485730993752,49.59209858677425,-6571.934917698041
9.292742208150461,10.620820612128364,0.670485730993752,49.59209858677425,-6571.934917698041
9.292742208150461,10.620820612128364,0.670485730993752,49.59209858677425,-6571.934917698041
8.678595964413324,12.285825173693658,0.6052782675702589,50.32084139787399,-6572.768095447931
8.678595964413324,12.285825173693658,0.6052782675702589,50.32084139787399,-6572.768095447931
8.678595964413324,12.285825173693658,0.6052782675702589,50.32084139787399,-6572.768095447931
8.678595964413324,12.285825173693658,0.6052782675702589,50.32084139787399,-6572.768095447931
8.678595964413324,12.285825173693658,0.6052782675702589,50.32084139787399,-6572.768095447931
8.417524784155109,13.372225544680997,0.604579501389797,49.80351051009172,-6574.061363634683
8.417524784155109,13.372225544680997,0.604579501389797,49.80351051009172,-6574.061363634683
8.781826086065815,13.56586911749297,0.6973947324109235,50.18529925980214,-6573.744863643203
8.781826086065815,13.56586911749297,0.6973947324109235,50.18529925980214,-6573.744863643203
8.781826086065815,13.56586911749297,0.6973947324109235,50.18529925980214,-6573.744863643203
8.781826086065815,13.56586911749297,0.6973947324109235,50.18529925980214,-6573.744863643203
8.781826086065815,13.56586911749297,0.6973947324109235,50.18529925980214,-6573.744863643203
8.781826086065815,13.56586911749297,0.6973947324109235,50.18529925980214,-6573.744863643203
8.781826086065815,13.56586911749297,0.6973947324109235,50.18529925980214,-6573.744863643203
8.974564135595324,13.015228605783562,0.46099776417091626,50.469882533969404,-6574.8466293431475
8.974564135595324,13.015228605783562,0.46099776417091626,50.469882533969404,-6574.8466293431475
8.974564135595324,13.015228605783562,0.46099776417091626,50.469882533969404,-6574.8466293431475
8.974564135595324,13.015228605783562,0.46099776417091626,50.469882533969404,-6574.8466293431475
8.974564135595324,13.015228605783562,0.46099776417091626,50.469882533969404,-6574.8466293431475
9.539194801564525,11.529750463412078,0.5270585600076348,51.45250129820146,-6574.071927489453
9.539194801564525,11.529750463412078,0.5270585600076348,51.45250129820146,-6574.071927489453
9.539194801564525,11.529750463412078,0.5270585600076348,51.45250129820146,-6574.071927489453
9.539194801564525,11.529750463412078,0.5270585600076348,51.45250129820146,-6574.071927489453
9.539194801564525,11.529750463412078,0.5270585600076348,51.45250129820146,-6574.071927489453
9.539194801564525,11.529750463412078,0.5270585600076348,51.45250129820146,-6574.071927489453
9.539194801564525,11.529750463412078,0.5270585600076348,51.45250129820146,-6574.071927489453
9.444781300377299,12.433674836034104,0.6781572494809225,51.57350301606687,-6574.822900909523
8.751096259312767,12.900593234306996,0.572235756924267,51.458840919777195,-6575.012274879586
8.929774459478079,10.041106584600772,0.6119445500153153,51.27785843982931,-6575.373722936109
9.612817059534988,9.871531466976508,0.6485058124818862,50.229952425875545,-6570.915239929584
9.612817059534988,9.871531466976508,0.6485058124818862,50.229952425875545,-6570.915239929584
9.612817059534988,9.871531466976508,0.6485058124818862,50.229952425875545,-6570.915239929584
9.612817059534988,9.871531466976508,0.6485058124818862,50.229952425875545,-6570.915239929584
9.612817059534988,9.871531466976508,0.6485058124818862,50.229952425875545,-6570.915239929584
9.612817059534988,9.871531466976508,0.6485058124818862,50.229952425875545,-6570.915239929584
9.612817059534988,9.871531466976508,0.6485058124818862,50.229952425875545,-6570.915239929584
9.612817059534988,9.871531466976508,0.6485058124818862,50.229952425875545,-6570.915239929584
9.612817059534988,9.871531466976508,0.6485058124818862,50.229952425875545,-6570.915239929584
9.612817059534988,9.871531466976508,0.6485058124818862,50.229952425875545,-6570.915239929584
9.612817059534988,9.871531466976508,0.6485058124818862,50.229952425875545,-6570.915239929584
9.612817059534988,9.871531466976508,0.6485058124818862,50.229952425875545,-6570.915239929584
9.612817059534988,9.871531466976508,0.6485058124818862,50.229952425875545,-6570.915239929584
9.612817059534988,9.871531466976508,0.6485058124818862,50.229952425875545,-6570.915239929584
9.612817059534988,9.871531466976508,0.6485058124818862,50.229952425875545,-6570.915239929584
9.612817059534988,9.871531466976508,0.6485058124818862,50.229952425875545,-6570.915239929584
9.612817059534988,9.871531466976508,0.6485058124818862,50.229952425875545,-6570.915239929584
9.612817059534988,9.871531466976508,0.6485058124818862,50.229952425875545,-6570.915239929584
9.612817059534988,9.871531466976508,0.6485058124818862,50.229952425875545,-6570.915239929584
9.612817059534988,9.871531466976508,0.6485058124818862,50.229952425875545,-6570.915239929584
9.612817059534988,9.871531466976508,0.6485058124818862,50.229952425875545,-6570.915239929584
9.612817059534988,9.871531466976508,0.6485058124818862,50.229952425875545,-6570.915239929584
9.612817059534988,9.871531466976508,0.6485058124818862,50.229952425875545,-6570.915239929584
9.612817059534988,9.871531466976508,0.6485058124818862,50.229952425875545,-6570.915239929584
9.612817059534988,9.871531466976508,0.6485058124818862,50.229952425875545,-6570.915239929584
9.612817059534988,9.871531466976508,0.6485058124818862,50.229952425875545,-6570.915239929584
9.284637294198394,9.540793896310351,0.9189711267429073,49.91918912372831,-6571.524923155456
9.284637294198394,9.540793896310351,0.9189711267429073,49.91918912372831,-6571.524923155456
10.137899031679732,7.927847990837455,0.8865738965303035,49.50054304046151,-6571.6230581224045
10.137899031679732,7.927847990837455,0.8865738965303035,49.50054304046151,-6571.6230581224045
10.137899031679732,7.927847990837455,0.8865738965303035,49.50054304046151,-6571.6230581224045
10.137899031679732,7.927847990837455,0.8865738965303035,49.50054304046151,-6571.6230581224045
10.137899031679732,7.927847990837455,0.8865738965303035,49.50054304046151,-6571.6230581224045
10.137899031679732,7.927847990837455,0.8865738965303035,49.50054304046151,-6571.6230581224045
9.327587632524864,10.190996217953806,0.9322292454848708,50.35782733105449,-6572.045368089474
9.11569262580138,10.822232796704546,0.6432282902606354,50.601568178303744,-6571.650309820183
9.11569262580138,10.822232796704546,0.6432282902606354,50.601568178303744,-6571.650309820183
9.11569262580138,10.822232796704546,0.6432282902606354,50.601568178303744,-6571.650309820183
9.11569262580138,10.822232796704546,0.6432282902606354,50.601568178303744,-6571.650309820183
9.11569262580138,10.822232796704546,0.6432282902606354,50.601568178303744,-6571.650309820183
9.460583886881516,9.667292580307107,0.8543467725076991,50.91300509664373,-6571.357134060092
9.460583886881516,9.667292580307107,0.8543467725076991,50.91300509664373,-6571.357134060092
9.839836906648383,9.468204133346754,0.8819305488249748,50.72210765094362,-6571.477517968232
9.618472216489923,6.186685806487987,1.0282107702246224,50.17114494062937,-6573.794890894042
10.618137741728274,8.808256840777197,0.9656380321178919,50.60988743800844,-6574.103726042114
10.751030320128345,5.517042846799379,0.8450307200289574,50.26329743668649,-6571.950248796599
10.751030320128345,5.517042846799379,0.8450307200289574,50.26329743668649,-6571.950248796599
10.751030320128345,5.517042846799379,0.8450307200289574,50.26329743668649,-6571.950248796599
10.751030320128345,5.517042846799379,0.8450307200289574,50.26329743668649,-6571.950248796599
10.751030320128345,5.517042846799379,0.8450307200289574,50.26329743668649,-6571.950248796599
10.751030320128345,5.517042846799379,0.8450307200289574,50.26329743668649,-6571.950248796599
10.751030320128345,5.517042846799379,0.8450307200289574,50.26329743668649,-6571.950248796599
10.751030320128345,5.517042846799379,0.8450307200289574,50.26329743668649,-6571.950248796599
10.751030320128345,5.517042846799379,0.8450307200289574,50.26329743668649,-6571.950248796599
12.079972038289378,5.976972361484894,0.7241963548375766,50.5854675142,-6572.453739243303
11.577748444503488,7.70946583589331,0.6614996828868108,50.91622685601503,-6572.191014098516
11.577748444503488,7.70946583589331,0.6614996828868108,50.91622685601503,-6572.191014098516
11.577748444503488,7.70946583589331,0.6614996828868108,50.91622685601503,-6572.191014098516
11.577748444503488,7.70946583589331,0.6614996828868108,50.91622685601503,-6572.191014098516
11.577748444503488,7.70946583589331,0.6614996828868108,50.91622685601503,-6572.191014098516
11.577748444503488,7.70946583589331,0.6614996828868108,50.91622685601503,-6572.191014098516
11.577748444503488,7.70946583589331,0.6614996828868108,50.91622685601503,-6572.191014098516
11.577748444503488,7.70946583589331,0.6614996828868108,50.91622685601503,-6572.191014098516
11.577748444503488,7.70946583589331,0.6614996828868108,50.91622685601503,-6572.191014098516
11.577748444503488,7.70946583589331,0.6614996828868108,50.91622685601503,-6572.191014098516
11.577748444503488,7.70946583589331,0.6614996828868108,50.91622685601503,-6572.191014098516
11.970182153156383,8.111736366178636,0.6386927585530763,50.68631562943344,-6573.895047601007
11.970182153156383,8.111736366178636,0.6386927585530763,50.68631562943344,-6573.895047601007
12.207737830227485,6.607189494666413,0.6355013003484983,50.13545231466724,-6573.3525099354065
12.207737830227485,6.607189494666413,0.6355013003484983,50.13545231466724,-6573.3525099354065
12.207737830227485,6.607189494666413,0.6355013003484983,50.13545231466724,-6573.3525099354065
12.207737830227485,6.607189494666413,0.6355013003484983,50.13545231466724,-6573.3525099354065
12.207737830227485,6.607189494666413,0.6355013003484983,50.13545231466724,-6573.3525099354065
12.207737830227485,6.607189494666413,0.6355013003484983,50.13545231466724,-6573.3525099354065
12.207737830227485,6.607189494666413,0.6355013003484983,50.13545231466724,-6573.3525099354065
12.207737830227485,6.607189494666413,0.6355013003484983,50.13545231466724,-6573.3525099354065
12.207737830227485,6.607189494666413,0.6355013003484983,50.13545231466724,-6573.3525099354065
12.207737830227485,6.607189494666413,0.6355013003484983,50.13545231466724,-6573.3525099354065
12.207737830227485,6.607189494666413,0.6355013003484983,50.13545231466724,-6573.3525099354065
10.778853550009536,5.981730372502584,0.7102555086952091,49.654545792556405,-6573.56588725998
10.778853550009536,5.981730372502584,0.7102555086952091,49.654545792556405,-6573.56588725998
10.778853550009536,5.981730372502584,0.7102555086952091,49.654545792556405,-6573.56588725998
11.2889119818678,7.680351731772824,0.5929819797175966,50.15905574293069,-6571.9194561007625
11.2889119818678,7.680351731772824,0.5929819797175966,50.15905574293069,-6571.9194561007625
11.2889119818678,7.680351731772824,0.5929819797175966,50.15905574293069,-6571.9194561007625
11.2889119818678,7.680351731772824,0.5929819797175966,50.15905574293069,-6571.9194561007625
11.2741114951651,10.037240502352876,0.44506309449392734,50.36400701600336,-6574.5882265994205
10.516391624478075,11.815697664058396,0.45557268903681564,49.46534874174827,-6576.234904637353
10.516391624478075,11.815697664058396,0.45557268903681564,49.46534874174827,-6576.234904637353
10.516391624478075,11.815697664058396,0.45557268903681564,49.46534874174827,-6576.234904637353
10.516391624478075,11.815697664058396,0.45557268903681564,49.46534874174827,-6576.234904637353
10.183742296687972,13.077997245014808,0.5080276865512633,49.49895559623396,-6576.879658629332
10.975061917583988,12.213531717233057,0.5424223303911325,49.97343478432499,-6577.55397263835
9.809510120664902,13.389184848182008,0.6991116759266047,49.26189008881192,-6578.3703968051595
9.97290846370943,12.690966143532506,0.7450874563982172,50.42890622590295,-6576.252059614893
8.641978897133793,11.469330031523276,0.7323333280902283,51.053751721556445,-6572.820786728979
8.641978897133793,11.469330031523276,0.7323333280902283,51.053751721556445,-6572.820786728979
8.641978897133793,11.469330031523276,0.7323333280902283,51.053751721556445,-6572.820786728979
8.641978897133793,11.469330031523276,0.7323333280902283,51.053751721556445,-6572.820786728979
9.690024589174065,11.55023111370741,0.7281712013492414,50.48071248255374,-6572.231889158176
9.690024589174065,11.55023111370741,0.7281712013492414,50.48071248255374,-6572.231889158176
9.690024589174065,11.55023111370741,0.7281712013492414,50.48071248255374,-6572.231889158176
10.472870993160726,10.189218207153099,0.760361412491628,50.54154060613435,-6572.606804724761
11.325171959541905,8.486745371759092,0.7618310145122884,50.24418368935421,-6572.94925929181
11.325171959541905,8.486745371759092,0.7618310145122884,50.24418368935421,-6572.94925929181
11.325171959541905,8.486745371759092,0.7618310145122884,50.24418368935421,-6572.94925929181
10.9266810319999,7.543073866698986,0.7781413429798366,50.516782244088,-6570.647167689229
10.9266810319999,7.543073866698986,0.7781413429798366,50.516782244088,-6570.647167689229
10.9266810319999,7.543073866698986,0.7781413429798366,50.516782244088,-6570.647167689229
10.696809507035503,8.59394280748695,0.7441268245322018,50.17020473990574,-6570.819465864384
10.696809507035503,8.59394280748695,0.7441268245322018,50.17020473990574,-6570.819465864384
10.696809507035503,8.59394280748695,0.7441268245322018,50.17020473990574,-6570.819465864384
10.696809507035503,8.59394280748695,0.7441268245322018,50.17020473990574,-6570.819465864384
10.696809507035503,8.59394280748695,0.7441268245322018,50.17020473990574,-6570.819465864384
10.696809507035503,8.59394280748695,0.7441268245322018,50.17020473990574,-6570.819465864384
11.478351193611239,7.307736440364142,0.7835279529587142,49.69231566642091,-6572.758312234633
11.478351193611239,7.307736440364142,0.7835279529587142,49.69231566642091,-6572.758312234633
10.175386550109831,8.605371795941098,0.6473566007868155,50.18019977619382,-6570.890034315903
10.175386550109831,8.605371795941098,0.6473566007868155,50.18019977619382,-6570.890034315903
10.175386550109831,8.605371795941098,0.6473566007868155,50.18019977619382,-6570.890034315903
10.175386550109831,8.605371795941098,0.6473566007868155,50.18019977619382,-6570.890034315903
10.175386550109831,8.605371795941098,0.6473566007868155,50.18019977619382,-6570.890034315903
10.175386550109831,8.605371795941098,0.6473566007868155,50.18019977619382,-6570.890034315903
10.175386550109831,8.605371795941098,0.6473566007868155,50.18019977619382,-6570.890034315903
9.082052593019892,9.436279711451037,0.8762589395932276,49.73212084188237,-6571.760237734957
9.082052593019892,9.436279711451037,0.8762589395932276,49.73212084188237,-6571.760237734957
9.082052593019892,9.436279711451037,0.8762589395932276,49.73212084188237,-6571.760237734957
9.082052593019892,9.436279711451037,0.8762589395932276,49.73212084188237,-6571.760237734957
9.082052593019892,9.436279711451037,0.8762589395932276,49.73212084188237,-6571.760237734957
9.082052593019892,9.436279711451037,0.8762589395932276,49.73212084188237,-6571.760237734957
9.082052593019892,9.436279711451037,0.8762589395932276,49.73212084188237,-6571.760237734957
9.082052593019892,9.436279711451037,0.8762589395932276,49.73212084188237,-6571.760237734957
9.082052593019892,9.436279711451037,0.8762589395932276,49.73212084188237,-6571.760237734957
9.082052593019892,9.436279711451037,0.8762589395932276,49.73212084188237,-6571.760237734957
9.082052593019892,9.436279711451037,0.8762589395932276,49.73212084188237,-6571.760237734957
8.947785080213064,9.885935764834752,0.8025432791635441,50.138260087386705,-6571.394033568748
8.947785080213064,9.885935764834752,0.8025432791635441,50.138260087386705,-6571.394033568748
9.671278980746228,9.102072492896928,0.7439668840894039,51.51669321752468,-6572.544637152318
10.273239183591182,8.951417085849533,0.8246778649493499,52.07751383768507,-6575.12265742729
10.273239183591182,8.951417085849533,0.8246778649493499,52.07751383768507,-6575.12265742729
11.192035922461914,7.10027979742139,0.8702358190858824,51.19405556279623,-6572.633998828058
11.192035922461914,7.10027979742139,0.8702358190858824,51.19405556279623,-6572.633998828058
11.192035922461914,7.10027979742139,0.8702358190858824,51.19405556279623,-6572.633998828058
11.192035922461914,7.10027979742139,0.8702358190858824,51.19405556279623,-6572.633998828058
11.192035922461914,7.10027979742139,0.8702358190858824,51.19405556279623,-6572.633998828058
11.192035922461914,7.10027979742139,0.8702358190858824,51.19405556279623,-6572.633998828058
11.192035922461914,7.10027979742139,0.8702358190858824,51.19405556279623,-6572.633998828058
11.192035922461914,7.10027979742139,0.8702358190858824,51.19405556279623,-6572.633998828058
11.192035922461914,7.10027979742139,0.8702358190858824,51.19405556279623,-6572.633998828058
11.192035922461914,7.10027979742139,0.8702358190858824,51.19405556279623,-6572.633998828058
10.897581192632781,7.06722199921116,0.8796393773016717,51.39459019866932,-6572.5537751432275
10.897581192632781,7.06722199921116,0.8796393773016717,51.39459019866932,-6572.5537751432275
10.897581192632781,7.06722199921116,0.8796393773016717,51.39459019866932,-6572.5537751432275
10.897581192632781,7.06722199921116,0.8796393773016717,51.39459019866932,-6572.5537751432275
10.147048115008143,7.079889283261574,0.8953199215621478,51.13622354887942,-6571.784949316572
10.147048115008143,7.079889283261574,0.8953199215621478,51.13622354887942,-6571.784949316572
12.225152959072554,3.3806314562383437,0.908265086792544,50.53946853687743,-6574.067601963143
12.225152959072554,3.3806314562383437,0.908265086792544,50.53946853687743,-6574.067601963143
11.99979568641571,5.21170698488366,0.8872499690622944,50.31863168683098,-6572.959797492348
11.99979568641571,5.21170698488366,0.8872499690622944,50.31863168683098,-6572.959797492348
11.10785880462037,5.4779640903557185,1.0059344660766163,50.42263959472045,-6572.317677886491
11.501396575722161,6.330617704996614,0.768998859987749,50.37179786234512,-6571.294092994365
11.501396575722161,6.330617704996614,0.768998859987749,50.37179786234512,-6571.294092994365
11.501396575722161,6.330617704996614,0.768998859987749,50.37179786234512,-6571.294092994365
11.501396575722161,6.330617704996614,0.768998859987749,50.37179786234512,-6571.294092994365
11.335184124513493,6.475724578520346,0.6493091958077805,50.97699177126665,-6572.14184506587
11.335184124513493,6.475724578520346,0.6493091958077805,50.97699177126665,-6572.14184506587
11.335184124513493,6.475724578520346,0.6493091958077805,50.97699177126665,-6572.14184506587
11.335184124513493,6.475724578520346,0.6493091958077805,50.97699177126665,-6572.14184506587
10.944599555436682,6.907207182273608,0.5209630567053751,50.66996451728019,-6575.421880650054
10.944599555436682,6.907207182273608,0.5209630567053751,50.66996451728019,-6575.421880650054
10.944599555436682,6.907207182273608,0.5209630567053751,50.66996451728019,-6575.421880650054
11.71969107137189,8.32880650869996,0.4301009963865202,51.0616082331549,-6575.563240753466
11.71969107137189,8.32880650869996,0.4301009963865202,51.0616082331549,-6575.563240753466
11.71969107137189,8.32880650869996,0.4301009963865202,51.0616082331549,-6575.563240753466
11.71969107137189,8.32880650869996,0.4301009963865202,51.0616082331549,-6575.563240753466
11.090005159629456,8.064597577368575,0.5735257030745372,51.59992081002185,-6573.564236195524
11.090005159629456,8.064597577368575,0.5735257030745372,51.59992081002185,-6573.564236195524
11.090005159629456,8.064597577368575,0.5735257030745372,51.59992081002185,-6573.564236195524
11.090005159629456,8.064597577368575,0.5735257030745372,51.59992081002185,-6573.564236195524
11.090005159629456,8.064597577368575,0.5735257030745372,51.59992081002185,-6573.564236195524
11.090005159629456,8.064597577368575,0.5735257030745372,51.59992081002185,-6573.564236195524
11.090005159629456,8.064597577368575,0.5735257030745372,51.59992081002185,-6573.564236195524
11.090005159629456,8.064597577368575,0.5735257030745372,51.59992081002185,-6573.564236195524
11.090005159629456,8.064597577368575,0.5735257030745372,51.59992081002185,-6573.564236195524
11.090005159629456,8.064597577368575,0.5735257030745372,51.59992081002185,-6573.564236195524
10.592672649907287,8.218755647864029,0.47077991655004037,50.135915798204714,-6575.742495867809
10.592672649907287,8.218755647864029,0.47077991655004037,50.135915798204714,-6575.742495867809
10.5248906499881,7.2971573916432275,0.6360340255615331,49.72289349555234,-6572.877427876005
10.5248906499881,7.2971573916432275,0.6360340255615331,49.72289349555234,-6572.877427876005
10.5248906499881,7.2971573916432275,0.6360340255615331,49.72289349555234,-6572.877427876005
11.388760964143659,8.474969579838183,0.5828787561673743,49.77509678281282,-6572.999775031349
11.388760964143659,8.474969579838183,0.5828787561673743,49.77509678281282,-6572.999775031349
11.281331822071863,8.430448262607662,0.7820361528494632,50.63478157935736,-6572.925298443301
11.281331822071863,8.430448262607662,0.7820361528494632,50.63478157935736,-6572.925298443301
11.281331822071863,8.430448262607662,0.7820361528494632,50.63478157935736,-6572.925298443301
11.281331822071863,8.430448262607662,0.7820361528494632,50.63478157935736,-6572.925298443301
11.281331822071863,8.430448262607662,0.7820361528494632,50.63478157935736,-6572.925298443301
10.280818083990797,9.342292887052665,0.7393244906907551,51.55065895686708,-6572.557266008585
10.280818083990797,9.342292887052665,0.7393244906907551,51.55065895686708,-6572.557266008585
10.280818083990797,9.342292887052665,0.7393244906907551,51.55065895686708,-6572.557266008585
10.280818083990797,9.342292887052665,0.7393244906907551,51.55065895686708,-6572.557266008585
10.280818083990797,9.342292887052665,0.7393244906907551,51.55065895686708,-6572.557266008585
10.280818083990797,9.342292887052665,0.7393244906907551,51.55065895686708,-6572.557266008585
10.280818083990797,9.342292887052665,0.7393244906907551,51.55065895686708,-6572.557266008585
10.557554086643545,10.125696374071351,0.5981051509365034,51.093039773926435,-6572.185819250417
10.557554086643545,10.125696374071351,0.5981051509365034,51.093039773926435,-6572.185819250417
10.875241862751594,7.63891563538668,0.7181508929196728,49.88888151794892,-6570.940339420594
10.875241862751594,7.63891563538668,0.7181508929196728,49.88888151794892,-6570.940339420594
10.875241862751594,7.63891563538668,0.7181508929196728,49.88888151794892,-6570.940339420594
10.78346678261517,8.968340389922723,0.6709634578019752,50.611800024556196,-6571.024932526643
10.78346678261517,8.968340389922723,0.6709634578019752,50.611800024556196,-6571.024932526643
11.530167369959596,7.9536434473412685,0.6377929375418212,50.557568476196295,-6572.003102428895
11.530167369959596,7.9536434473412685,0.6377929375418212,50.557568476196295,-6572.003102428895
11.530167369959596,7.9536434473412685,0.6377929375418212,50.557568476196295,-6572.003102428895
11.530167369959596,7.9536434473412685,0.6377929375418212,50.557568476196295,-6572.003102428895
11.360769486233638,8.570592617372931,0.5170411321226508,50.54630266692938,-6572.837438814713
11.360769486233638,8.570592617372931,0.5170411321226508,50.54630266692938,-6572.837438814713
11.360769486233638,8.570592617372931,0.5170411321226508,50.54630266692938,-6572.837438814713
10.396579576639251,11.15302981311519,0.6258830391566141,50.33039463312458,-6572.7767023346605
10.396579576639251,11.15302981311519,0.6258830391566141,50.33039463312458,-6572.7767023346605
9.182368659152404,9.799098715454942,0.6323875552777436,50.01887300888524,-6572.715174367431
9.182368659152404,9.799098715454942,0.6323875552777436,50.01887300888524,-6572.715174367431
9.182368659152404,9.799098715454942,0.6323875552777436,50.01887300888524,-6572.715174367431
9.182368659152404,9.799098715454942,0.6323875552777436,50.01887300888524,-6572.715174367431
9.182368659152404,9.799098715454942,0.6323875552777436,50.01887300888524,-6572.715174367431
9.182368659152404,9.799098715454942,0.6323875552777436,50.01887300888524,-6572.715174367431
9.182368659152404,9.799098715454942,0.6323875552777436,50.01887300888524,-6572.715174367431
9.182368659152404,9.799098715454942,0.6323875552777436,50.01887300888524,-6572.715174367431
9.510264853291567,12.016949440365323,0.6357537554307788,50.404983191842,-6572.005024735081
9.510264853291567,12.016949440365323,0.6357537554307788,50.404983191842,-6572.005024735081
9.510264853291567,12.016949440365323,0.6357537554307788,50.404983191842,-6572.005024735081
9.510264853291567,12.016949440365323,0.6357537554307788,50.404983191842,-6572.005024735081
9.510264853291567,12.016949440365323,0.6357537554307788,50.404983191842,-6572.005024735081
9.566717422599698,11.612674900288287,0.6434566196295577,50.32201172242289,-6571.597193899223
9.566717422599698,11.612674900288287,0.6434566196295577,50.32201172242289,-6571.597193899223
9.566717422599698,11.612674900288287,0.6434566196295577,50.32201172242289,-6571.597193899223
9.566717422599698,11.612674900288287,0.6434566196295577,50.32201172242289,-6571.597193899223
9.566717422599698,11.612674900288287,0.6434566196295577,50.32201172242289,-6571.597193899223
9.566717422599698,11.612674900288287,0.6434566196295577,50.32201172242289,-6571.597193899223
9.566717422599698,11.612674900288287,0.6434566196295577,50.32201172242289,-6571.597193899223
9.566717422599698,11.612674900288287,0.6434566196295577,50.32201172242289,-6571.597193899223
10.232044514376783,10.326807750261516,0.6518949382788979,49.89613890591475,-6571.595305976359
10.232044514376783,10.326807750261516,0.6518949382788979,49.89613890591475,-6571.595305976359
9.955162072900336,9.534257764785064,0.6852245553957965,49.748524434793055,-6570.996984188359
9.955162072900336,9.534257764785064,0.6852245553957965,49.748524434793055,-6570.996984188359
9.955162072900336,9.534257764785064,0.6852245553957965,49.748524434793055,-6570.996984188359
9.955162072900336,9.534257764785064,0.6852245553957965,49.748524434793055,-6570.996984188359
9.955162072900336,9.534257764785064,0.6852245553957965,49.748524434793055,-6570.996984188359
10.200825679735525,8.28277045829715,0.6642194483588261,50.23043745808964,-6570.870801599679
10.200825679735525,8.28277045829715,0.6642194483588261,50.23043745808964,-6570.870801599679
10.200825679735525,8.28277045829715,0.6642194483588261,50.23043745808964,-6570.870801599679
10.200825679735525,8.28277045829715,0.6642194483588261,50.23043745808964,-6570.870801599679
10.200825679735525,8.28277045829715,0.6642194483588261,50.23043745808964,-6570.870801599679
10.200825679735525,8.28277045829715,0.6642194483588261,50.23043745808964,-6570.870801599679
9.930197407430537,8.538447500140258,0.6475228255145032,50.12759869672547,-6571.514427928815
9.930197407430537,8.538447500140258,0.6475228255145032,50.12759869672547,-6571.514427928815
9.885676000437178,7.266373509345483,0.7682357194377397,50.07932983577743,-6571.975368294987
10.839497528446778,7.722471110999869,0.5741527707291942,49.59813544086552,-6573.422342088665
10.839497528446778,7.722471110999869,0.5741527707291942,49.59813544086552,-6573.422342088665
10.839497528446778,7.722471110999869,0.5741527707291942,49.59813544086552,-6573.422342088665
10.97522444237784,5.630960952331591,0.7825153033740501,49.338653440919494,-6573.647932112021
10.97522444237784,5.630960952331591,0.7825153033740501,49.338653440919494,-6573.647932112021
10.97522444237784,5.630960952331591,0.7825153033740501,49.338653440919494,-6573.647932112021
10.97522444237784,5.630960952331591,0.7825153033740501,49.338653440919494,-6573.647932112021
10.97522444237784,5.630960952331591,0.7825153033740501,49.338653440919494,-6573.647932112021
10.842916283110922,7.621602859947341,0.9554985758773322,49.38640178854965,-6573.873527060804
10.842916283110922,7.621602859947341,0.9554985758773322,49.38640178854965,-6573.873527060804
10.842916283110922,7.621602859947341,0.9554985758773322,49.38640178854965,-6573.873527060804
10.842916283110922,7.621602859947341,0.9554985758773322,49.38640178854965,-6573.873527060804
10.842916283110922,7.621602859947341,0.9554985758773322,49.38640178854965,-6573.873527060804
10.842916283110922,7.621602859947341,0.9554985758773322,49.38640178854965,-6573.873527060804
10.842916283110922,7.621602859947341,0.9554985758773322,49.38640178854965,-6573.873527060804
11.013319439805475,6.875650348548791,1.0100403298567793,49.897238586499725,-6573.369497090396
10.659138368470321,7.392274223400042,1.068863372838665,50.089580593268245,-6573.80334442515
10.659138368470321,7.392274223400042,1.068863372838665,50.089580593268245,-6573.80334442515
10.659138368470321,7.392274223400042,1.068863372838665,50.089580593268245,-6573.80334442515
10.659138368470321,7.392274223400042,1.068863372838665,50.089580593268245,-6573.80334442515
10.659138368470321,7.392274223400042,1.068863372838665,50.089580593268245,-6573.80334442515
10.659138368470321,7.392274223400042,1.068863372838665,50.089580593268245,-6573.80334442515
10.659138368470321,7.392274223400042,1.068863372838665,50.089580593268245,-6573.80334442515
10.902192209168842,7.7837253994442035,1.0221403118048524,50.16012320895005,-6574.423658500916
10.902192209168842,7.7837253994442035,1.0221403118048524,50.16012320895005,-6574.423658500916
10.902192209168842,7.7837253994442035,1.0221403118048524,50.16012320895005,-6574.423658500916
10.902192209168842,7.7837253994442035,1.0221403118048524,50.16012320895005,-6574.423658500916
10.902192209168842,7.7837253994442035,1.0221403118048524,50.16012320895005,-6574.423658500916
10.902192209168842,7.7837253994442035,1.0221403118048524,50.16012320895005,-6574.423658500916
10.126403354874547,5.270166641808238,1.0004712843588668,50.288630969826,-6573.809615519789
11.065445166165373,5.103061680103238,0.8598839373746379,49.92214817711208,-6572.389198076673
11.065445166165373,5.103061680103238,0.8598839373746379,49.92214817711208,-6572.389198076673
11.065445166165373,5.103061680103238,0.8598839373746379,49.92214817711208,-6572.389198076673
11.065445166165373,5.103061680103238,0.8598839373746379,49.92214817711208,-6572.389198076673
10.566424208660539,5.470088616268038,0.8841273163144253,49.989382286314985,-6572.497826324938
10.566424208660539,5.470088616268038,0.8841273163144253,49.989382286314985,-6572.497826324938
10.566424208660539,5.470088616268038,0.8841273163144253,49.989382286314985,-6572.497826324938
10.566424208660539,5.470088616268038,0.8841273163144253,49.989382286314985,-6572.497826324938
10.566424208660539,5.470088616268038,0.8841273163144253,49.989382286314985,-6572.497826324938
10.566424208660539,5.470088616268038,0.8841273163144253,49.989382286314985,-6572.497826324938
10.808709934851876,8.237763692169203,0.6214366451319551,49.08463495669947,-6573.923125097352
10.808709934851876,8.237763692169203,0.6214366451319551,49.08463495669947,-6573.923125097352
10.808709934851876,8.237763692169203,0.6214366451319551,49.08463495669947,-6573.923125097352
10.808709934851876,8.237763692169203,0.6214366451319551,49.08463495669947,-6573.923125097352
11.005895648562047,9.24414627682784,0.5092609988114266,49.58038403458271,-6574.03644988388
11.005895648562047,9.24414627682784,0.5092609988114266,49.58038403458271,-6574.03644988388
11.005895648562047,9.24414627682784,0.5092609988114266,49.58038403458271,-6574.03644988388
11.005895648562047,9.24414627682784,0.5092609988114266,49.58038403458271,-6574.03644988388
11.005895648562047,9.24414627682784,0.5092609988114266,49.58038403458271,-6574.03644988388
11.005895648562047,9.24414627682784,0.5092609988114266,49.58038403458271,-6574.03644988388
11.005895648562047,9.24414627682784,0.5092609988114266,49.58038403458271,-6574.03644988388
11.005895648562047,9.24414627682784,0.5092609988114266,49.58038403458271,-6574.03644988388
10.612508754649635,10.07617742426284,0.6358804443480446,49.34922385745831,-6573.527441702547
10.910114076212361,11.434530980635977,0.629003354406073,50.68401570766812,-6575.749532644255
10.910114076212361,11.434530980635977,0.629003354406073,50.68401570766812,-6575.749532644255
10.910114076212361,11.434530980635977,0.629003354406073,50.68401570766812,-6575.749532644255
10.961612765491072,11.200945637535805,0.5897371534946797,50.676211733431785,-6574.943994976045
10.961612765491072,11.200945637535805,0.5897371534946797,50.676211733431785,-6574.943994976045
10.961612765491072,11.200945637535805,0.5897371534946797,50.676211733431785,-6574.943994976045
10.961612765491072,11.200945637535805,0.5897371534946797,50.676211733431785,-6574.943994976045
10.961612765491072,11.200945637535805,0.5897371534946797,50.676211733431785,-6574.943994976045
10.635098244104412,8.891682740632055,0.6636894701962192,49.778316361112594,-6571.324024703191
10.635098244104412,8.891682740632055,0.6636894701962192,49.778316361112594,-6571.324024703191
10.635098244104412,8.891682740632055,0.6636894701962192,49.778316361112594,-6571.324024703191
10.635098244104412,8.891682740632055,0.6636894701962192,49.778316361112594,-6571.324024703191
10.635098244104412,8.891682740632055,0.6636894701962192,49.778316361112594,-6571.324024703191
10.635098244104412,8.891682740632055,0.6636894701962192,49.778316361112594,-6571.324024703191
10.635098244104412,8.891682740632055,0.6636894701962192,49.778316361112594,-6571.324024703191
10.225242599734864,8.611872443121214,0.6247251038441081,50.246153181364384,-6571.113251360244
10.225242599734864,8.611872443121214,0.6247251038441081,50.246153181364384,-6571.113251360244
10.134164082814793,10.350259100116299,0.5536456776994706,50.09057422063809,-6571.827005574174
10.134164082814793,10.350259100116299,0.5536456776994706,50.09057422063809,-6571.827005574174
10.991940953843743,8.674403396081315,0.6818143182782643,49.97232730186243,-6571.590584772268
10.991940953843743,8.674403396081315,0.6818143182782643,49.97232730186243,-6571.590584772268
10.991940953843743,8.674403396081315,0.6818143182782643,49.97232730186243,-6571.590584772268
10.991940953843743,8.674403396081315,0.6818143182782643,49.97232730186243,-6571.590584772268
10.404040446450209,9.405276623082983,0.7149024607449305,49.03113246881031,-6573.543550100554
10.404040446450209,9.405276623082983,0.7149024607449305,49.03113246881031,-6573.543550100554
10.404040446450209,9.405276623082983,0.7149024607449305,49.03113246881031,-6573.543550100554
10.404040446450209,9.405276623082983,0.7149024607449305,49.03113246881031,-6573.543550100554
10.404040446450209,9.405276623082983,0.7149024607449305,49.03113246881031,-6573.543550100554
10.368792734052805,9.268211548024683,0.5838528881287879,49.513813276842235,-6572.5892851502895
10.57348922353971,8.207398838005034,0.5702656056098072,50.084717842504375,-6572.275527746551
10.57348922353971,8.207398838005034,0.5702656056098072,50.084717842504375,-6572.275527746551
10.57348922353971,8.207398838005034,0.5702656056098072,50.084717842504375,-6572.275527746551
10.57348922353971,8.207398838005034,0.5702656056098072,50.084717842504375,-6572.275527746551
10.57348922353971,8.207398838005034,0.5702656056098072,50.084717842504375,-6572.275527746551
10.57348922353971,8.207398838005034,0.5702656056098072,50.084717842504375,-6572.275527746551
10.57348922353971,8.207398838005034,0.5702656056098072,50.084717842504375,-6572.275527746551
10.57348922353971,8.207398838005034,0.5702656056098072,50.084717842504375,-6572.275527746551
10.57348922353971,8.207398838005034,0.5702656056098072,50.084717842504375,-6572.275527746551
10.57348922353971,8.207398838005034,0.5702656056098072,50.084717842504375,-6572.275527746551
10.57348922353971,8.207398838005034,0.5702656056098072,50.084717842504375,-6572.275527746551
10.57348922353971,8.207398838005034,0.5702656056098072,50.084717842504375,-6572.275527746551
10.57348922353971,8.207398838005034,0.5702656056098072,50.084717842504375,-6572.275527746551
10.57348922353971,8.207398838005034,0.5702656056098072,50.084717842504375,-6572.275527746551
10.57348922353971,8.207398838005034,0.5702656056098072,50.084717842504375,-6572.275527746551
10.928717369977146,9.467393678798107,0.5678936336539961,50.38413248186851,-6571.955721942987
10.532263193868499,8.626193425487177,0.6602293507042487,49.44952377632476,-6571.9958083214615
10.532263193868499,8.626193425487177,0.6602293507042487,49.44952377632476,-6571.9958083214615
10.532263193868499,8.626193425487177,0.6602293507042487,49.44952377632476,-6571.9958083214615
10.532263193868499,8.626193425487177,0.6602293507042487,49.44952377632476,-6571.9958083214615
10.532263193868499,8.626193425487177,0.6602293507042487,49.44952377632476,-6571.9958083214615
10.532263193868499,8.626193425487177,0.6602293507042487,49.44952377632476,-6571.9958083214615
10.532263193868499,8.626193425487177,0.6602293507042487,49.44952377632476,-6571.9958083214615
10.552006913940579,7.906718105003866,0.6278980532820206,49.65961327227712,-6572.222326973813
9.528036531736968,10.15789453559722,0.6580913533856811,49.570909371732405,-6571.856360847055
9.663459054581464,10.024029953831908,0.6554100746807435,48.86520187738988,-6574.380350421294
9.663459054581464,10.024029953831908,0.6554100746807435,48.86520187738988,-6574.380350421294
9.663459054581464,10.024029953831908,0.6554100746807435,48.86520187738988,-6574.380350421294
9.663459054581464,10.024029953831908,0.6554100746807435,48.86520187738988,-6574.380350421294
9.663459054581464,10.024029953831908,0.6554100746807435,48.86520187738988,-6574.380350421294
9.663459054581464,10.024029953831908,0.6554100746807435,48.86520187738988,-6574.380350421294
9.639519104486252,10.147125487084267,0.7432156232335849,49.73335359113039,-6571.117817144073
9.639519104486252,10.147125487084267,0.7432156232335849,49.73335359113039,-6571.117817144073
10.894564950062282,7.592335346018773,0.826152791007699,50.33714619258338,-6570.934607829219
10.894564950062282,7.592335346018773,0.826152791007699,50.33714619258338,-6570.934607829219
10.894564950062282,7.592335346018773,0.826152791007699,50.33714619258338,-6570.934607829219
10.894564950062282,7.592335346018773,0.826152791007699,50.33714619258338,-6570.934607829219
11.148588752233575,6.429805014856463,0.9037383239558878,49.58205593957229,-6572.451485462672
11.148588752233575,6.429805014856463,0.9037383239558878,49.58205593957229,-6572.451485462672
11.148588752233575,6.429805014856463,0.9037383239558878,49.58205593957229,-6572.451485462672
9.244924645491594,7.763714923812175,0.8752470678701983,49.81509546815524,-6572.99284118066
9.244924645491594,7.763714923812175,0.8752470678701983,49.81509546815524,-6572.99284118066
9.244924645491594,7.763714923812175,0.8752470678701983,49.81509546815524,-6572.99284118066
9.244924645491594,7.763714923812175,0.8752470678701983,49.81509546815524,-6572.99284118066
9.244924645491594,7.763714923812175,0.8752470678701983,49.81509546815524,-6572.99284118066
9.054418864663642,10.970846134242858,0.6086205939287712,50.06303827344589,-6572.295734710872
9.054418864663642,10.970846134242858,0.6086205939287712,50.06303827344589,-6572.295734710872
9.979205211227418,9.205375675311078,0.6056705191725253,50.382617947078174,-6571.2878799911305
9.979205211227418,9.205375675311078,0.6056705191725253,50.382617947078174,-6571.2878799911305
9.979205211227418,9.205375675311078,0.6056705191725253,50.382617947078174,-6571.2878799911305
9.979205211227418,9.205375675311078,0.6056705191725253,50.382617947078174,-6571.2878799911305
9.979205211227418,9.205375675311078,0.6056705191725253,50.382617947078174,-6571.2878799911305
9.886557273446474,9.98924243631778,0.6179535062567859,50.69468036748917,-6570.998128748504
9.886557273446474,9.98924243631778,0.6179535062567859,50.69468036748917,-6570.998128748504
9.886557273446474,9.98924243631778,0.6179535062567859,50.69468036748917,-6570.998128748504
9.886557273446474,9.98924243631778,0.6179535062567859,50.69468036748917,-6570.998128748504
9.876609718691254,10.859064949555409,0.6104951835847205,51.399667620817596,-6572.690271922487
10.601278528435017,9.765402819550609,0.5735728193636398,51.12834424222417,-6572.1369970267115
10.601278528435017,9.765402819550609,0.5735728193636398,51.12834424222417,-6572.1369970267115
10.601278528435017,9.765402819550609,0.5735728193636398,51.12834424222417,-6572.1369970267115
10.133381380237596,12.080388413341215,0.5094970539183971,50.46443756070535,-6573.447727959861
10.133381380237596,12.080388413341215,0.5094970539183971,50.46443756070535,-6573.447727959861
9.669492086263611,11.872563448850471,0.6643890674980866,51.33484569392155,-6573.481222617267
9.669492086263611,11.872563448850471,0.6643890674980866,51.33484569392155,-6573.481222617267
9.669492086263611,11.872563448850471,0.6643890674980866,51.33484569392155,-6573.481222617267
9.669492086263611,11.872563448850471,0.6643890674980866,51.33484569392155,-6573.481222617267
10.45792372668048,9.041416920701167,0.7186461667958737,51.64211789040746,-6572.778672389696
10.45792372668048,9.041416920701167,0.7186461667958737,51.64211789040746,-6572.778672389696
10.45792372668048,9.041416920701167,0.7186461667958737,51.64211789040746,-6572.778672389696
10.91032757899736,7.668127636032592,0.8296094524747339,51.08472094651511,-6571.740450834699
10.91032757899736,7.668127636032592,0.8296094524747339,51.08472094651511,-6571.740450834699
10.660654135688606,8.64448719351671,0.845732980434256,50.8930327395863,-6572.0967096386885
10.660654135688606,8.64448719351671,0.845732980434256,50.8930327395863,-6572.0967096386885
10.660654135688606,8.64448719351671,0.845732980434256,50.8930327395863,-6572.0967096386885
10.660654135688606,8.64448719351671,0.845732980434256,50.8930327395863,-6572.0967096386885
10.660654135688606,8.64448719351671,0.845732980434256,50.8930327395863,-6572.0967096386885
10.660654135688606,8.64448719351671,0.845732980434256,50.8930327395863,-6572.0967096386885
10.890256039307168,6.06278178602329,0.8527995532504385,50.56293703890924,-6571.031987762673
10.890256039307168,6.06278178602329,0.8527995532504385,50.56293703890924,-6571.031987762673
10.975971379596924,7.012080203071944,0.891586678439031,50.63523758884517,-6571.426272533776
10.975971379596924,7.012080203071944,0.891586678439031,50.63523758884517,-6571.426272533776
10.593013868558424,8.354653986303386,0.7624506247597829,50.91420525265261,-6570.82906232984
10.593013868558424,8.354653986303386,0.7624506247597829,50.91420525265261,-6570.82906232984
10.593013868558424,8.354653986303386,0.7624506247597829,50.91420525265261,-6570.82906232984
9.882133301978696,9.057066379364988,0.729324667243835,50.91048934826378,-6570.687254478548
9.882133301978696,9.057066379364988,0.729324667243835,50.91048934826378,-6570.687254478548
9.882133301978696,9.057066379364988,0.729324667243835,50.91048934826378,-6570.687254478548
9.882133301978696,9.057066379364988,0.729324667243835,50.91048934826378,-6570.687254478548
9.882133301978696,9.057066379364988,0.729324667243835,50.91048934826378,-6570.687254478548
9.882133301978696,9.057066379364988,0.729324667243835,50.91048934826378,-6570.687254478548
9.882133301978696,9.057066379364988,0.729324667243835,50.91048934826378,-6570.687254478548
9.882133301978696,9.057066379364988,0.729324667243835,50.91048934826378,-6570.687254478548
9.882133301978696,9.057066379364988,0.729324667243835,50.91048934826378,-6570.687254478548
9.882133301978696,9.057066379364988,0.729324667243835,50.91048934826378,-6570.687254478548
9.882133301978696,9.057066379364988,0.729324667243835,50.91048934826378,-6570.687254478548
9.882133301978696,9.057066379364988,0.729324667243835,50.91048934826378,-6570.687254478548
9.588935980577215,10.528114651407446,0.7597676247527677,50.575602667072125,-6570.954920597532
9.588935980577215,10.528114651407446,0.7597676247527677,50.575602667072125,-6570.954920597532
9.588935980577215,10.528114651407446,0.7597676247527677,50.575602667072125,-6570.954920597532
9.457759393695254,11.100122402973081,0.7663275040039876,50.361481750448206,-6571.4223054624
9.349089107173175,9.719309948538413,0.7341272101645537,49.69591028930258,-6571.3910371177635
9.349089107173175,9.719309948538413,0.7341272101645537,49.69591028930258,-6571.3910371177635
9.349089107173175,9.719309948538413,0.7341272101645537,49.69591028930258,-6571.3910371177635
9.349089107173175,9.719309948538413,0.7341272101645537,49.69591028930258,-6571.3910371177635
9.349089107173175,9.719309948538413,0.7341272101645537,49.69591028930258,-6571.3910371177635
9.349089107173175,9.719309948538413,0.7341272101645537,49.69591028930258,-6571.3910371177635
9.349089107173175,9.719309948538413,0.7341272101645537,49.69591028930258,-6571.3910371177635
9.349089107173175,9.719309948538413,0.7341272101645537,49.69591028930258,-6571.3910371177635
9.349089107173175,9.719309948538413,0.7341272101645537,49.69591028930258,-6571.3910371177635
9.349089107173175,9.719309948538413,0.7341272101645537,49.69591028930258,-6571.3910371177635
9.349089107173175,9.719309948538413,0.7341272101645537,49.69591028930258,-6571.3910371177635
9.349089107173175,9.719309948538413,0.7341272101645537,49.69591028930258,-6571.3910371177635
9.349089107173175,9.719309948538413,0.7341272101645537,49.69591028930258,-6571.3910371177635
9.349089107173175,9.719309948538413,0.7341272101645537,49.69591028930258,-6571.3910371177635
9.349089107173175,9.719309948538413,0.7341272101645537,49.69591028930258,-6571.3910371177635
9.349089107173175,9.719309948538413,0.7341272101645537,49.69591028930258,-6571.3910371177635
9.349089107173175,9.719309948538413,0.7341272101645537,49.69591028930258,-6571.3910371177635
9.349089107173175,9.719309948538413,0.7341272101645537,49.69591028930258,-6571.3910371177635
10.14992596355037,9.803531235220184,0.7698126369629398,49.9884357814875,-6571.258743440405
10.14992596355037,9.803531235220184,0.7698126369629398,49.9884357814875,-6571.258743440405
10.14992596355037,9.803531235220184,0.7698126369629398,49.9884357814875,-6571.258743440405
10.418469008204296,7.6338288863610195,0.946628211703013,50.76132690147751,-6571.58130422916
10.418469008204296,7.6338288863610195,0.946628211703013,50.76132690147751,-6571.58130422916
10.418469008204296,7.6338288863610195,0.946628211703013,50.76132690147751,-6571.58130422916
10.418469008204296,7.6338288863610195,0.946628211703013,50.76132690147751,-6571.58130422916
11.034964724596414,6.81170011725087,0.6879922117263064,50.551168384440466,-6571.079183925681
11.034964724596414,6.81170011725087,0.6879922117263064,50.551168384440466,-6571.079183925681
11.034964724596414,6.81170011725087,0.6879922117263064,50.551168384440466,-6571.079183925681
11.034964724596414,6.81170011725087,0.6879922117263064,50.551168384440466,-6571.079183925681
11.034964724596414,6.81170011725087,0.6879922117263064,50.551168384440466,-6571.079183925681
11.034964724596414,6.81170011725087,0.6879922117263064,50.551168384440466,-6571.079183925681
11.068939672336805,8.441449585599216,0.7386146187146707,50.89812159575261,-6571.848349157944
11.068939672336805,8.441449585599216,0.7386146187146707,50.89812159575261,-6571.848349157944
11.068939672336805,8.441449585599216,0.7386146187146707,50.89812159575261,-6571.848349157944
10.79205329237203,6.722116272767227,0.9785706894492342,50.87468382884004,-6572.210920770471
10.79205329237203,6.722116272767227,0.9785706894492342,50.87468382884004,-6572.210920770471
10.79205329237203,6.722116272767227,0.9785706894492342,50.87468382884004,-6572.210920770471
10.79205329237203,6.722116272767227,0.9785706894492342,50.87468382884004,-6572.210920770471
10.79205329237203,6.722116272767227,0.9785706894492342,50.87468382884004,-6572.210920770471
10.79205329237203,6.722116272767227,0.9785706894492342,50.87468382884004,-6572.210920770471
10.79205329237203,6.722116272767227,0.9785706894492342,50.87468382884004,-6572.210920770471
9.727815231483078,7.916331282266883,0.8312882449510999,50.46136446272758,-6570.84019167959
9.727815231483078,7.916331282266883,0.8312882449510999,50.46136446272758,-6570.84019167959
9.727815231483078,7.916331282266883,0.8312882449510999,50.46136446272758,-6570.84019167959
9.727815231483078,7.916331282266883,0.8312882449510999,50.46136446272758,-6570.84019167959
9.727815231483078,7.916331282266883,0.8312882449510999,50.46136446272758,-6570.84019167959
9.727815231483078,7.916331282266883,0.8312882449510999,50.46136446272758,-6570.84019167959
9.727815231483078,7.916331282266883,0.8312882449510999,50.46136446272758,-6570.84019167959
9.727815231483078,7.916331282266883,0.8312882449510999,50.46136446272758,-6570.84019167959
9.727815231483078,7.916331282266883,0.8312882449510999,50.46136446272758,-6570.84019167959
9.727815231483078,7.916331282266883,0.8312882449510999,50.46136446272758,-6570.84019167959
9.727815231483078,7.916331282266883,0.8312882449510999,50.46136446272758,-6570.84019167959
9.727815231483078,7.916331282266883,0.8312882449510999,50.46136446272758,-6570.84019167959
9.727815231483078,7.916331282266883,0.8312882449510999,50.46136446272758,-6570.84019167959
9.727815231483078,7.916331282266883,0.8312882449510999,50.46136446272758,-6570.84019167959
9.727815231483078,7.916331282266883,0.8312882449510999,50.46136446272758,-6570.84019167959
9.727815231483078,7.916331282266883,0.8312882449510999,50.46136446272758,-6570.84019167959
9.727815231483078,7.916331282266883,0.8312882449510999,50.46136446272758,-6570.84019167959
9.727815231483078,7.916331282266883,0.8312882449510999,50.46136446272758,-6570.84019167959
9.727815231483078,7.916331282266883,0.8312882449510999,50.46136446272758,-6570.84019167959
9.727815231483078,7.916331282266883,0.8312882449510999,50.46136446272758,-6570.84019167959
9.727815231483078,7.916331282266883,0.8312882449510999,50.46136446272758,-6570.84019167959
9.692981562157174,8.717226032173306,0.8718845730384059,50.944032304345086,-6571.170245579266
9.692981562157174,8.717226032173306,0.8718845730384059,50.944032304345086,-6571.170245579266
9.517380865906308,8.56006751732821,0.8226168710505803,50.32137823242331,-6570.741557479444
9.517380865906308,8.56006751732821,0.8226168710505803,50.32137823242331,-6570.741557479444
9.517380865906308,8.56006751732821,0.8226168710505803,50.32137823242331,-6570.741557479444
9.517380865906308,8.56006751732821,0.8226168710505803,50.32137823242331,-6570.741557479444
9.517380865906308,8.56006751732821,0.8226168710505803,50.32137823242331,-6570.741557479444
9.517380865906308,8.56006751732821,0.8226168710505803,50.32137823242331,-6570.741557479444
9.517380865906308,8.56006751732821,0.8226168710505803,50.32137823242331,-6570.741557479444
9.517380865906308,8.56006751732821,0.8226168710505803,50.32137823242331,-6570.741557479444
9.517380865906308,8.56006751732821,0.8226168710505803,50.32137823242331,-6570.741557479444
9.517380865906308,8.56006751732821,0.8226168710505803,50.32137823242331,-6570.741557479444
9.517380865906308,8.56006751732821,0.8226168710505803,50.32137823242331,-6570.741557479444
9.59366572078125,8.489007770420253,0.8988546703857816,49.67959861281533,-6571.4222876630565
9.59366572078125,8.489007770420253,0.8988546703857816,49.67959861281533,-6571.4222876630565
10.664408294525787,7.116937770784249,0.8455337127689304,49.795805353640716,-6571.034464972137
10.664408294525787,7.116937770784249,0.8455337127689304,49.795805353640716,-6571.034464972137
10.664408294525787,7.116937770784249,0.8455337127689304,49.795805353640716,-6571.034464972137
10.664408294525787,7.116937770784249,0.8455337127689304,49.795805353640716,-6571.034464972137
10.664408294525787,7.116937770784249,0.8455337127689304,49.795805353640716,-6571.034464972137
10.664408294525787,7.116937770784249,0.8455337127689304,49.795805353640716,-6571.034464972137
10.664408294525787,7.116937770784249,0.8455337127689304,49.795805353640716,-6571.034464972137
10.664408294525787,7.116937770784249,0.8455337127689304,49.795805353640716,-6571.034464972137
10.664408294525787,7.116937770784249,0.8455337127689304,49.795805353640716,-6571.034464972137
10.664408294525787,7.116937770784249,0.8455337127689304,49.795805353640716,-6571.034464972137
11.367069935649985,5.668736694727199,0.825959485291972,50.69241977256613,-6571.44052439567
11.367069935649985,5.668736694727199,0.825959485291972,50.69241977256613,-6571.44052439567
11.367069935649985,5.668736694727199,0.825959485291972,50.69241977256613,-6571.44052439567
11.367069935649985,5.668736694727199,0.825959485291972,50.69241977256613,-6571.44052439567
11.475295045184247,5.037540359375641,0.9432427543251053,50.98276686352637,-6572.731893451171
11.475295045184247,5.037540359375641,0.9432427543251053,50.98276686352637,-6572.731893451171
11.475295045184247,5.037540359375641,0.9432427543251053,50.98276686352637,-6572.731893451171
11.475295045184247,5.037540359375641,0.9432427543251053,50.98276686352637,-6572.731893451171
11.475295045184247,5.037540359375641,0.9432427543251053,50.98276686352637,-6572.731893451171
11.475295045184247,5.037540359375641,0.9432427543251053,50.98276686352637,-6572.731893451171
11.475295045184247,5.037540359375641,0.9432427543251053,50.98276686352637,-6572.731893451171
11.475295045184247,5.037540359375641,0.9432427543251053,50.98276686352637,-6572.731893451171
11.475295045184247,5.037540359375641,0.9432427543251053,50.98276686352637,-6572.731893451171
11.475295045184247,5.037540359375641,0.9432427543251053,50.98276686352637,-6572.731893451171
11.475295045184247,5.037540359375641,0.9432427543251053,50.98276686352637,-6572.731893451171
11.023572120908474,6.19329002263103,0.8352412564251671,50.858295697967804,-6571.201112856355
11.023572120908474,6.19329002263103,0.8352412564251671,50.858295697967804,-6571.201112856355
11.0530590821155,6.471278936131844,0.7536539160546469,50.7470682224125,-6570.997493429943
11.0530590821155,6.471278936131844,0.7536539160546469,50.7470682224125,-6570.997493429943
11.0530590821155,6.471278936131844,0.7536539160546469,50.7470682224125,-6570.997493429943
11.0530590821155,6.471278936131844,0.7536539160546469,50.7470682224125,-6570.997493429943
11.0530590821155,6.471278936131844,0.7536539160546469,50.7470682224125,-6570.997493429943
9.967533737432017,6.829462090952547,0.7254913791664779,50.222685642563434,-6573.387840786762
9.967533737432017,6.829462090952547,0.7254913791664779,50.222685642563434,-6573.387840786762
10.951916374681181,5.958915583575507,0.7986631976983755,50.788332570773385,-6571.38802338887
10.951916374681181,5.958915583575507,0.7986631976983755,50.788332570773385,-6571.38802338887
10.951916374681181,5.958915583575507,0.7986631976983755,50.788332570773385,-6571.38802338887
10.951916374681181,5.958915583575507,0.7986631976983755,50.788332570773385,-6571.38802338887
10.951916374681181,5.958915583575507,0.7986631976983755,50.788332570773385,-6571.38802338887
10.951916374681181,5.958915583575507,0.7986631976983755,50.788332570773385,-6571.38802338887
10.425396624978047,6.741842789703412,0.8571232347834726,50.69343930468223,-6570.88721320876
11.031844716394705,6.374569357026914,0.8764300999301793,50.5822553109578,-6571.093235346047
11.031844716394705,6.374569357026914,0.8764300999301793,50.5822553109578,-6571.093235346047
11.031844716394705,6.374569357026914,0.8764300999301793,50.5822553109578,-6571.093235346047
11.031844716394705,6.374569357026914,0.8764300999301793,50.5822553109578,-6571.093235346047
11.031844716394705,6.374569357026914,0.8764300999301793,50.5822553109578,-6571.093235346047
11.031844716394705,6.374569357026914,0.8764300999301793,50.5822553109578,-6571.093235346047
11.031844716394705,6.374569357026914,0.8764300999301793,50.5822553109578,-6571.093235346047
11.031844716394705,6.374569357026914,0.8764300999301793,50.5822553109578,-6571.093235346047
11.031844716394705,6.374569357026914,0.8764300999301793,50.5822553109578,-6571.093235346047
10.124612324331316,5.15584135694984,1.0267244481800712,49.88668635778853,-6574.410964477494
10.124612324331316,5.15584135694984,1.0267244481800712,49.88668635778853,-6574.410964477494
10.124612324331316,5.15584135694984,1.0267244481800712,49.88668635778853,-6574.410964477494
10.948820740952847,6.815125231285046,1.0481585468233197,50.458763094693545,-6573.504928631154
10.948820740952847,6.815125231285046,1.0481585468233197,50.458763094693545,-6573.504928631154
10.947680034419086,7.375495774506211,1.1174794385684115,50.17876579797147,-6575.985104609184
11.456489379683124,6.5257228493824355,1.0608891803302432,51.277485998316436,-6576.477400467763
11.456489379683124,6.5257228493824355,1.0608891803302432,51.277485998316436,-6576.477400467763
10.571620502437177,5.446451303961267,1.0205277461908686,51.5313937900842,-6574.510219169747
10.571620502437177,5.446451303961267,1.0205277461908686,51.5313937900842,-6574.510219169747
10.571620502437177,5.446451303961267,1.0205277461908686,51.5313937900842,-6574.510219169747
10.571620502437177,5.446451303961267,1.0205277461908686,51.5313937900842,-6574.510219169747
9.487261455472456,8.478209358776764,1.0245319881163515,50.27309660684869,-6572.026790715227
9.487261455472456,8.478209358776764,1.0245319881163515,50.27309660684869,-6572.026790715227
9.487261455472456,8.478209358776764,1.0245319881163515,50.27309660684869,-6572.026790715227
9.487261455472456,8.478209358776764,1.0245319881163515,50.27309660684869,-6572.026790715227
9.487261455472456,8.478209358776764,1.0245319881163515,50.27309660684869,-6572.026790715227
9.487261455472456,8.478209358776764,1.0245319881163515,50.27309660684869,-6572.026790715227
9.487261455472456,8.478209358776764,1.0245319881163515,50.27309660684869,-6572.026790715227
10.705593041268441,7.458666877782279,0.9315540399261691,50.41851121489993,-6571.578194290476
10.705593041268441,7.458666877782279,0.9315540399261691,50.41851121489993,-6571.578194290476
10.705593041268441,7.458666877782279,0.9315540399261691,50.41851121489993,-6571.578194290476
9.51889701282303,7.980324919258963,1.0338093396424566,50.03896531719701,-6572.15200310493
9.51889701282303,7.980324919258963,1.0338093396424566,50.03896531719701,-6572.15200310493
9.022042437279202,9.930093128595967,0.9502134134565312,49.76538230861715,-6572.336567243774
9.022042437279202,9.930093128595967,0.9502134134565312,49.76538230861715,-6572.336567243774
9.022042437279202,9.930093128595967,0.9502134134565312,49.76538230861715,-6572.336567243774
9.022042437279202,9.930093128595967,0.9502134134565312,49.76538230861715,-6572.336567243774
9.022042437279202,9.930093128595967,0.9502134134565312,49.76538230861715,-6572.336567243774
9.022042437279202,9.930093128595967,0.9502134134565312,49.76538230861715,-6572.336567243774
9.022042437279202,9.930093128595967,0.9502134134565312,49.76538230861715,-6572.336567243774
9.022042437279202,9.930093128595967,0.9502134134565312,49.76538230861715,-6572.336567243774
9.022042437279202,9.930093128595967,0.9502134134565312,49.76538230861715,-6572.336567243774
9.022042437279202,9.930093128595967,0.9502134134565312,49.76538230861715,-6572.336567243774
9.022042437279202,9.930093128595967,0.9502134134565312,49.76538230861715,-6572.336567243774
9.022042437279202,9.930093128595967,0.9502134134565312,49.76538230861715,-6572.336567243774
9.022042437279202,9.930093128595967,0.9502134134565312,49.76538230861715,-6572.336567243774
9.369348846542504,9.573031862734085,0.9534920902455198,50.5482240199907,-6571.841092418392
9.369348846542504,9.573031862734085,0.9534920902455198,50.5482240199907,-6571.841092418392
9.369348846542504,9.573031862734085,0.9534920902455198,50.5482240199907,-6571.841092418392
9.369348846542504,9.573031862734085,0.9534920902455198,50.5482240199907,-6571.841092418392
8.957018311581297,8.855721516566831,0.7926649049148036,50.82404235241119,-6573.073117638822
8.957018311581297,8.855721516566831,0.7926649049148036,50.82404235241119,-6573.073117638822
8.957018311581297,8.855721516566831,0.7926649049148036,50.82404235241119,-6573.073117638822
8.957018311581297,8.855721516566831,0.7926649049148036,50.82404235241119,-6573.073117638822
8.957018311581297,8.855721516566831,0.7926649049148036,50.82404235241119,-6573.073117638822
8.957018311581297,8.855721516566831,0.7926649049148036,50.82404235241119,-6573.073117638822
8.811617989000272,11.102502112214527,0.8632236998517945,50.37731784915993,-6571.971712402808
9.051241404468785,11.619243687429815,0.7804799772539575,50.43876521662869,-6571.800558141955
9.051241404468785,11.619243687429815,0.7804799772539575,50.43876521662869,-6571.800558141955
9.198092486755213,9.408905726202608,0.7654727609925627,50.3509452118962,-6571.1177236885
9.198092486755213,9.408905726202608,0.7654727609925627,50.3509452118962,-6571.1177236885
9.198092486755213,9.408905726202608,0.7654727609925627,50.3509452118962,-6571.1177236885
9.198092486755213,9.408905726202608,0.7654727609925627,50.3509452118962,-6571.1177236885
9.198092486755213,9.408905726202608,0.7654727609925627,50.3509452118962,-6571.1177236885
9.198092486755213,9.408905726202608,0.7654727609925627,50.3509452118962,-6571.1177236885
9.198092486755213,9.408905726202608,0.7654727609925627,50.3509452118962,-6571.1177236885
9.198092486755213,9.408905726202608,0.7654727609925627,50.3509452118962,-6571.1177236885
9.198092486755213,9.408905726202608,0.7654727609925627,50.3509452118962,-6571.1177236885
8.5511962368038,10.773158465933516,1.0096587817625626,50.20344226877356,-6573.544478968923
8.5511962368038,10.773158465933516,1.0096587817625626,50.20344226877356,-6573.544478968923
8.5511962368038,10.773158465933516,1.0096587817625626,50.20344226877356,-6573.544478968923
8.035216097482678,10.941459790565247,1.0350870288647671,49.74955595730055,-6575.2695011384785
8.035216097482678,10.941459790565247,1.0350870288647671,49.74955595730055,-6575.2695011384785
8.035216097482678,10.941459790565247,1.0350870288647671,49.74955595730055,-6575.2695011384785
8.035216097482678,10.941459790565247,1.0350870288647671,49.74955595730055,-6575.2695011384785
8.035216097482678,10.941459790565247,1.0350870288647671,49.74955595730055,-6575.2695011384785
8.035216097482678,10.941459790565247,1.0350870288647671,49.74955595730055,-6575.2695011384785
8.035216097482678,10.941459790565247,1.0350870288647671,49.74955595730055,-6575.2695011384785
8.035216097482678,10.941459790565247,1.0350870288647671,49.74955595730055,-6575.2695011384785
8.035216097482678,10.941459790565247,1.0350870288647671,49.74955595730055,-6575.2695011384785
8.87787060980971,11.48469097806022,0.9846068514284126,49.40550475741464,-6575.220609394509
9.34364419464167,10.717762283836962,0.7945090256313261,50.36374016317967,-6571.104084738828
9.34364419464167,10.717762283836962,0.7945090256313261,50.36374016317967,-6571.104084738828
9.34364419464167,10.717762283836962,0.7945090256313261,50.36374016317967,-6571.104084738828
9.34364419464167,10.717762283836962,0.7945090256313261,50.36374016317967,-6571.104084738828
9.34364419464167,10.717762283836962,0.7945090256313261,50.36374016317967,-6571.104084738828
8.482759718563905,9.986687566164944,0.9128589043753765,50.13152564857638,-6572.8704030406125
8.482759718563905,9.986687566164944,0.9128589043753765,50.13152564857638,-6572.8704030406125
8.482759718563905,9.986687566164944,0.9128589043753765,50.13152564857638,-6572.8704030406125
8.482759718563905,9.986687566164944,0.9128589043753765,50.13152564857638,-6572.8704030406125
8.482759718563905,9.986687566164944,0.9128589043753765,50.13152564857638,-6572.8704030406125
8.482759718563905,9.986687566164944,0.9128589043753765,50.13152564857638,-6572.8704030406125
8.482759718563905,9.986687566164944,0.9128589043753765,50.13152564857638,-6572.8704030406125
8.482759718563905,9.986687566164944,0.9128589043753765,50.13152564857638,-6572.8704030406125
8.482759718563905,9.986687566164944,0.9128589043753765,50.13152564857638,-6572.8704030406125
8.876670339031255,11.26557860926644,0.9239813084739524,49.83434900618618,-6573.123056890024
8.876670339031255,11.26557860926644,0.9239813084739524,49.83434900618618,-6573.123056890024
9.851836169255112,12.462736828494009,0.7703990102676066,50.21848689224739,-6575.543743987995
9.140407834202493,11.849867916533885,0.7249680017887362,51.511677828224734,-6573.834343692089
8.872841857344683,10.616284975488988,0.7919061994938905,50.51503857942408,-6571.4146057763155
8.872841857344683,10.616284975488988,0.7919061994938905,50.51503857942408,-6571.4146057763155
8.872841857344683,10.616284975488988,0.7919061994938905,50.51503857942408,-6571.4146057763155
8.872841857344683,10.616284975488988,0.7919061994938905,50.51503857942408,-6571.4146057763155
8.872841857344683,10.616284975488988,0.7919061994938905,50.51503857942408,-6571.4146057763155
8.872841857344683,10.616284975488988,0.7919061994938905,50.51503857942408,-6571.4146057763155
8.872841857344683,10.616284975488988,0.7919061994938905,50.51503857942408,-6571.4146057763155
8.872841857344683,10.616284975488988,0.7919061994938905,50.51503857942408,-6571.4146057763155
8.872841857344683,10.616284975488988,0.7919061994938905,50.51503857942408,-6571.4146057763155
8.872841857344683,10.616284975488988,0.7919061994938905,50.51503857942408,-6571.4146057763155
9.925367328588857,8.750057508266568,0.7411150748075186,51.23736566866466,-6571.4165152484475
10.13284673137237,9.015263658336064,0.6493191964368433,51.273344469446954,-6571.751178693291
10.13284673137237,9.015263658336064,0.6493191964368433,51.273344469446954,-6571.751178693291
10.13284673137237,9.015263658336064,0.6493191964368433,51.273344469446954,-6571.751178693291
10.78996880102418,10.407996752412503,0.6380502763322979,51.424929438566686,-6574.133910678081
9.882442031522954,10.737283638996361,0.7090735356353736,51.13767692244915,-6572.069895831502
9.882442031522954,10.737283638996361,0.7090735356353736,51.13767692244915,-6572.069895831502
9.412289420597912,10.498889942401783,0.9672797497281668,51.24755393504054,-6574.551260164792
9.412289420597912,10.498889942401783,0.9672797497281668,51.24755393504054,-6574.551260164792
9.412289420597912,10.498889942401783,0.9672797497281668,51.24755393504054,-6574.551260164792
9.412289420597912,10.498889942401783,0.9672797497281668,51.24755393504054,-6574.551260164792
9.412289420597912,10.498889942401783,0.9672797497281668,51.24755393504054,-6574.551260164792
9.412289420597912,10.498889942401783,0.9672797497281668,51.24755393504054,-6574.551260164792
9.412289420597912,10.498889942401783,0.9672797497281668,51.24755393504054,-6574.551260164792
9.412289420597912,10.498889942401783,0.9672797497281668,51.24755393504054,-6574.551260164792
9.412289420597912,10.498889942401783,0.9672797497281668,51.24755393504054,-6574.551260164792
9.412289420597912,10.498889942401783,0.9672797497281668,51.24755393504054,-6574.551260164792
9.412289420597912,10.498889942401783,0.9672797497281668,51.24755393504054,-6574.551260164792
9.412289420597912,10.498889942401783,0.9672797497281668,51.24755393504054,-6574.551260164792
9.412289420597912,10.498889942401783,0.9672797497281668,51.24755393504054,-6574.551260164792
9.412289420597912,10.498889942401783,0.9672797497281668,51.24755393504054,-6574.551260164792
9.789320516481538,9.880465598289536,1.0423875743774447,50.03880714867561,-6574.728074647598
9.789320516481538,9.880465598289536,1.0423875743774447,50.03880714867561,-6574.728074647598
10.070820692362599,9.887738103948,0.8863126759545209,50.10423522758359,-6572.59359805202
10.070820692362599,9.887738103948,0.8863126759545209,50.10423522758359,-6572.59359805202
10.070820692362599,9.887738103948,0.8863126759545209,50.10423522758359,-6572.59359805202
9.118223480752674,10.213188469184656,0.9634521936238922,50.669632702978774,-6572.571316239663
9.118223480752674,10.213188469184656,0.9634521936238922,50.669632702978774,-6572.571316239663
9.118223480752674,10.213188469184656,0.9634521936238922,50.669632702978774,-6572.571316239663
9.118223480752674,10.213188469184656,0.9634521936238922,50.669632702978774,-6572.571316239663
10.39319828003608,7.568871879870775,0.9656494617060893,51.54356861903442,-6573.6124068511135
10.39319828003608,7.568871879870775,0.9656494617060893,51.54356861903442,-6573.6124068511135
10.39319828003608,7.568871879870775,0.9656494617060893,51.54356861903442,-6573.6124068511135
10.116964553281845,5.695716496650469,1.0122263432023917,50.46345675286763,-6572.922656224597
10.116964553281845,5.695716496650469,1.0122263432023917,50.46345675286763,-6572.922656224597
10.116964553281845,5.695716496650469,1.0122263432023917,50.46345675286763,-6572.922656224597
10.116964553281845,5.695716496650469,1.0122263432023917,50.46345675286763,-6572.922656224597
10.116964553281845,5.695716496650469,1.0122263432023917,50.46345675286763,-6572.922656224597
10.116964553281845,5.695716496650469,1.0122263432023917,50.46345675286763,-6572.922656224597
10.116964553281845,5.695716496650469,1.0122263432023917,50.46345675286763,-6572.922656224597
10.116964553281845,5.695716496650469,1.0122263432023917,50.46345675286763,-6572.922656224597
10.116964553281845,5.695716496650469,1.0122263432023917,50.46345675286763,-6572.922656224597
10.116964553281845,5.695716496650469,1.0122263432023917,50.46345675286763,-6572.922656224597
10.116964553281845,5.695716496650469,1.0122263432023917,50.46345675286763,-6572.922656224597
10.116964553281845,5.695716496650469,1.0122263432023917,50.46345675286763,-6572.922656224597
10.116964553281845,5.695716496650469,1.0122263432023917,50.46345675286763,-6572.922656224597
10.116964553281845,5.695716496650469,1.0122263432023917,50.46345675286763,-6572.922656224597
10.418219198463934,5.828009636256398,0.950103599760554,50.48477542035656,-6571.870343449446
10.418219198463934,5.828009636256398,0.950103599760554,50.48477542035656,-6571.870343449446
10.418219198463934,5.828009636256398,0.950103599760554,50.48477542035656,-6571.870343449446
10.2605405734116,6.641752453705655,0.9022483462351272,50.627484700847184,-6571.171240884356
10.2605405734116,6.641752453705655,0.9022483462351272,50.627484700847184,-6571.171240884356
10.2605405734116,6.641752453705655,0.9022483462351272,50.627484700847184,-6571.171240884356
10.2605405734116,6.641752453705655,0.9022483462351272,50.627484700847184,-6571.171240884356
10.2605405734116,6.641752453705655,0.9022483462351272,50.627484700847184,-6571.171240884356
10.2605405734116,6.641752453705655,0.9022483462351272,50.627484700847184,-6571.171240884356
10.2605405734116,6.641752453705655,0.9022483462351272,50.627484700847184,-6571.171240884356
10.2605405734116,6.641752453705655,0.9022483462351272,50.627484700847184,-6571.171240884356
10.2605405734116,6.641752453705655,0.9022483462351272,50.627484700847184,-6571.171240884356
10.2605405734116,6.641752453705655,0.9022483462351272,50.627484700847184,-6571.171240884356
10.2605405734116,6.641752453705655,0.9022483462351272,50.627484700847184,-6571.171240884356
11.2222722491327,5.959047419045918,0.7765733300959005,50.23985760750727,-6571.216140567099
11.2222722491327,5.959047419045918,0.7765733300959005,50.23985760750727,-6571.216140567099
11.2222722491327,5.959047419045918,0.7765733300959005,50.23985760750727,-6571.216140567099
11.2222722491327,5.959047419045918,0.7765733300959005,50.23985760750727,-6571.216140567099
11.2222722491327,5.959047419045918,0.7765733300959005,50.23985760750727,-6571.216140567099
11.694432745786207,5.220305933164893,0.7081613805283293,49.38772552385707,-6574.348543236499
11.694432745786207,5.220305933164893,0.7081613805283293,49.38772552385707,-6574.348543236499
11.694432745786207,5.220305933164893,0.7081613805283293,49.38772552385707,-6574.348543236499
11.694432745786207,5.220305933164893,0.7081613805283293,49.38772552385707,-6574.348543236499
10.495282385893915,7.544326766270433,0.5824284573660102,50.035792049757774,-6573.347495614886
10.495282385893915,7.544326766270433,0.5824284573660102,50.035792049757774,-6573.347495614886
10.495282385893915,7.544326766270433,0.5824284573660102,50.035792049757774,-6573.347495614886
10.495282385893915,7.544326766270433,0.5824284573660102,50.035792049757774,-6573.347495614886
10.495282385893915,7.544326766270433,0.5824284573660102,50.035792049757774,-6573.347495614886
10.953897248939056,6.343054720323978,0.6408232848977107,49.66851022369792,-6573.788568799027
10.953897248939056,6.343054720323978,0.6408232848977107,49.66851022369792,-6573.788568799027
10.953897248939056,6.343054720323978,0.6408232848977107,49.66851022369792,-6573.788568799027
10.953897248939056,6.343054720323978,0.6408232848977107,49.66851022369792,-6573.788568799027
10.953897248939056,6.343054720323978,0.6408232848977107,49.66851022369792,-6573.788568799027
10.953897248939056,6.343054720323978,0.6408232848977107,49.66851022369792,-6573.788568799027
11.121511735342773,6.196374029258833,0.7148569807970134,49.539542109942815,-6572.709329635765
11.121511735342773,6.196374029258833,0.7148569807970134,49.539542109942815,-6572.709329635765
11.583876742825732,5.585275624039602,0.7609311181125136,49.687468325387954,-6572.5369811260825
11.583876742825732,5.585275624039602,0.7609311181125136,49.687468325387954,-6572.5369811260825
11.583876742825732,5.585275624039602,0.7609311181125136,49.687468325387954,-6572.5369811260825
11.583876742825732,5.585275624039602,0.7609311181125136,49.687468325387954,-6572.5369811260825
11.583876742825732,5.585275624039602,0.7609311181125136,49.687468325387954,-6572.5369811260825
11.278611808975644,8.415502058879007,0.5946856708545436,50.31119204303874,-6571.872146900163
11.278611808975644,8.415502058879007,0.5946856708545436,50.31119204303874,-6571.872146900163
11.278611808975644,8.415502058879007,0.5946856708545436,50.31119204303874,-6571.872146900163
10.112954565293679,8.712600625928545,0.550472175494768,50.14860405295676,-6573.113947946833
10.112954565293679,8.712600625928545,0.550472175494768,50.14860405295676,-6573.113947946833
9.997777129126554,8.006321895593263,0.6074068990353296,50.1167110536474,-6573.293122617564
10.35446502142127,7.750000947311433,0.5616679054237235,50.57009520213363,-6573.793333953261
10.35446502142127,7.750000947311433,0.5616679054237235,50.57009520213363,-6573.793333953261
10.868825878531803,9.107525796944376,0.5735587320701327,50.79910371900601,-6571.702032472254
10.868825878531803,9.107525796944376,0.5735587320701327,50.79910371900601,-6571.702032472254
10.868825878531803,9.107525796944376,0.5735587320701327,50.79910371900601,-6571.702032472254
10.868825878531803,9.107525796944376,0.5735587320701327,50.79910371900601,-6571.702032472254
11.793558244659142,7.062503309335153,0.6371102865910252,50.48697852300798,-6572.165991572578
11.793558244659142,7.062503309335153,0.6371102865910252,50.48697852300798,-6572.165991572578
11.793558244659142,7.062503309335153,0.6371102865910252,50.48697852300798,-6572.165991572578
11.793558244659142,7.062503309335153,0.6371102865910252,50.48697852300798,-6572.165991572578
11.793558244659142,7.062503309335153,0.6371102865910252,50.48697852300798,-6572.165991572578
11.793558244659142,7.062503309335153,0.6371102865910252,50.48697852300798,-6572.165991572578
11.793558244659142,7.062503309335153,0.6371102865910252,50.48697852300798,-6572.165991572578
11.793558244659142,7.062503309335153,0.6371102865910252,50.48697852300798,-6572.165991572578
11.793558244659142,7.062503309335153,0.6371102865910252,50.48697852300798,-6572.165991572578
11.793558244659142,7.062503309335153,0.6371102865910252,50.48697852300798,-6572.165991572578
11.793558244659142,7.062503309335153,0.6371102865910252,50.48697852300798,-6572.165991572578
11.793558244659142,7.062503309335153,0.6371102865910252,50.48697852300798,-6572.165991572578
11.793558244659142,7.062503309335153,0.6371102865910252,50.48697852300798,-6572.165991572578
10.561807290363044,7.248680749411423,0.5974560103983442,50.72468731257667,-6573.146011877062
10.561807290363044,7.248680749411423,0.5974560103983442,50.72468731257667,-6573.146011877062
10.257504745250644,8.871272906471853,0.6812632475850107,50.2800287314333,-6570.346063815794
10.257504745250644,8.871272906471853,0.6812632475850107,50.2800287314333,-6570.346063815794
10.257504745250644,8.871272906471853,0.6812632475850107,50.2800287314333,-6570.346063815794
10.257504745250644,8.871272906471853,0.6812632475850107,50.2800287314333,-6570.346063815794
10.257504745250644,8.871272906471853,0.6812632475850107,50.2800287314333,-6570.346063815794
10.257504745250644,8.871272906471853,0.6812632475850107,50.2800287314333,-6570.346063815794
10.257504745250644,8.871272906471853,0.6812632475850107,50.2800287314333,-6570.346063815794
9.625454571866785,8.729599836414037,0.8169738398440998,50.80887090744218,-6570.816084478978
9.625454571866785,8.729599836414037,0.8169738398440998,50.80887090744218,-6570.816084478978
9.625454571866785,8.729599836414037,0.8169738398440998,50.80887090744218,-6570.816084478978
9.625454571866785,8.729599836414037,0.8169738398440998,50.80887090744218,-6570.816084478978
9.625454571866785,8.729599836414037,0.8169738398440998,50.80887090744218,-6570.816084478978
9.625454571866785,8.729599836414037,0.8169738398440998,50.80887090744218,-6570.816084478978
9.625454571866785,8.729599836414037,0.8169738398440998,50.80887090744218,-6570.816084478978
9.625454571866785,8.729599836414037,0.8169738398440998,50.80887090744218,-6570.816084478978
9.625454571866785,8.729599836414037,0.8169738398440998,50.80887090744218,-6570.816084478978
9.625454571866785,8.729599836414037,0.8169738398440998,50.80887090744218,-6570.816084478978
9.625454571866785,8.729599836414037,0.8169738398440998,50.80887090744218,-6570.816084478978
10.93515953653267,8.198047604473228,0.6954014558602633,49.90238261103738,-6571.201732294712
10.93515953653267,8.198047604473228,0.6954014558602633,49.90238261103738,-6571.201732294712
10.93515953653267,8.198047604473228,0.6954014558602633,49.90238261103738,-6571.201732294712
10.084195769416091,8.463408093168072,0.7136169098894464,50.97862813784018,-6570.891601830016
10.084195769416091,8.463408093168072,0.7136169098894464,50.97862813784018,-6570.891601830016
10.084195769416091,8.463408093168072,0.7136169098894464,50.97862813784018,-6570.891601830016
10.084195769416091,8.463408093168072,0.7136169098894464,50.97862813784018,-6570.891601830016
10.084195769416091,8.463408093168072,0.7136169098894464,50.97862813784018,-6570.891601830016
10.084195769416091,8.463408093168072,0.7136169098894464,50.97862813784018,-6570.891601830016
10.084195769416091,8.463408093168072,0.7136169098894464,50.97862813784018,-6570.891601830016
10.084195769416091,8.463408093168072,0.7136169098894464,50.97862813784018,-6570.891601830016
10.204933673777568,9.629731095553215,0.6360587311850213,50.60771430757515,-6570.712466878864
10.204933673777568,9.629731095553215,0.6360587311850213,50.60771430757515,-6570.712466878864
10.204933673777568,9.629731095553215,0.6360587311850213,50.60771430757515,-6570.712466878864
10.204933673777568,9.629731095553215,0.6360587311850213,50.60771430757515,-6570.712466878864
9.654728460395509,10.334686664615647,0.7290486515141692,50.78536446170223,-6570.90030611648
9.654728460395509,10.334686664615647,0.7290486515141692,50.78536446170223,-6570.90030611648
9.654728460395509,10.334686664615647,0.7290486515141692,50.78536446170223,-6570.90030611648
9.654728460395509,10.334686664615647,0.7290486515141692,50.78536446170223,-6570.90030611648
9.654728460395509,10.334686664615647,0.7290486515141692,50.78536446170223,-6570.90030611648
9.654728460395509,10.334686664615647,0.7290486515141692,50.78536446170223,-6570.90030611648
8.819410600162774,9.796347590845464,0.9058875919733288,50.18647830112177,-6571.8788794944485
8.819410600162774,9.796347590845464,0.9058875919733288,50.18647830112177,-6571.8788794944485
8.819410600162774,9.796347590845464,0.9058875919733288,50.18647830112177,-6571.8788794944485
9.219612855235713,8.985119782791193,0.867924089021618,50.22773039400048,-6571.139322474464
9.735628902329594,8.059579795479406,0.8965898486785203,50.24370076126281,-6570.759123430081
9.735628902329594,8.059579795479406,0.8965898486785203,50.24370076126281,-6570.759123430081
9.735628902329594,8.059579795479406,0.8965898486785203,50.24370076126281,-6570.759123430081
9.735628902329594,8.059579795479406,0.8965898486785203,50.24370076126281,-6570.759123430081
9.735628902329594,8.059579795479406,0.8965898486785203,50.24370076126281,-6570.759123430081
9.735628902329594,8.059579795479406,0.8965898486785203,50.24370076126281,-6570.759123430081
9.735628902329594,8.059579795479406,0.8965898486785203,50.24370076126281,-6570.759123430081
9.735628902329594,8.059579795479406,0.8965898486785203,50.24370076126281,-6570.759123430081
9.735628902329594,8.059579795479406,0.8965898486785203,50.24370076126281,-6570.759123430081
10.44817613680305,8.593227357213964,0.8395913056105958,49.77082612783736,-6571.500753628124
10.985807717908157,7.748187303465495,0.8891429310261754,50.76073856928566,-6572.344772551714
10.724601396042328,4.9831958501931695,0.8609247262995212,50.95570043846067,-6573.580818630934
10.659742911906537,5.678798491415936,0.9732704340828835,51.459217064046896,-6573.63024574254
10.30274964606454,5.684387126142853,0.9853254984448842,51.77789933434034,-6575.591773486322
10.288527723296122,7.905628007889276,0.9738574699312333,52.13698572906914,-6576.438774175564
10.288527723296122,7.905628007889276,0.9738574699312333,52.13698572906914,-6576.438774175564
10.288527723296122,7.905628007889276,0.9738574699312333,52.13698572906914,-6576.438774175564
10.288527723296122,7.905628007889276,0.9738574699312333,52.13698572906914,-6576.438774175564
10.76520318640165,9.641918776643681,0.7103861631163586,51.990143491825805,-6575.434895269465
10.76520318640165,9.641918776643681,0.7103861631163586,51.990143491825805,-6575.434895269465
10.0774474474258,10.354493982821745,0.7936008518848068,51.23995925095078,-6573.056258891266
10.0774474474258,10.354493982821745,0.7936008518848068,51.23995925095078,-6573.056258891266
10.0774474474258,10.354493982821745,0.7936008518848068,51.23995925095078,-6573.056258891266
10.0774474474258,10.354493982821745,0.7936008518848068,51.23995925095078,-6573.056258891266
10.0774474474258,10.354493982821745,0.7936008518848068,51.23995925095078,-6573.056258891266
10.0774474474258,10.354493982821745,0.7936008518848068,51.23995925095078,-6573.056258891266
10.0774474474258,10.354493982821745,0.7936008518848068,51.23995925095078,-6573.056258891266
10.0774474474258,10.354493982821745,0.7936008518848068,51.23995925095078,-6573.056258891266
10.0774474474258,10.354493982821745,0.7936008518848068,51.23995925095078,-6573.056258891266
10.0774474474258,10.354493982821745,0.7936008518848068,51.23995925095078,-6573.056258891266
10.47950736026119,8.354506247398694,0.6221321918477258,50.357689001219015,-6571.009307843078
10.47950736026119,8.354506247398694,0.6221321918477258,50.357689001219015,-6571.009307843078
10.47950736026119,8.354506247398694,0.6221321918477258,50.357689001219015,-6571.009307843078
10.530703957581773,9.209692187836954,0.6549096659061356,50.11840946568944,-6570.864774121993
10.530703957581773,9.209692187836954,0.6549096659061356,50.11840946568944,-6570.864774121993
11.063373075218413,8.258560607174822,0.7064799684088415,49.59840851351871,-6572.180805231805
11.063373075218413,8.258560607174822,0.7064799684088415,49.59840851351871,-6572.180805231805
11.063373075218413,8.258560607174822,0.7064799684088415,49.59840851351871,-6572.180805231805
10.426253610635376,7.466566815000007,0.8324872630030278,49.600924646323875,-6571.242800160637
10.426253610635376,7.466566815000007,0.8324872630030278,49.600924646323875,-6571.242800160637
10.426253610635376,7.466566815000007,0.8324872630030278,49.600924646323875,-6571.242800160637
10.426253610635376,7.466566815000007,0.8324872630030278,49.600924646323875,-6571.242800160637
10.426253610635376,7.466566815000007,0.8324872630030278,49.600924646323875,-6571.242800160637
10.426253610635376,7.466566815000007,0.8324872630030278,49.600924646323875,-6571.242800160637
10.594494960996634,7.515856917707325,1.0132823514756915,50.27733664556255,-6572.6410366286145
10.594494960996634,7.515856917707325,1.0132823514756915,50.27733664556255,-6572.6410366286145
10.496180563874951,8.290467026460927,0.8431710335625089,49.897184703388724,-6571.145822552904
10.0850500351943,6.501274695209747,0.8265364101069916,49.710806778585535,-6572.750006814823
10.0850500351943,6.501274695209747,0.8265364101069916,49.710806778585535,-6572.750006814823
10.0850500351943,6.501274695209747,0.8265364101069916,49.710806778585535,-6572.750006814823
10.0850500351943,6.501274695209747,0.8265364101069916,49.710806778585535,-6572.750006814823
9.334602062551335,8.4213549819246,0.8917499357486781,49.75100310566218,-6571.7659133873785
9.334602062551335,8.4213549819246,0.8917499357486781,49.75100310566218,-6571.7659133873785
8.578993747680157,10.62478804569652,0.8820945852575308,50.78487478629539,-6572.656238527228
9.279563071735966,12.670292864094122,0.7164369321731999,51.55324675437047,-6575.237321396089
9.352322607121936,12.893503126281582,0.6335273069247809,51.639072280795816,-6575.344655525334
9.352322607121936,12.893503126281582,0.6335273069247809,51.639072280795816,-6575.344655525334
9.352322607121936,12.893503126281582,0.6335273069247809,51.639072280795816,-6575.344655525334
9.365808903860854,13.35475793886028,0.5304196113865057,50.77441424792679,-6573.9530806056755
9.365808903860854,13.35475793886028,0.5304196113865057,50.77441424792679,-6573.9530806056755
9.365808903860854,13.35475793886028,0.5304196113865057,50.77441424792679,-6573.9530806056755
9.365808903860854,13.35475793886028,0.5304196113865057,50.77441424792679,-6573.9530806056755
9.365808903860854,13.35475793886028,0.5304196113865057,50.77441424792679,-6573.9530806056755
9.365808903860854,13.35475793886028,0.5304196113865057,50.77441424792679,-6573.9530806056755
9.365808903860854,13.35475793886028,0.5304196113865057,50.77441424792679,-6573.9530806056755
9.365808903860854,13.35475793886028,0.5304196113865057,50.77441424792679,-6573.9530806056755
9.365808903860854,13.35475793886028,0.5304196113865057,50.77441424792679,-6573.9530806056755
9.365808903860854,13.35475793886028,0.5304196113865057,50.77441424792679,-6573.9530806056755
9.365808903860854,13.35475793886028,0.5304196113865057,50.77441424792679,-6573.9530806056755
9.58628277048512,11.45853125117285,0.4920006045622645,51.37671613394455,-6574.477659117672
9.58628277048512,11.45853125117285,0.4920006045622645,51.37671613394455,-6574.477659117672
9.58628277048512,11.45853125117285,0.4920006045622645,51.37671613394455,-6574.477659117672
9.58628277048512,11.45853125117285,0.4920006045622645,51.37671613394455,-6574.477659117672
9.58628277048512,11.45853125117285,0.4920006045622645,51.37671613394455,-6574.477659117672
9.58628277048512,11.45853125117285,0.4920006045622645,51.37671613394455,-6574.477659117672
9.743546278329703,12.504732106502637,0.49028444746119726,51.36544906731142,-6574.675129914004
9.743546278329703,12.504732106502637,0.49028444746119726,51.36544906731142,-6574.675129914004
9.743546278329703,12.504732106502637,0.49028444746119726,51.36544906731142,-6574.675129914004
9.743546278329703,12.504732106502637,0.49028444746119726,51.36544906731142,-6574.675129914004
9.743546278329703,12.504732106502637,0.49028444746119726,51.36544906731142,-6574.675129914004
9.743546278329703,12.504732106502637,0.49028444746119726,51.36544906731142,-6574.675129914004
9.743546278329703,12.504732106502637,0.49028444746119726,51.36544906731142,-6574.675129914004
9.879603674410193,13.008528830442328,0.436359325302785,50.64869086205483,-6574.969362906995
9.879603674410193,13.008528830442328,0.436359325302785,50.64869086205483,-6574.969362906995
9.9262381695891,13.098007887746245,0.5759580689617365,50.72034850957122,-6574.847029569115
9.9262381695891,13.098007887746245,0.5759580689617365,50.72034850957122,-6574.847029569115
10.277255982057817,11.649782169881522,0.7420066648773174,50.650420644902766,-6574.912316317501
10.277255982057817,11.649782169881522,0.7420066648773174,50.650420644902766,-6574.912316317501
10.277255982057817,11.649782169881522,0.7420066648773174,50.650420644902766,-6574.912316317501
10.049790497917455,11.016812917060513,0.7210423828255521,50.759533030134186,-6572.3867679745545
9.672674746436943,10.010739270116678,0.6374940324581627,50.231091026517745,-6570.9042001692715
9.831315581098186,10.127517149508163,0.6018331460543711,50.40730618076946,-6571.086046484033
9.831315581098186,10.127517149508163,0.6018331460543711,50.40730618076946,-6571.086046484033
9.831315581098186,10.127517149508163,0.6018331460543711,50.40730618076946,-6571.086046484033
9.831315581098186,10.127517149508163,0.6018331460543711,50.40730618076946,-6571.086046484033
9.1783993846347,12.022885571983128,0.7721897528293276,50.49897893862145,-6572.445772568595
9.1783993846347,12.022885571983128,0.7721897528293276,50.49897893862145,-6572.445772568595
9.1783993846347,12.022885571983128,0.7721897528293276,50.49897893862145,-6572.445772568595
9.066229903725148,11.439582020681467,0.7933345158925738,50.96950919331924,-6572.349378953952
9.066229903725148,11.439582020681467,0.7933345158925738,50.96950919331924,-6572.349378953952
9.066229903725148,11.439582020681467,0.7933345158925738,50.96950919331924,-6572.349378953952
9.066229903725148,11.439582020681467,0.7933345158925738,50.96950919331924,-6572.349378953952
9.066229903725148,11.439582020681467,0.7933345158925738,50.96950919331924,-6572.349378953952
9.066229903725148,11.439582020681467,0.7933345158925738,50.96950919331924,-6572.349378953952
9.066229903725148,11.439582020681467,0.7933345158925738,50.96950919331924,-6572.349378953952
9.657122881103646,11.25979218471126,0.8166329265273634,50.9026021124623,-6573.176662309045
9.657122881103646,11.25979218471126,0.8166329265273634,50.9026021124623,-6573.176662309045
9.642166978769705,9.649046641749091,0.6929413368107191,50.45048879852541,-6570.52765134957
9.642166978769705,9.649046641749091,0.6929413368107191,50.45048879852541,-6570.52765134957
9.642166978769705,9.649046641749091,0.6929413368107191,50.45048879852541,-6570.52765134957
9.642166978769705,9.649046641749091,0.6929413368107191,50.45048879852541,-6570.52765134957
9.642166978769705,9.649046641749091,0.6929413368107191,50.45048879852541,-6570.52765134957
10.43507681603744,7.6509641356041325,0.7243067280911165,50.00965566689808,-6570.686657693083
10.43507681603744,7.6509641356041325,0.7243067280911165,50.00965566689808,-6570.686657693083
10.43507681603744,7.6509641356041325,0.7243067280911165,50.00965566689808,-6570.686657693083
10.43507681603744,7.6509641356041325,0.7243067280911165,50.00965566689808,-6570.686657693083
10.43507681603744,7.6509641356041325,0.7243067280911165,50.00965566689808,-6570.686657693083
10.43507681603744,7.6509641356041325,0.7243067280911165,50.00965566689808,-6570.686657693083
10.43507681603744,7.6509641356041325,0.7243067280911165,50.00965566689808,-6570.686657693083
10.43507681603744,7.6509641356041325,0.7243067280911165,50.00965566689808,-6570.686657693083
10.43507681603744,7.6509641356041325,0.7243067280911165,50.00965566689808,-6570.686657693083
10.43507681603744,7.6509641356041325,0.7243067280911165,50.00965566689808,-6570.686657693083
10.43507681603744,7.6509641356041325,0.7243067280911165,50.00965566689808,-6570.686657693083
10.43507681603744,7.6509641356041325,0.7243067280911165,50.00965566689808,-6570.686657693083
10.43507681603744,7.6509641356041325,0.7243067280911165,50.00965566689808,-6570.686657693083
10.43507681603744,7.6509641356041325,0.7243067280911165,50.00965566689808,-6570.686657693083
10.43507681603744,7.6509641356041325,0.7243067280911165,50.00965566689808,-6570.686657693083
10.43507681603744,7.6509641356041325,0.7243067280911165,50.00965566689808,-6570.686657693083
10.43507681603744,7.6509641356041325,0.7243067280911165,50.00965566689808,-6570.686657693083
10.43507681603744,7.6509641356041325,0.7243067280911165,50.00965566689808,-6570.686657693083
10.43507681603744,7.6509641356041325,0.7243067280911165,50.00965566689808,-6570.686657693083
10.43507681603744,7.6509641356041325,0.7243067280911165,50.00965566689808,-6570.686657693083
10.43507681603744,7.6509641356041325,0.7243067280911165,50.00965566689808,-6570.686657693083
10.43507681603744,7.6509641356041325,0.7243067280911165,50.00965566689808,-6570.686657693083
10.43507681603744,7.6509641356041325,0.7243067280911165,50.00965566689808,-6570.686657693083
10.43507681603744,7.6509641356041325,0.7243067280911165,50.00965566689808,-6570.686657693083
10.43507681603744,7.6509641356041325,0.7243067280911165,50.00965566689808,-6570.686657693083
10.43507681603744,7.6509641356041325,0.7243067280911165,50.00965566689808,-6570.686657693083
10.43507681603744,7.6509641356041325,0.7243067280911165,50.00965566689808,-6570.686657693083
10.43507681603744,7.6509641356041325,0.7243067280911165,50.00965566689808,-6570.686657693083
10.43507681603744,7.6509641356041325,0.7243067280911165,50.00965566689808,-6570.686657693083
10.43507681603744,7.6509641356041325,0.7243067280911165,50.00965566689808,-6570.686657693083
9.883891819518922,8.106767348766237,0.747142064955093,50.158994936728035,-6570.792537997095
9.883891819518922,8.106767348766237,0.747142064955093,50.158994936728035,-6570.792537997095
9.883891819518922,8.106767348766237,0.747142064955093,50.158994936728035,-6570.792537997095
9.883891819518922,8.106767348766237,0.747142064955093,50.158994936728035,-6570.792537997095
10.40221216866369,7.421065888101391,0.7757026877113774,49.805723015491104,-6570.891986415042
10.068782122832669,8.419797009874706,0.8239658874667639,49.66116910204597,-6570.98038863512
10.068782122832669,8.419797009874706,0.8239658874667639,49.66116910204597,-6570.98038863512
10.068782122832669,8.419797009874706,0.8239658874667639,49.66116910204597,-6570.98038863512
10.068782122832669,8.419797009874706,0.8239658874667639,49.66116910204597,-6570.98038863512
10.068782122832669,8.419797009874706,0.8239658874667639,49.66116910204597,-6570.98038863512
10.11218828789798,8.189360815645712,0.8258222185757575,50.330339417772684,-6570.237524939956
10.11218828789798,8.189360815645712,0.8258222185757575,50.330339417772684,-6570.237524939956
10.11218828789798,8.189360815645712,0.8258222185757575,50.330339417772684,-6570.237524939956
10.11218828789798,8.189360815645712,0.8258222185757575,50.330339417772684,-6570.237524939956
10.11218828789798,8.189360815645712,0.8258222185757575,50.330339417772684,-6570.237524939956
10.11218828789798,8.189360815645712,0.8258222185757575,50.330339417772684,-6570.237524939956
10.11218828789798,8.189360815645712,0.8258222185757575,50.330339417772684,-6570.237524939956
10.11218828789798,8.189360815645712,0.8258222185757575,50.330339417772684,-6570.237524939956
10.11218828789798,8.189360815645712,0.8258222185757575,50.330339417772684,-6570.237524939956
10.11218828789798,8.189360815645712,0.8258222185757575,50.330339417772684,-6570.237524939956
10.11218828789798,8.189360815645712,0.8258222185757575,50.330339417772684,-6570.237524939956
10.11218828789798,8.189360815645712,0.8258222185757575,50.330339417772684,-6570.237524939956
10.11218828789798,8.189360815645712,0.8258222185757575,50.330339417772684,-6570.237524939956
10.11218828789798,8.189360815645712,0.8258222185757575,50.330339417772684,-6570.237524939956
10.11218828789798,8.189360815645712,0.8258222185757575,50.330339417772684,-6570.237524939956
10.11218828789798,8.189360815645712,0.8258222185757575,50.330339417772684,-6570.237524939956
10.11218828789798,8.189360815645712,0.8258222185757575,50.330339417772684,-6570.237524939956
10.11218828789798,8.189360815645712,0.8258222185757575,50.330339417772684,-6570.237524939956
9.124594729616597,9.334694987642216,0.8219600538021393,50.322607471634505,-6571.160976503306
9.124594729616597,9.334694987642216,0.8219600538021393,50.322607471634505,-6571.160976503306
9.124594729616597,9.334694987642216,0.8219600538021393,50.322607471634505,-6571.160976503306
8.666812187086089,10.417491168271622,0.7342097357457963,50.23408094703756,-6572.352164200049
8.666812187086089,10.417491168271622,0.7342097357457963,50.23408094703756,-6572.352164200049
8.666812187086089,10.417491168271622,0.7342097357457963,50.23408094703756,-6572.352164200049
8.801217207095126,12.97760510901939,0.601779893597387,50.74176466772285,-6573.060248369919
9.697982926718815,12.585643406727087,0.6820957710804167,50.24602322454023,-6573.840262341619
9.697982926718815,12.585643406727087,0.6820957710804167,50.24602322454023,-6573.840262341619
9.52526197169472,12.378725654606216,0.5576883162019546,51.25550062152847,-6573.620263664579
9.276338617148092,13.35618647071176,0.45604276802053695,50.585060954320106,-6574.664989402614
9.276338617148092,13.35618647071176,0.45604276802053695,50.585060954320106,-6574.664989402614
9.12970464883793,11.808837912426487,0.5735103411521102,50.559484680250605,-6572.301771074348
9.12970464883793,11.808837912426487,0.5735103411521102,50.559484680250605,-6572.301771074348
9.872950386589054,9.92378805663023,0.8797587297951355,50.95919396541326,-6572.481180786507
9.872950386589054,9.92378805663023,0.8797587297951355,50.95919396541326,-6572.481180786507
9.872950386589054,9.92378805663023,0.8797587297951355,50.95919396541326,-6572.481180786507
9.872950386589054,9.92378805663023,0.8797587297951355,50.95919396541326,-6572.481180786507
9.872950386589054,9.92378805663023,0.8797587297951355,50.95919396541326,-6572.481180786507
9.872950386589054,9.92378805663023,0.8797587297951355,50.95919396541326,-6572.481180786507
9.872950386589054,9.92378805663023,0.8797587297951355,50.95919396541326,-6572.481180786507
9.872950386589054,9.92378805663023,0.8797587297951355,50.95919396541326,-6572.481180786507
9.872950386589054,9.92378805663023,0.8797587297951355,50.95919396541326,-6572.481180786507
9.872950386589054,9.92378805663023,0.8797587297951355,50.95919396541326,-6572.481180786507
9.872950386589054,9.92378805663023,0.8797587297951355,50.95919396541326,-6572.481180786507
9.872950386589054,9.92378805663023,0.8797587297951355,50.95919396541326,-6572.481180786507
9.872950386589054,9.92378805663023,0.8797587297951355,50.95919396541326,-6572.481180786507
9.716559969008902,10.008462901184851,0.7514718932161846,50.28244877178308,-6570.5082766922715
9.716559969008902,10.008462901184851,0.7514718932161846,50.28244877178308,-6570.5082766922715
9.716559969008902,10.008462901184851,0.7514718932161846,50.28244877178308,-6570.5082766922715
9.716559969008902,10.008462901184851,0.7514718932161846,50.28244877178308,-6570.5082766922715
9.716559969008902,10.008462901184851,0.7514718932161846,50.28244877178308,-6570.5082766922715
9.716559969008902,10.008462901184851,0.7514718932161846,50.28244877178308,-6570.5082766922715
9.716559969008902,10.008462901184851,0.7514718932161846,50.28244877178308,-6570.5082766922715
9.716559969008902,10.008462901184851,0.7514718932161846,50.28244877178308,-6570.5082766922715
9.716559969008902,10.008462901184851,0.7514718932161846,50.28244877178308,-6570.5082766922715
9.716559969008902,10.008462901184851,0.7514718932161846,50.28244877178308,-6570.5082766922715
9.716559969008902,10.008462901184851,0.7514718932161846,50.28244877178308,-6570.5082766922715
9.716559969008902,10.008462901184851,0.7514718932161846,50.28244877178308,-6570.5082766922715
9.716559969008902,10.008462901184851,0.7514718932161846,50.28244877178308,-6570.5082766922715
9.716559969008902,10.008462901184851,0.7514718932161846,50.28244877178308,-6570.5082766922715
9.716559969008902,10.008462901184851,0.7514718932161846,50.28244877178308,-6570.5082766922715
9.889888811135371,8.610293560503813,0.7547117520031009,49.837943744818865,-6570.704787915862
8.70920495108706,11.288611484292234,0.8755896489761263,49.88830286866973,-6572.4955435058455
8.70920495108706,11.288611484292234,0.8755896489761263,49.88830286866973,-6572.4955435058455
8.70920495108706,11.288611484292234,0.8755896489761263,49.88830286866973,-6572.4955435058455
8.70920495108706,11.288611484292234,0.8755896489761263,49.88830286866973,-6572.4955435058455
8.70920495108706,11.288611484292234,0.8755896489761263,49.88830286866973,-6572.4955435058455
9.695184020864907,10.80592118668355,0.8397706723077133,50.034505322087576,-6572.447614254584
9.695184020864907,10.80592118668355,0.8397706723077133,50.034505322087576,-6572.447614254584
9.695184020864907,10.80592118668355,0.8397706723077133,50.034505322087576,-6572.447614254584
9.695184020864907,10.80592118668355,0.8397706723077133,50.034505322087576,-6572.447614254584
9.695184020864907,10.80592118668355,0.8397706723077133,50.034505322087576,-6572.447614254584
9.695184020864907,10.80592118668355,0.8397706723077133,50.034505322087576,-6572.447614254584
9.695184020864907,10.80592118668355,0.8397706723077133,50.034505322087576,-6572.447614254584
10.725390513604435,7.296865483572693,0.8425978166194822,49.19659750676834,-6572.692043134934
11.126735682914635,6.968256777715211,0.8272526785335146,49.098001319144274,-6573.55104784112
11.126735682914635,6.968256777715211,0.8272526785335146,49.098001319144274,-6573.55104784112
11.126735682914635,6.968256777715211,0.8272526785335146,49.098001319144274,-6573.55104784112
11.126735682914635,6.968256777715211,0.8272526785335146,49.098001319144274,-6573.55104784112
11.126735682914635,6.968256777715211,0.8272526785335146,49.098001319144274,-6573.55104784112
11.126735682914635,6.968256777715211,0.8272526785335146,49.098001319144274,-6573.55104784112
10.570006071284544,8.872610094908175,0.6228276234688358,48.98644975446346,-6574.113972901125
10.570006071284544,8.872610094908175,0.6228276234688358,48.98644975446346,-6574.113972901125
10.570006071284544,8.872610094908175,0.6228276234688358,48.98644975446346,-6574.113972901125
10.570006071284544,8.872610094908175,0.6228276234688358,48.98644975446346,-6574.113972901125
10.570006071284544,8.872610094908175,0.6228276234688358,48.98644975446346,-6574.113972901125
10.570006071284544,8.872610094908175,0.6228276234688358,48.98644975446346,-6574.113972901125
10.570006071284544,8.872610094908175,0.6228276234688358,48.98644975446346,-6574.113972901125
10.570006071284544,8.872610094908175,0.6228276234688358,48.98644975446346,-6574.113972901125
10.570006071284544,8.872610094908175,0.6228276234688358,48.98644975446346,-6574.113972901125
10.570006071284544,8.872610094908175,0.6228276234688358,48.98644975446346,-6574.113972901125
10.570006071284544,8.872610094908175,0.6228276234688358,48.98644975446346,-6574.113972901125
10.913950217036756,6.920944815100861,0.7599796272887835,49.69095459271355,-6571.377092204566
10.913950217036756,6.920944815100861,0.7599796272887835,49.69095459271355,-6571.377092204566
10.913950217036756,6.920944815100861,0.7599796272887835,49.69095459271355,-6571.377092204566
10.913950217036756,6.920944815100861,0.7599796272887835,49.69095459271355,-6571.377092204566
10.913950217036756,6.920944815100861,0.7599796272887835,49.69095459271355,-6571.377092204566
10.362684337149927,7.479865561103909,0.7355513980950521,50.44408070191775,-6570.590883010659
10.362684337149927,7.479865561103909,0.7355513980950521,50.44408070191775,-6570.590883010659
10.362684337149927,7.479865561103909,0.7355513980950521,50.44408070191775,-6570.590883010659
10.362684337149927,7.479865561103909,0.7355513980950521,50.44408070191775,-6570.590883010659
10.362684337149927,7.479865561103909,0.7355513980950521,50.44408070191775,-6570.590883010659
10.362684337149927,7.479865561103909,0.7355513980950521,50.44408070191775,-6570.590883010659
10.864071890454657,6.912771486867613,0.8164252338805814,50.372846214487026,-6570.564579907813
10.791801757848758,5.877314447016056,0.9612213797816211,49.78643502911701,-6572.06774429625
10.791801757848758,5.877314447016056,0.9612213797816211,49.78643502911701,-6572.06774429625
10.791801757848758,5.877314447016056,0.9612213797816211,49.78643502911701,-6572.06774429625
10.791801757848758,5.877314447016056,0.9612213797816211,49.78643502911701,-6572.06774429625
10.791801757848758,5.877314447016056,0.9612213797816211,49.78643502911701,-6572.06774429625
10.791801757848758,5.877314447016056,0.9612213797816211,49.78643502911701,-6572.06774429625
10.791801757848758,5.877314447016056,0.9612213797816211,49.78643502911701,-6572.06774429625
10.74327700938726,5.302895433068663,0.9926010622154025,50.518527621156146,-6572.247107943044
10.74327700938726,5.302895433068663,0.9926010622154025,50.518527621156146,-6572.247107943044
10.74327700938726,5.302895433068663,0.9926010622154025,50.518527621156146,-6572.247107943044
9.973632062665395,7.423898250759676,0.8501038084503747,50.64310110313228,-6570.890233108562
9.973632062665395,7.423898250759676,0.8501038084503747,50.64310110313228,-6570.890233108562
10.392740874819166,8.308084717619366,0.760298164427303,50.50170827845415,-6570.1996407340175
10.392740874819166,8.308084717619366,0.760298164427303,50.50170827845415,-6570.1996407340175
10.401396205297065,8.129955538515446,0.7216451494105095,50.64031962830151,-6570.317718146924
10.401396205297065,8.129955538515446,0.7216451494105095,50.64031962830151,-6570.317718146924
10.401396205297065,8.129955538515446,0.7216451494105095,50.64031962830151,-6570.317718146924
10.401396205297065,8.129955538515446,0.7216451494105095,50.64031962830151,-6570.317718146924
10.401396205297065,8.129955538515446,0.7216451494105095,50.64031962830151,-6570.317718146924
10.401396205297065,8.129955538515446,0.7216451494105095,50.64031962830151,-6570.317718146924
10.401396205297065,8.129955538515446,0.7216451494105095,50.64031962830151,-6570.317718146924
10.401396205297065,8.129955538515446,0.7216451494105095,50.64031962830151,-6570.317718146924
10.401396205297065,8.129955538515446,0.7216451494105095,50.64031962830151,-6570.317718146924
10.401396205297065,8.129955538515446,0.7216451494105095,50.64031962830151,-6570.317718146924
10.50938885318178,9.807609079018263,0.6636839630909767,50.40264019929268,-6571.212336716525
10.50938885318178,9.807609079018263,0.6636839630909767,50.40264019929268,-6571.212336716525
10.50938885318178,9.807609079018263,0.6636839630909767,50.40264019929268,-6571.212336716525
10.50938885318178,9.807609079018263,0.6636839630909767,50.40264019929268,-6571.212336716525
10.50938885318178,9.807609079018263,0.6636839630909767,50.40264019929268,-6571.212336716525
10.50938885318178,9.807609079018263,0.6636839630909767,50.40264019929268,-6571.212336716525
10.50938885318178,9.807609079018263,0.6636839630909767,50.40264019929268,-6571.212336716525
10.50938885318178,9.807609079018263,0.6636839630909767,50.40264019929268,-6571.212336716525
9.739875231574858,8.783728478417867,0.8223239141816678,50.640496229797215,-6570.478071571006
9.739875231574858,8.783728478417867,0.8223239141816678,50.640496229797215,-6570.478071571006
9.739875231574858,8.783728478417867,0.8223239141816678,50.640496229797215,-6570.478071571006
9.739875231574858,8.783728478417867,0.8223239141816678,50.640496229797215,-6570.478071571006
9.739875231574858,8.783728478417867,0.8223239141816678,50.640496229797215,-6570.478071571006
9.739875231574858,8.783728478417867,0.8223239141816678,50.640496229797215,-6570.478071571006
9.739875231574858,8.783728478417867,0.8223239141816678,50.640496229797215,-6570.478071571006
9.739875231574858,8.783728478417867,0.8223239141816678,50.640496229797215,-6570.478071571006
9.739875231574858,8.783728478417867,0.8223239141816678,50.640496229797215,-6570.478071571006
9.739875231574858,8.783728478417867,0.8223239141816678,50.640496229797215,-6570.478071571006
9.739875231574858,8.783728478417867,0.8223239141816678,50.640496229797215,-6570.478071571006
9.739875231574858,8.783728478417867,0.8223239141816678,50.640496229797215,-6570.478071571006
9.739875231574858,8.783728478417867,0.8223239141816678,50.640496229797215,-6570.478071571006
9.739875231574858,8.783728478417867,0.8223239141816678,50.640496229797215,-6570.478071571006
9.739875231574858,8.783728478417867,0.8223239141816678,50.640496229797215,-6570.478071571006
8.886683475861288,9.751215227725268,0.8483770576814406,50.04549689978841,-6571.651769426942
8.886683475861288,9.751215227725268,0.8483770576814406,50.04549689978841,-6571.651769426942
8.886683475861288,9.751215227725268,0.8483770576814406,50.04549689978841,-6571.651769426942
9.290893877058435,11.370702509841635,0.954396337304678,49.98815866640167,-6574.433772326625
10.836312815865801,10.12224261647404,0.7501098227889915,51.1002587001076,-6574.484292846319
10.836312815865801,10.12224261647404,0.7501098227889915,51.1002587001076,-6574.484292846319
10.836312815865801,10.12224261647404,0.7501098227889915,51.1002587001076,-6574.484292846319
10.096649991919838,6.9937875779115775,0.9280900163968401,51.87116084017275,-6574.706499524136
10.096649991919838,6.9937875779115775,0.9280900163968401,51.87116084017275,-6574.706499524136
10.096649991919838,6.9937875779115775,0.9280900163968401,51.87116084017275,-6574.706499524136
10.096649991919838,6.9937875779115775,0.9280900163968401,51.87116084017275,-6574.706499524136
10.096649991919838,6.9937875779115775,0.9280900163968401,51.87116084017275,-6574.706499524136
10.096649991919838,6.9937875779115775,0.9280900163968401,51.87116084017275,-6574.706499524136
10.096649991919838,6.9937875779115775,0.9280900163968401,51.87116084017275,-6574.706499524136
10.096649991919838,6.9937875779115775,0.9280900163968401,51.87116084017275,-6574.706499524136
10.096649991919838,6.9937875779115775,0.9280900163968401,51.87116084017275,-6574.706499524136
10.096649991919838,6.9937875779115775,0.9280900163968401,51.87116084017275,-6574.706499524136
10.399338328373002,6.750596428142842,1.0504076159118256,52.10430256857533,-6576.872908578274
10.399338328373002,6.750596428142842,1.0504076159118256,52.10430256857533,-6576.872908578274
11.15059859068199,7.245473155973744,0.8458392786878163,52.376804497403604,-6576.97521589469
11.15059859068199,7.245473155973744,0.8458392786878163,52.376804497403604,-6576.97521589469
10.820174986462243,7.245721761776189,0.8196916661502999,52.055510536992465,-6574.630970104736
10.820174986462243,7.245721761776189,0.8196916661502999,52.055510536992465,-6574.630970104736
10.820174986462243,7.245721761776189,0.8196916661502999,52.055510536992465,-6574.630970104736
9.990335355961104,7.510892232884508,0.980132907458674,51.28938896670746,-6572.734967840568
9.990335355961104,7.510892232884508,0.980132907458674,51.28938896670746,-6572.734967840568
9.990335355961104,7.510892232884508,0.980132907458674,51.28938896670746,-6572.734967840568
9.990335355961104,7.510892232884508,0.980132907458674,51.28938896670746,-6572.734967840568
9.103051465524182,8.431386253398747,0.9643155343259548,50.92478334065875,-6572.774858870952
9.103051465524182,8.431386253398747,0.9643155343259548,50.92478334065875,-6572.774858870952
8.801243956040024,11.185675848275073,0.7895793469867588,50.883481504957615,-6572.115767236201
8.801243956040024,11.185675848275073,0.7895793469867588,50.883481504957615,-6572.115767236201
8.801243956040024,11.185675848275073,0.7895793469867588,50.883481504957615,-6572.115767236201
8.801243956040024,11.185675848275073,0.7895793469867588,50.883481504957615,-6572.115767236201
8.801243956040024,11.185675848275073,0.7895793469867588,50.883481504957615,-6572.115767236201
8.595762255652419,11.509127828441011,0.7004136314525813,51.71915093580334,-6575.457857578324
8.595762255652419,11.509127828441011,0.7004136314525813,51.71915093580334,-6575.457857578324
9.83058376621024,9.090529709538774,0.6754577104742994,50.8248407671679,-6570.956182447879
9.83058376621024,9.090529709538774,0.6754577104742994,50.8248407671679,-6570.956182447879
9.83058376621024,9.090529709538774,0.6754577104742994,50.8248407671679,-6570.956182447879
9.83058376621024,9.090529709538774,0.6754577104742994,50.8248407671679,-6570.956182447879
10.270132944002084,10.925249044027385,0.657584472907261,51.28572949210605,-6573.183499349211
10.270132944002084,10.925249044027385,0.657584472907261,51.28572949210605,-6573.183499349211
10.270132944002084,10.925249044027385,0.657584472907261,51.28572949210605,-6573.183499349211
10.270132944002084,10.925249044027385,0.657584472907261,51.28572949210605,-6573.183499349211
10.270132944002084,10.925249044027385,0.657584472907261,51.28572949210605,-6573.183499349211
11.31815212218909,8.721552922982411,0.5385477087041471,50.98799847880313,-6572.787000108692
11.681051234344332,8.421911439426593,0.5982623473688666,50.8349364548636,-6573.078421195263
11.681051234344332,8.421911439426593,0.5982623473688666,50.8349364548636,-6573.078421195263
11.681051234344332,8.421911439426593,0.5982623473688666,50.8349364548636,-6573.078421195263
11.390411877547141,8.294827514918692,0.6913925969320069,50.686151771221766,-6572.168346275997
11.390411877547141,8.294827514918692,0.6913925969320069,50.686151771221766,-6572.168346275997
10.776112578516747,6.9747212278959605,0.7233967376602475,49.969211367185785,-6571.061106402161
10.360721335528918,6.237820843473635,0.802737059702067,50.098058962869864,-6572.03257383479
10.360721335528918,6.237820843473635,0.802737059702067,50.098058962869864,-6572.03257383479
10.360721335528918,6.237820843473635,0.802737059702067,50.098058962869864,-6572.03257383479
10.360721335528918,6.237820843473635,0.802737059702067,50.098058962869864,-6572.03257383479
10.708232429234197,7.771432745125159,0.8671454104236717,49.91124322424483,-6571.378085539471
10.708232429234197,7.771432745125159,0.8671454104236717,49.91124322424483,-6571.378085539471
10.708232429234197,7.771432745125159,0.8671454104236717,49.91124322424483,-6571.378085539471
10.708232429234197,7.771432745125159,0.8671454104236717,49.91124322424483,-6571.378085539471
10.708232429234197,7.771432745125159,0.8671454104236717,49.91124322424483,-6571.378085539471
11.587703940474999,5.998748440362794,0.7601997171634136,50.19769503168992,-6571.540145807615
11.587703940474999,5.998748440362794,0.7601997171634136,50.19769503168992,-6571.540145807615
11.587703940474999,5.998748440362794,0.7601997171634136,50.19769503168992,-6571.540145807615
11.587703940474999,5.998748440362794,0.7601997171634136,50.19769503168992,-6571.540145807615
11.587703940474999,5.998748440362794,0.7601997171634136,50.19769503168992,-6571.540145807615
11.37700080538948,6.171052074248254,0.854980432927807,50.15844256267621,-6571.53459076855
11.37700080538948,6.171052074248254,0.854980432927807,50.15844256267621,-6571.53459076855
11.37700080538948,6.171052074248254,0.854980432927807,50.15844256267621,-6571.53459076855
11.37700080538948,6.171052074248254,0.854980432927807,50.15844256267621,-6571.53459076855
9.872587518770214,9.646628592750229,0.8344512460869495,50.40359356400749,-6570.955088617379
9.872587518770214,9.646628592750229,0.8344512460869495,50.40359356400749,-6570.955088617379
9.872587518770214,9.646628592750229,0.8344512460869495,50.40359356400749,-6570.955088617379
9.681457827691988,10.963199866580828,0.704802122389226,50.72449158758142,-6571.339996112943
9.681457827691988,10.963199866580828,0.704802122389226,50.72449158758142,-6571.339996112943
9.681457827691988,10.963199866580828,0.704802122389226,50.72449158758142,-6571.339996112943
9.681457827691988,10.963199866580828,0.704802122389226,50.72449158758142,-6571.339996112943
9.468711791991426,11.9081692460239,0.6514470510834791,50.47114034661972,-6571.851189593877
9.468711791991426,11.9081692460239,0.6514470510834791,50.47114034661972,-6571.851189593877
9.468711791991426,11.9081692460239,0.6514470510834791,50.47114034661972,-6571.851189593877
9.468711791991426,11.9081692460239,0.6514470510834791,50.47114034661972,-6571.851189593877
9.217567682386328,10.72525039181686,0.6523805858654868,50.773864725017184,-6571.539750077713
9.217567682386328,10.72525039181686,0.6523805858654868,50.773864725017184,-6571.539750077713
9.217567682386328,10.72525039181686,0.6523805858654868,50.773864725017184,-6571.539750077713
9.217567682386328,10.72525039181686,0.6523805858654868,50.773864725017184,-6571.539750077713
9.217567682386328,10.72525039181686,0.6523805858654868,50.773864725017184,-6571.539750077713
9.217567682386328,10.72525039181686,0.6523805858654868,50.773864725017184,-6571.539750077713
9.217567682386328,10.72525039181686,0.6523805858654868,50.773864725017184,-6571.539750077713
9.280215157733654,9.497961339991196,0.8632347826088331,51.13371285893974,-6571.984239120096
9.527330026719271,7.803375908595024,0.8442736908640993,50.57837440075202,-6571.605201553394
10.124118282453198,6.4621668029282615,0.8643730177343667,50.51420779233093,-6571.727160718157
10.124118282453198,6.4621668029282615,0.8643730177343667,50.51420779233093,-6571.727160718157
10.124118282453198,6.4621668029282615,0.8643730177343667,50.51420779233093,-6571.727160718157
11.031148378341896,5.912291214657469,1.0061877297342048,49.946279749836414,-6572.518016154665
11.031148378341896,5.912291214657469,1.0061877297342048,49.946279749836414,-6572.518016154665
11.031148378341896,5.912291214657469,1.0061877297342048,49.946279749836414,-6572.518016154665
10.318756318141535,7.593141577787022,1.0353565163752823,50.344136588696706,-6572.421235082637
10.166312398749476,6.769025346088233,0.794571026342729,50.69385845817748,-6571.687972319417
10.166312398749476,6.769025346088233,0.794571026342729,50.69385845817748,-6571.687972319417
10.166312398749476,6.769025346088233,0.794571026342729,50.69385845817748,-6571.687972319417
10.166312398749476,6.769025346088233,0.794571026342729,50.69385845817748,-6571.687972319417
9.185315194027599,9.890431502986626,0.6644844989692773,50.43103038679151,-6571.781134272234
9.185315194027599,9.890431502986626,0.6644844989692773,50.43103038679151,-6571.781134272234
9.185315194027599,9.890431502986626,0.6644844989692773,50.43103038679151,-6571.781134272234
9.185315194027599,9.890431502986626,0.6644844989692773,50.43103038679151,-6571.781134272234
10.929665016062295,7.833171842363047,0.5292037177715933,50.38672790584083,-6573.10084171064
10.929665016062295,7.833171842363047,0.5292037177715933,50.38672790584083,-6573.10084171064
10.929665016062295,7.833171842363047,0.5292037177715933,50.38672790584083,-6573.10084171064
10.929665016062295,7.833171842363047,0.5292037177715933,50.38672790584083,-6573.10084171064
11.103371235834791,8.856921302244796,0.6484461770669266,50.24470342037486,-6571.74020734823
11.103371235834791,8.856921302244796,0.6484461770669266,50.24470342037486,-6571.74020734823
11.103371235834791,8.856921302244796,0.6484461770669266,50.24470342037486,-6571.74020734823
11.103371235834791,8.856921302244796,0.6484461770669266,50.24470342037486,-6571.74020734823
11.103371235834791,8.856921302244796,0.6484461770669266,50.24470342037486,-6571.74020734823
11.103371235834791,8.856921302244796,0.6484461770669266,50.24470342037486,-6571.74020734823
11.103371235834791,8.856921302244796,0.6484461770669266,50.24470342037486,-6571.74020734823
11.103371235834791,8.856921302244796,0.6484461770669266,50.24470342037486,-6571.74020734823
11.103371235834791,8.856921302244796,0.6484461770669266,50.24470342037486,-6571.74020734823
11.103371235834791,8.856921302244796,0.6484461770669266,50.24470342037486,-6571.74020734823
11.103371235834791,8.856921302244796,0.6484461770669266,50.24470342037486,-6571.74020734823
11.103371235834791,8.856921302244796,0.6484461770669266,50.24470342037486,-6571.74020734823
9.636272334384662,10.797184937426614,0.6021028515771375,50.11354649660635,-6571.376644664102
8.46333299409697,12.668964553657514,0.602077834895569,50.22917739665739,-6573.399152503653
8.46333299409697,12.668964553657514,0.602077834895569,50.22917739665739,-6573.399152503653
8.46333299409697,12.668964553657514,0.602077834895569,50.22917739665739,-6573.399152503653
8.46333299409697,12.668964553657514,0.602077834895569,50.22917739665739,-6573.399152503653
8.46333299409697,12.668964553657514,0.602077834895569,50.22917739665739,-6573.399152503653
8.46333299409697,12.668964553657514,0.602077834895569,50.22917739665739,-6573.399152503653
8.46333299409697,12.668964553657514,0.602077834895569,50.22917739665739,-6573.399152503653
8.46333299409697,12.668964553657514,0.602077834895569,50.22917739665739,-6573.399152503653
8.46333299409697,12.668964553657514,0.602077834895569,50.22917739665739,-6573.399152503653
9.478617148001469,11.149122602962416,0.6146795371219889,50.70476363719824,-6571.458964422543
9.478617148001469,11.149122602962416,0.6146795371219889,50.70476363719824,-6571.458964422543
9.478617148001469,11.149122602962416,0.6146795371219889,50.70476363719824,-6571.458964422543
9.828652622704844,10.23034276770816,0.734081953150136,50.71963766437955,-6570.893268527943
9.828652622704844,10.23034276770816,0.734081953150136,50.71963766437955,-6570.893268527943
9.828652622704844,10.23034276770816,0.734081953150136,50.71963766437955,-6570.893268527943
9.828652622704844,10.23034276770816,0.734081953150136,50.71963766437955,-6570.893268527943
9.828652622704844,10.23034276770816,0.734081953150136,50.71963766437955,-6570.893268527943
9.828652622704844,10.23034276770816,0.734081953150136,50.71963766437955,-6570.893268527943
9.828652622704844,10.23034276770816,0.734081953150136,50.71963766437955,-6570.893268527943
9.828652622704844,10.23034276770816,0.734081953150136,50.71963766437955,-6570.893268527943
9.828652622704844,10.23034276770816,0.734081953150136,50.71963766437955,-6570.893268527943
9.828652622704844,10.23034276770816,0.734081953150136,50.71963766437955,-6570.893268527943
9.828652622704844,10.23034276770816,0.734081953150136,50.71963766437955,-6570.893268527943
9.828652622704844,10.23034276770816,0.734081953150136,50.71963766437955,-6570.893268527943
9.828652622704844,10.23034276770816,0.734081953150136,50.71963766437955,-6570.893268527943
9.828652622704844,10.23034276770816,0.734081953150136,50.71963766437955,-6570.893268527943
9.828652622704844,10.23034276770816,0.734081953150136,50.71963766437955,-6570.893268527943
9.828652622704844,10.23034276770816,0.734081953150136,50.71963766437955,-6570.893268527943
9.828652622704844,10.23034276770816,0.734081953150136,50.71963766437955,-6570.893268527943
10.255702903831033,11.080857106719368,0.5417339678666966,51.2787690300599,-6573.203830571019
10.255702903831033,11.080857106719368,0.5417339678666966,51.2787690300599,-6573.203830571019
10.255702903831033,11.080857106719368,0.5417339678666966,51.2787690300599,-6573.203830571019
10.255702903831033,11.080857106719368,0.5417339678666966,51.2787690300599,-6573.203830571019
10.255702903831033,11.080857106719368,0.5417339678666966,51.2787690300599,-6573.203830571019
10.255702903831033,11.080857106719368,0.5417339678666966,51.2787690300599,-6573.203830571019
10.255702903831033,11.080857106719368,0.5417339678666966,51.2787690300599,-6573.203830571019
10.255702903831033,11.080857106719368,0.5417339678666966,51.2787690300599,-6573.203830571019
10.255702903831033,11.080857106719368,0.5417339678666966,51.2787690300599,-6573.203830571019
10.255702903831033,11.080857106719368,0.5417339678666966,51.2787690300599,-6573.203830571019
10.475963078128093,12.50626084557888,0.47585892833328675,51.02932165735424,-6575.530379551477
10.475963078128093,12.50626084557888,0.47585892833328675,51.02932165735424,-6575.530379551477
10.475963078128093,12.50626084557888,0.47585892833328675,51.02932165735424,-6575.530379551477
10.475963078128093,12.50626084557888,0.47585892833328675,51.02932165735424,-6575.530379551477
10.475963078128093,12.50626084557888,0.47585892833328675,51.02932165735424,-6575.530379551477
11.053197005645305,10.824886263675953,0.6262163784589971,50.749360170269405,-6574.945305571256
11.053197005645305,10.824886263675953,0.6262163784589971,50.749360170269405,-6574.945305571256
9.847871647045913,9.917846436178296,0.8489643836986295,50.51728728657061,-6571.457075387655
9.666896746053885,10.609118664825283,0.9697992338014626,50.132404055507784,-6574.2380382663305
9.666896746053885,10.609118664825283,0.9697992338014626,50.132404055507784,-6574.2380382663305
9.34345086483321,12.006108692676312,0.7943930190245426,50.723593415739785,-6573.216168393801
9.34345086483321,12.006108692676312,0.7943930190245426,50.723593415739785,-6573.216168393801
9.156749121943625,12.588274981097419,0.7379397234301597,50.26433966989421,-6572.97267787752
9.156749121943625,12.588274981097419,0.7379397234301597,50.26433966989421,-6572.97267787752
9.156749121943625,12.588274981097419,0.7379397234301597,50.26433966989421,-6572.97267787752
9.156749121943625,12.588274981097419,0.7379397234301597,50.26433966989421,-6572.97267787752
9.156749121943625,12.588274981097419,0.7379397234301597,50.26433966989421,-6572.97267787752
9.156749121943625,12.588274981097419,0.7379397234301597,50.26433966989421,-6572.97267787752
9.078331141565117,13.025185717302804,0.5080877622644304,50.149687995992544,-6573.785037938114
9.078331141565117,13.025185717302804,0.5080877622644304,50.149687995992544,-6573.785037938114
10.160206886625756,11.443843727971208,0.6970165865196294,50.53792737779266,-6573.174198406206
10.160206886625756,11.443843727971208,0.6970165865196294,50.53792737779266,-6573.174198406206
9.247355959451468,11.7596086967229,0.6826870717775292,50.730090244148585,-6571.756715546093
9.247355959451468,11.7596086967229,0.6826870717775292,50.730090244148585,-6571.756715546093
9.247355959451468,11.7596086967229,0.6826870717775292,50.730090244148585,-6571.756715546093
9.247355959451468,11.7596086967229,0.6826870717775292,50.730090244148585,-6571.756715546093
9.247355959451468,11.7596086967229,0.6826870717775292,50.730090244148585,-6571.756715546093
9.247355959451468,11.7596086967229,0.6826870717775292,50.730090244148585,-6571.756715546093
9.247355959451468,11.7596086967229,0.6826870717775292,50.730090244148585,-6571.756715546093
9.247355959451468,11.7596086967229,0.6826870717775292,50.730090244148585,-6571.756715546093
9.247355959451468,11.7596086967229,0.6826870717775292,50.730090244148585,-6571.756715546093
9.247355959451468,11.7596086967229,0.6826870717775292,50.730090244148585,-6571.756715546093
9.247355959451468,11.7596086967229,0.6826870717775292,50.730090244148585,-6571.756715546093
9.247355959451468,11.7596086967229,0.6826870717775292,50.730090244148585,-6571.756715546093
10.46796531780877,10.229751246474732,0.7388967725972966,50.54807614930618,-6572.381754609651
10.46796531780877,10.229751246474732,0.7388967725972966,50.54807614930618,-6572.381754609651
10.46796531780877,10.229751246474732,0.7388967725972966,50.54807614930618,-6572.381754609651
10.46796531780877,10.229751246474732,0.7388967725972966,50.54807614930618,-6572.381754609651
10.46796531780877,10.229751246474732,0.7388967725972966,50.54807614930618,-6572.381754609651
9.597860602530883,8.569067032685645,0.7556748730799507,50.57971294287496,-6570.951902222365
9.597860602530883,8.569067032685645,0.7556748730799507,50.57971294287496,-6570.951902222365
9.597860602530883,8.569067032685645,0.7556748730799507,50.57971294287496,-6570.951902222365
9.597860602530883,8.569067032685645,0.7556748730799507,50.57971294287496,-6570.951902222365
9.597860602530883,8.569067032685645,0.7556748730799507,50.57971294287496,-6570.951902222365
10.593210802763362,7.873085872427014,0.7431154093082986,50.31620738061744,-6570.264448463268
10.593210802763362,7.873085872427014,0.7431154093082986,50.31620738061744,-6570.264448463268
10.593210802763362,7.873085872427014,0.7431154093082986,50.31620738061744,-6570.264448463268
10.654627381161449,7.9873582555872575,0.8110162985849636,49.15139307273209,-6572.85778888187
11.263789263782279,6.199840508184696,0.8711273984750995,49.578387008933895,-6572.354232239815
11.263789263782279,6.199840508184696,0.8711273984750995,49.578387008933895,-6572.354232239815
11.263789263782279,6.199840508184696,0.8711273984750995,49.578387008933895,-6572.354232239815
11.263789263782279,6.199840508184696,0.8711273984750995,49.578387008933895,-6572.354232239815
11.263789263782279,6.199840508184696,0.8711273984750995,49.578387008933895,-6572.354232239815
11.263789263782279,6.199840508184696,0.8711273984750995,49.578387008933895,-6572.354232239815
11.53254211420029,7.002170413263264,0.8966283320337392,50.0545847153072,-6573.473441191891
11.53254211420029,7.002170413263264,0.8966283320337392,50.0545847153072,-6573.473441191891
11.53254211420029,7.002170413263264,0.8966283320337392,50.0545847153072,-6573.473441191891
11.53254211420029,7.002170413263264,0.8966283320337392,50.0545847153072,-6573.473441191891
9.75723262340891,7.54618323747869,0.7389375174269073,49.99007014675411,-6572.455961822621
9.75723262340891,7.54618323747869,0.7389375174269073,49.99007014675411,-6572.455961822621
9.75723262340891,7.54618323747869,0.7389375174269073,49.99007014675411,-6572.455961822621
9.75723262340891,7.54618323747869,0.7389375174269073,49.99007014675411,-6572.455961822621
9.75723262340891,7.54618323747869,0.7389375174269073,49.99007014675411,-6572.455961822621
11.18832938509688,6.610916987271039,0.8240860748458934,50.066671050487834,-6571.174581560854
11.18832938509688,6.610916987271039,0.8240860748458934,50.066671050487834,-6571.174581560854
11.66590408709323,5.135273242127253,0.8489894670393595,50.11788084341766,-6572.096707539006
11.66590408709323,5.135273242127253,0.8489894670393595,50.11788084341766,-6572.096707539006
11.66590408709323,5.135273242127253,0.8489894670393595,50.11788084341766,-6572.096707539006
11.66590408709323,5.135273242127253,0.8489894670393595,50.11788084341766,-6572.096707539006
11.66590408709323,5.135273242127253,0.8489894670393595,50.11788084341766,-6572.096707539006
11.66590408709323,5.135273242127253,0.8489894670393595,50.11788084341766,-6572.096707539006
12.385571996536937,4.520290744063317,0.8303334749516235,50.81141275854178,-6573.527784295795
12.385571996536937,4.520290744063317,0.8303334749516235,50.81141275854178,-6573.527784295795
12.385571996536937,4.520290744063317,0.8303334749516235,50.81141275854178,-6573.527784295795
12.385571996536937,4.520290744063317,0.8303334749516235,50.81141275854178,-6573.527784295795
12.385571996536937,4.520290744063317,0.8303334749516235,50.81141275854178,-6573.527784295795
12.385571996536937,4.520290744063317,0.8303334749516235,50.81141275854178,-6573.527784295795
12.385571996536937,4.520290744063317,0.8303334749516235,50.81141275854178,-6573.527784295795
12.385571996536937,4.520290744063317,0.8303334749516235,50.81141275854178,-6573.527784295795
12.385571996536937,4.520290744063317,0.8303334749516235,50.81141275854178,-6573.527784295795
12.385571996536937,4.520290744063317,0.8303334749516235,50.81141275854178,-6573.527784295795
12.385571996536937,4.520290744063317,0.8303334749516235,50.81141275854178,-6573.527784295795
12.385571996536937,4.520290744063317,0.8303334749516235,50.81141275854178,-6573.527784295795
12.385571996536937,4.520290744063317,0.8303334749516235,50.81141275854178,-6573.527784295795
12.109159670991287,4.5061989826678355,0.7699611773117045,51.244935400447844,-6573.713643646271
12.381683056205198,5.967453072876328,0.6567189064832194,51.29395960325057,-6574.07511725509
12.381683056205198,5.967453072876328,0.6567189064832194,51.29395960325057,-6574.07511725509
12.381683056205198,5.967453072876328,0.6567189064832194,51.29395960325057,-6574.07511725509
12.381683056205198,5.967453072876328,0.6567189064832194,51.29395960325057,-6574.07511725509
12.381683056205198,5.967453072876328,0.6567189064832194,51.29395960325057,-6574.07511725509
11.746336309523016,6.0662252569067565,0.690104764312204,51.38116141396345,-6572.986907739406
11.746336309523016,6.0662252569067565,0.690104764312204,51.38116141396345,-6572.986907739406
11.93196484911282,4.972976423085383,0.747974816937941,51.37915482047269,-6573.583466048734
11.93196484911282,4.972976423085383,0.747974816937941,51.37915482047269,-6573.583466048734
11.93196484911282,4.972976423085383,0.747974816937941,51.37915482047269,-6573.583466048734
11.93196484911282,4.972976423085383,0.747974816937941,51.37915482047269,-6573.583466048734
11.93196484911282,4.972976423085383,0.747974816937941,51.37915482047269,-6573.583466048734
10.774725073840434,9.538515725775168,0.8488931195825179,50.81575755681784,-6574.237931940035
10.129324848128327,11.017587306969645,0.782935635841153,51.07366412722758,-6573.998996412147
9.506598642871754,10.021204650800149,0.6920357496448959,51.07180909135415,-6571.428576488392
9.506598642871754,10.021204650800149,0.6920357496448959,51.07180909135415,-6571.428576488392
9.506598642871754,10.021204650800149,0.6920357496448959,51.07180909135415,-6571.428576488392
9.506598642871754,10.021204650800149,0.6920357496448959,51.07180909135415,-6571.428576488392
9.506598642871754,10.021204650800149,0.6920357496448959,51.07180909135415,-6571.428576488392
9.506598642871754,10.021204650800149,0.6920357496448959,51.07180909135415,-6571.428576488392
9.506598642871754,10.021204650800149,0.6920357496448959,51.07180909135415,-6571.428576488392
9.506598642871754,10.021204650800149,0.6920357496448959,51.07180909135415,-6571.428576488392
9.962273847130025,9.932515491113314,0.5608975139745728,50.598714498181884,-6571.689645550557
9.962273847130025,9.932515491113314,0.5608975139745728,50.598714498181884,-6571.689645550557
9.962273847130025,9.932515491113314,0.5608975139745728,50.598714498181884,-6571.689645550557
9.962273847130025,9.932515491113314,0.5608975139745728,50.598714498181884,-6571.689645550557
9.962273847130025,9.932515491113314,0.5608975139745728,50.598714498181884,-6571.689645550557
10.283680458744175,10.330802911157345,0.7192322370436685,50.59829026007121,-6571.751527732155
10.004353563532614,12.02473329539607,0.5439412675429072,50.653853248232025,-6572.979727033955
10.004353563532614,12.02473329539607,0.5439412675429072,50.653853248232025,-6572.979727033955
10.004353563532614,12.02473329539607,0.5439412675429072,50.653853248232025,-6572.979727033955
10.004353563532614,12.02473329539607,0.5439412675429072,50.653853248232025,-6572.979727033955
10.004353563532614,12.02473329539607,0.5439412675429072,50.653853248232025,-6572.979727033955
10.004353563532614,12.02473329539607,0.5439412675429072,50.653853248232025,-6572.979727033955
10.004353563532614,12.02473329539607,0.5439412675429072,50.653853248232025,-6572.979727033955
10.004353563532614,12.02473329539607,0.5439412675429072,50.653853248232025,-6572.979727033955
8.441496298392883,12.928071722835016,0.700857034374137,50.80431899052299,-6573.274821372808
8.441496298392883,12.928071722835016,0.700857034374137,50.80431899052299,-6573.274821372808
8.441496298392883,12.928071722835016,0.700857034374137,50.80431899052299,-6573.274821372808
8.441496298392883,12.928071722835016,0.700857034374137,50.80431899052299,-6573.274821372808
8.441496298392883,12.928071722835016,0.700857034374137,50.80431899052299,-6573.274821372808
8.441496298392883,12.928071722835016,0.700857034374137,50.80431899052299,-6573.274821372808
8.441496298392883,12.928071722835016,0.700857034374137,50.80431899052299,-6573.274821372808
8.441496298392883,12.928071722835016,0.700857034374137,50.80431899052299,-6573.274821372808
8.441496298392883,12.928071722835016,0.700857034374137,50.80431899052299,-6573.274821372808
9.131388121118686,12.791053287165479,0.46831459828508404,50.4958073730932,-6574.338994699185
9.131388121118686,12.791053287165479,0.46831459828508404,50.4958073730932,-6574.338994699185
9.131388121118686,12.791053287165479,0.46831459828508404,50.4958073730932,-6574.338994699185
9.131388121118686,12.791053287165479,0.46831459828508404,50.4958073730932,-6574.338994699185
9.131388121118686,12.791053287165479,0.46831459828508404,50.4958073730932,-6574.338994699185
9.131388121118686,12.791053287165479,0.46831459828508404,50.4958073730932,-6574.338994699185
10.012288945217968,11.163537153201581,0.6675878548594002,51.01994495026834,-6572.417544637672
10.278304307667572,9.407636539900347,0.7795015202762675,50.396566125658815,-6570.9238350717715
10.288302963285753,9.375054009187028,0.7262867355601337,49.52012812746081,-6571.695847995421
9.887505744597897,8.993617197613032,0.6696065548126522,50.66855067600944,-6570.803607232716
9.887505744597897,8.993617197613032,0.6696065548126522,50.66855067600944,-6570.803607232716
9.887505744597897,8.993617197613032,0.6696065548126522,50.66855067600944,-6570.803607232716
10.869679582500225,8.255597152006155,0.8022999725271696,50.49420758004108,-6571.316856618616
10.869679582500225,8.255597152006155,0.8022999725271696,50.49420758004108,-6571.316856618616
10.869679582500225,8.255597152006155,0.8022999725271696,50.49420758004108,-6571.316856618616
10.869679582500225,8.255597152006155,0.8022999725271696,50.49420758004108,-6571.316856618616
10.869679582500225,8.255597152006155,0.8022999725271696,50.49420758004108,-6571.316856618616
10.869679582500225,8.255597152006155,0.8022999725271696,50.49420758004108,-6571.316856618616
10.869679582500225,8.255597152006155,0.8022999725271696,50.49420758004108,-6571.316856618616
10.869679582500225,8.255597152006155,0.8022999725271696,50.49420758004108,-6571.316856618616
10.869679582500225,8.255597152006155,0.8022999725271696,50.49420758004108,-6571.316856618616
11.334500976194182,5.88184267618359,0.8307935490646733,51.25568966822326,-6572.244874344432
11.334500976194182,5.88184267618359,0.8307935490646733,51.25568966822326,-6572.244874344432
10.468911781613683,8.667507169876785,0.7794994038979086,51.34263201317501,-6571.892725674662
10.468911781613683,8.667507169876785,0.7794994038979086,51.34263201317501,-6571.892725674662
10.468911781613683,8.667507169876785,0.7794994038979086,51.34263201317501,-6571.892725674662
10.468911781613683,8.667507169876785,0.7794994038979086,51.34263201317501,-6571.892725674662
10.468911781613683,8.667507169876785,0.7794994038979086,51.34263201317501,-6571.892725674662
10.468911781613683,8.667507169876785,0.7794994038979086,51.34263201317501,-6571.892725674662
10.468911781613683,8.667507169876785,0.7794994038979086,51.34263201317501,-6571.892725674662
10.468911781613683,8.667507169876785,0.7794994038979086,51.34263201317501,-6571.892725674662
10.468911781613683,8.667507169876785,0.7794994038979086,51.34263201317501,-6571.892725674662
10.468911781613683,8.667507169876785,0.7794994038979086,51.34263201317501,-6571.892725674662
10.468911781613683,8.667507169876785,0.7794994038979086,51.34263201317501,-6571.892725674662
11.169385467314832,7.345470703396034,0.7033911771322778,51.30036335669821,-6571.893350910494
11.169385467314832,7.345470703396034,0.7033911771322778,51.30036335669821,-6571.893350910494
10.17827141041058,7.876707222583987,0.8083350310434415,51.30373801931644,-6571.600619487692
10.536080974856288,9.094749209125396,0.8040729913372695,51.28397594334561,-6572.603296088869
10.536080974856288,9.094749209125396,0.8040729913372695,51.28397594334561,-6572.603296088869
10.536080974856288,9.094749209125396,0.8040729913372695,51.28397594334561,-6572.603296088869
10.536080974856288,9.094749209125396,0.8040729913372695,51.28397594334561,-6572.603296088869
10.536080974856288,9.094749209125396,0.8040729913372695,51.28397594334561,-6572.603296088869
10.536080974856288,9.094749209125396,0.8040729913372695,51.28397594334561,-6572.603296088869
10.536080974856288,9.094749209125396,0.8040729913372695,51.28397594334561,-6572.603296088869
10.536080974856288,9.094749209125396,0.8040729913372695,51.28397594334561,-6572.603296088869
10.536080974856288,9.094749209125396,0.8040729913372695,51.28397594334561,-6572.603296088869
10.11321518625268,8.673434440464318,0.7057928135636495,51.89786639191592,-6573.829905669576
9.698907695392938,9.688318273874678,0.6399690999147274,50.86079944934383,-6571.282342314516
9.698907695392938,9.688318273874678,0.6399690999147274,50.86079944934383,-6571.282342314516
9.644192079814806,11.323684613712516,0.70540383805003,50.61586347542789,-6571.650097527599
9.644192079814806,11.323684613712516,0.70540383805003,50.61586347542789,-6571.650097527599
9.644192079814806,11.323684613712516,0.70540383805003,50.61586347542789,-6571.650097527599
9.644192079814806,11.323684613712516,0.70540383805003,50.61586347542789,-6571.650097527599
9.644192079814806,11.323684613712516,0.70540383805003,50.61586347542789,-6571.650097527599
9.644192079814806,11.323684613712516,0.70540383805003,50.61586347542789,-6571.650097527599
11.07769745366757,6.2517495772171365,0.6465834135140966,50.903966198854235,-6572.792422969665
11.07769745366757,6.2517495772171365,0.6465834135140966,50.903966198854235,-6572.792422969665
11.07769745366757,6.2517495772171365,0.6465834135140966,50.903966198854235,-6572.792422969665
11.07769745366757,6.2517495772171365,0.6465834135140966,50.903966198854235,-6572.792422969665
11.07769745366757,6.2517495772171365,0.6465834135140966,50.903966198854235,-6572.792422969665
11.484358944696403,5.767833550001441,0.6151603724653831,50.650319433871694,-6573.505034830519
11.484358944696403,5.767833550001441,0.6151603724653831,50.650319433871694,-6573.505034830519
11.484358944696403,5.767833550001441,0.6151603724653831,50.650319433871694,-6573.505034830519
10.834270379837935,6.198619834380454,0.8097540565430837,49.39127135143137,-6572.568508549374
9.55546563031532,8.085251633559333,0.8019232400924663,49.54426790575653,-6572.288484271978
9.55546563031532,8.085251633559333,0.8019232400924663,49.54426790575653,-6572.288484271978
8.886972591199905,9.04518818683383,0.884745526907689,49.52286340654235,-6573.07727034772
9.552869475231988,11.634132242798378,0.8843737274433683,50.0869985318911,-6574.441221899095
8.82245976899587,11.07448365204133,0.813668512913578,50.58241989368929,-6571.723521154062
8.82245976899587,11.07448365204133,0.813668512913578,50.58241989368929,-6571.723521154062
8.82245976899587,11.07448365204133,0.813668512913578,50.58241989368929,-6571.723521154062
9.76881643670461,9.5812715558852,0.9012610986189982,51.13664592240311,-6572.501691796479
9.76881643670461,9.5812715558852,0.9012610986189982,51.13664592240311,-6572.501691796479
9.76881643670461,9.5812715558852,0.9012610986189982,51.13664592240311,-6572.501691796479
9.76881643670461,9.5812715558852,0.9012610986189982,51.13664592240311,-6572.501691796479
9.76881643670461,9.5812715558852,0.9012610986189982,51.13664592240311,-6572.501691796479
9.940922432120487,7.693477996761547,0.7691748804611294,50.24561005414728,-6570.928874618268
9.8737239481402,9.57757627923984,0.7901929069936204,50.49059436460943,-6570.537166174136
9.8737239481402,9.57757627923984,0.7901929069936204,50.49059436460943,-6570.537166174136
9.8737239481402,9.57757627923984,0.7901929069936204,50.49059436460943,-6570.537166174136
9.950445517072694,9.685469796556534,0.8212499303366491,50.32520424641637,-6570.9901499780735
9.950445517072694,9.685469796556534,0.8212499303366491,50.32520424641637,-6570.9901499780735
9.950445517072694,9.685469796556534,0.8212499303366491,50.32520424641637,-6570.9901499780735
10.892146008877868,7.101372171790081,0.7976006025497161,51.137368437509856,-6571.323848726745
10.892146008877868,7.101372171790081,0.7976006025497161,51.137368437509856,-6571.323848726745
10.892146008877868,7.101372171790081,0.7976006025497161,51.137368437509856,-6571.323848726745
10.892146008877868,7.101372171790081,0.7976006025497161,51.137368437509856,-6571.323848726745
10.892146008877868,7.101372171790081,0.7976006025497161,51.137368437509856,-6571.323848726745
11.170656770140386,7.051020813395746,0.7097010281665087,50.60382348031759,-6570.864143015693
11.170656770140386,7.051020813395746,0.7097010281665087,50.60382348031759,-6570.864143015693
10.376826153023337,10.916356954734415,0.6734850321831998,50.66978121563044,-6572.694847931221
10.376826153023337,10.916356954734415,0.6734850321831998,50.66978121563044,-6572.694847931221
10.376826153023337,10.916356954734415,0.6734850321831998,50.66978121563044,-6572.694847931221
10.376826153023337,10.916356954734415,0.6734850321831998,50.66978121563044,-6572.694847931221
10.376826153023337,10.916356954734415,0.6734850321831998,50.66978121563044,-6572.694847931221
10.554689793425103,8.099649155136955,0.6785444309758709,50.745511914577854,-6570.621691795862
10.554689793425103,8.099649155136955,0.6785444309758709,50.745511914577854,-6570.621691795862
10.746078021074652,6.697269013999277,0.8192942594552796,50.09048852389558,-6570.7280360221885
10.49016557617049,6.234808448948557,1.0074971140462623,50.11500075740819,-6571.841721186791
10.877537589721394,7.345631555395091,0.8770915672492967,50.31843777754878,-6571.209511775825
10.591765530256167,8.48696970565184,0.7009505431485459,50.60934849636767,-6570.435381781116
10.591765530256167,8.48696970565184,0.7009505431485459,50.60934849636767,-6570.435381781116
10.591765530256167,8.48696970565184,0.7009505431485459,50.60934849636767,-6570.435381781116
10.591765530256167,8.48696970565184,0.7009505431485459,50.60934849636767,-6570.435381781116
10.591765530256167,8.48696970565184,0.7009505431485459,50.60934849636767,-6570.435381781116
8.905408794062904,10.429409216590319,0.7289336584925641,50.048893335143624,-6571.622806262127
8.905408794062904,10.429409216590319,0.7289336584925641,50.048893335143624,-6571.622806262127
8.905408794062904,10.429409216590319,0.7289336584925641,50.048893335143624,-6571.622806262127
8.905408794062904,10.429409216590319,0.7289336584925641,50.048893335143624,-6571.622806262127
8.905408794062904,10.429409216590319,0.7289336584925641,50.048893335143624,-6571.622806262127
9.345554520026145,8.381720164609087,0.8108787437678233,50.08530139422895,-6571.5979473316165
9.345554520026145,8.381720164609087,0.8108787437678233,50.08530139422895,-6571.5979473316165
9.345554520026145,8.381720164609087,0.8108787437678233,50.08530139422895,-6571.5979473316165
9.345554520026145,8.381720164609087,0.8108787437678233,50.08530139422895,-6571.5979473316165
9.345554520026145,8.381720164609087,0.8108787437678233,50.08530139422895,-6571.5979473316165
9.345554520026145,8.381720164609087,0.8108787437678233,50.08530139422895,-6571.5979473316165
9.345554520026145,8.381720164609087,0.8108787437678233,50.08530139422895,-6571.5979473316165
9.345554520026145,8.381720164609087,0.8108787437678233,50.08530139422895,-6571.5979473316165
9.345554520026145,8.381720164609087,0.8108787437678233,50.08530139422895,-6571.5979473316165
9.369687756030451,9.600864824877661,0.9101812154187797,50.24869378432177,-6571.255538905683
9.369687756030451,9.600864824877661,0.9101812154187797,50.24869378432177,-6571.255538905683
9.369687756030451,9.600864824877661,0.9101812154187797,50.24869378432177,-6571.255538905683
9.369687756030451,9.600864824877661,0.9101812154187797,50.24869378432177,-6571.255538905683
9.369687756030451,9.600864824877661,0.9101812154187797,50.24869378432177,-6571.255538905683
9.369687756030451,9.600864824877661,0.9101812154187797,50.24869378432177,-6571.255538905683
9.369687756030451,9.600864824877661,0.9101812154187797,50.24869378432177,-6571.255538905683
10.388854382880087,8.935259328078343,0.9401356937243296,50.36238964754988,-6572.828789771755
10.388854382880087,8.935259328078343,0.9401356937243296,50.36238964754988,-6572.828789771755
9.572972830094908,7.1201626460772,0.9191926427553311,50.217206263014475,-6572.1964840692135
9.572972830094908,7.1201626460772,0.9191926427553311,50.217206263014475,-6572.1964840692135
9.003156927118292,8.814723982576607,0.9372599271126181,50.31722649388834,-6571.9940721065595
9.003156927118292,8.814723982576607,0.9372599271126181,50.31722649388834,-6571.9940721065595
9.003156927118292,8.814723982576607,0.9372599271126181,50.31722649388834,-6571.9940721065595
8.871906903426405,9.797076356478982,0.9942618106852209,50.51009303563069,-6572.60209217901
8.871906903426405,9.797076356478982,0.9942618106852209,50.51009303563069,-6572.60209217901
8.871906903426405,9.797076356478982,0.9942618106852209,50.51009303563069,-6572.60209217901
8.871906903426405,9.797076356478982,0.9942618106852209,50.51009303563069,-6572.60209217901
8.871906903426405,9.797076356478982,0.9942618106852209,50.51009303563069,-6572.60209217901
8.871906903426405,9.797076356478982,0.9942618106852209,50.51009303563069,-6572.60209217901
8.871906903426405,9.797076356478982,0.9942618106852209,50.51009303563069,-6572.60209217901
8.871906903426405,9.797076356478982,0.9942618106852209,50.51009303563069,-6572.60209217901
8.871906903426405,9.797076356478982,0.9942618106852209,50.51009303563069,-6572.60209217901
10.577099515301873,7.101384848653864,0.9059752073145009,50.72658273758626,-6571.042645110184
10.577099515301873,7.101384848653864,0.9059752073145009,50.72658273758626,-6571.042645110184
10.663916786530846,7.361516784878361,0.8882624263353924,50.107172696265735,-6570.999931036404
10.663916786530846,7.361516784878361,0.8882624263353924,50.107172696265735,-6570.999931036404
10.663916786530846,7.361516784878361,0.8882624263353924,50.107172696265735,-6570.999931036404
10.663916786530846,7.361516784878361,0.8882624263353924,50.107172696265735,-6570.999931036404
9.818267667008568,7.375594695441782,0.8913524292293626,50.17341770109673,-6571.137511583738
9.939675114458115,7.5437238174139,0.782094063179354,50.87376429822948,-6571.435750631742
10.013634725028542,9.433634616801537,0.8227284450794383,50.94621607777431,-6571.3607849236505
10.489397647675563,8.857525223657914,0.7514784677891428,50.564029311733805,-6570.619411130755
10.489397647675563,8.857525223657914,0.7514784677891428,50.564029311733805,-6570.619411130755
10.489397647675563,8.857525223657914,0.7514784677891428,50.564029311733805,-6570.619411130755
10.489397647675563,8.857525223657914,0.7514784677891428,50.564029311733805,-6570.619411130755
10.489397647675563,8.857525223657914,0.7514784677891428,50.564029311733805,-6570.619411130755
10.163521262818513,7.93566012028292,0.7101511559124657,50.268198851075,-6570.707897297396
10.163521262818513,7.93566012028292,0.7101511559124657,50.268198851075,-6570.707897297396
10.38772467494093,8.862502524266356,0.6272021407459902,49.66733493922178,-6571.669367593695
11.400453920896366,6.206254442453496,0.7446699215071043,49.71623223810324,-6572.010768904861
11.400453920896366,6.206254442453496,0.7446699215071043,49.71623223810324,-6572.010768904861
11.400453920896366,6.206254442453496,0.7446699215071043,49.71623223810324,-6572.010768904861
12.09675710809219,5.691815664866272,0.7458514607176114,50.63353029672787,-6572.475180581519
12.299175577418895,7.131519653991177,0.5962617757990347,50.7170806094834,-6573.876297913181
12.299175577418895,7.131519653991177,0.5962617757990347,50.7170806094834,-6573.876297913181
10.481024337457297,9.216409137460397,0.7381770679919635,50.9294180666715,-6571.237761211209
10.283018214705194,8.994046981584862,0.5392748545196177,50.630181622410326,-6572.44425356071
10.283018214705194,8.994046981584862,0.5392748545196177,50.630181622410326,-6572.44425356071
10.223409330731062,8.973556862125026,0.6117205728545256,51.50485959112234,-6572.81538854541
10.45515234772393,9.360944420961763,0.7450181207312263,51.48974535831994,-6572.710890736949
10.45515234772393,9.360944420961763,0.7450181207312263,51.48974535831994,-6572.710890736949
10.45515234772393,9.360944420961763,0.7450181207312263,51.48974535831994,-6572.710890736949
10.45515234772393,9.360944420961763,0.7450181207312263,51.48974535831994,-6572.710890736949
10.45515234772393,9.360944420961763,0.7450181207312263,51.48974535831994,-6572.710890736949
10.45515234772393,9.360944420961763,0.7450181207312263,51.48974535831994,-6572.710890736949
9.358925809329182,8.778095590546586,0.8587343254140107,50.620601219290656,-6571.082804345868
9.358925809329182,8.778095590546586,0.8587343254140107,50.620601219290656,-6571.082804345868
9.358925809329182,8.778095590546586,0.8587343254140107,50.620601219290656,-6571.082804345868
9.358925809329182,8.778095590546586,0.8587343254140107,50.620601219290656,-6571.082804345868
9.358925809329182,8.778095590546586,0.8587343254140107,50.620601219290656,-6571.082804345868
9.358925809329182,8.778095590546586,0.8587343254140107,50.620601219290656,-6571.082804345868
9.358925809329182,8.778095590546586,0.8587343254140107,50.620601219290656,-6571.082804345868
9.358925809329182,8.778095590546586,0.8587343254140107,50.620601219290656,-6571.082804345868
9.358925809329182,8.778095590546586,0.8587343254140107,50.620601219290656,-6571.082804345868
9.358925809329182,8.778095590546586,0.8587343254140107,50.620601219290656,-6571.082804345868
9.358925809329182,8.778095590546586,0.8587343254140107,50.620601219290656,-6571.082804345868
9.358925809329182,8.778095590546586,0.8587343254140107,50.620601219290656,-6571.082804345868
9.358925809329182,8.778095590546586,0.8587343254140107,50.620601219290656,-6571.082804345868
9.358925809329182,8.778095590546586,0.8587343254140107,50.620601219290656,-6571.082804345868
9.358925809329182,8.778095590546586,0.8587343254140107,50.620601219290656,-6571.082804345868
8.51111049357517,9.067334389651428,0.9435251891804347,50.4172545305674,-6573.788826706797
8.51111049357517,9.067334389651428,0.9435251891804347,50.4172545305674,-6573.788826706797
8.51111049357517,9.067334389651428,0.9435251891804347,50.4172545305674,-6573.788826706797
8.361301896304,9.724917698493542,1.104826050504561,50.47036201789884,-6574.880556023193
8.361301896304,9.724917698493542,1.104826050504561,50.47036201789884,-6574.880556023193
8.361301896304,9.724917698493542,1.104826050504561,50.47036201789884,-6574.880556023193
8.361301896304,9.724917698493542,1.104826050504561,50.47036201789884,-6574.880556023193
8.361301896304,9.724917698493542,1.104826050504561,50.47036201789884,-6574.880556023193
8.500702892761474,10.059178956315263,0.8696572674842759,51.22960364007854,-6574.217709252449
8.500702892761474,10.059178956315263,0.8696572674842759,51.22960364007854,-6574.217709252449
8.500702892761474,10.059178956315263,0.8696572674842759,51.22960364007854,-6574.217709252449
9.236180230995974,8.831756499850139,0.9394900645106455,50.787457078639385,-6571.845752801017
8.318652877987692,10.542010518411733,0.7018345518713317,50.871611089353756,-6575.144207517847
8.87340836465386,10.202845804111146,0.8073558801410603,51.093628624914295,-6572.442819560969
8.87340836465386,10.202845804111146,0.8073558801410603,51.093628624914295,-6572.442819560969
8.87340836465386,10.202845804111146,0.8073558801410603,51.093628624914295,-6572.442819560969
8.532183755961011,11.566142844745011,0.6855347840004545,51.93978818961484,-6576.908699352009
8.532183755961011,11.566142844745011,0.6855347840004545,51.93978818961484,-6576.908699352009
8.532183755961011,11.566142844745011,0.6855347840004545,51.93978818961484,-6576.908699352009
8.532183755961011,11.566142844745011,0.6855347840004545,51.93978818961484,-6576.908699352009
8.532183755961011,11.566142844745011,0.6855347840004545,51.93978818961484,-6576.908699352009
8.532183755961011,11.566142844745011,0.6855347840004545,51.93978818961484,-6576.908699352009
8.532183755961011,11.566142844745011,0.6855347840004545,51.93978818961484,-6576.908699352009
8.532183755961011,11.566142844745011,0.6855347840004545,51.93978818961484,-6576.908699352009
8.532183755961011,11.566142844745011,0.6855347840004545,51.93978818961484,-6576.908699352009
8.532183755961011,11.566142844745011,0.6855347840004545,51.93978818961484,-6576.908699352009
8.532183755961011,11.566142844745011,0.6855347840004545,51.93978818961484,-6576.908699352009
8.532183755961011,11.566142844745011,0.6855347840004545,51.93978818961484,-6576.908699352009
8.532183755961011,11.566142844745011,0.6855347840004545,51.93978818961484,-6576.908699352009
9.077146202604323,11.52519832479387,0.6527773604959932,51.218578579458196,-6572.692476550485
9.077146202604323,11.52519832479387,0.6527773604959932,51.218578579458196,-6572.692476550485
9.077146202604323,11.52519832479387,0.6527773604959932,51.218578579458196,-6572.692476550485
9.077146202604323,11.52519832479387,0.6527773604959932,51.218578579458196,-6572.692476550485
9.077146202604323,11.52519832479387,0.6527773604959932,51.218578579458196,-6572.692476550485
9.068748085258768,11.557243400157713,0.5531461561537255,50.235753361624056,-6572.855151687925
9.46420187823147,10.431845657755984,0.589784011029429,50.24908352661824,-6571.768497622103
9.46420187823147,10.431845657755984,0.589784011029429,50.24908352661824,-6571.768497622103
10.268372279625787,9.14347697404759,0.5449189376603558,50.04931618429375,-6572.405602533612
10.268372279625787,9.14347697404759,0.5449189376603558,50.04931618429375,-6572.405602533612
10.651138535610603,7.037152680260991,0.8513558027214951,50.00098947577191,-6570.754540256724
10.651138535610603,7.037152680260991,0.8513558027214951,50.00098947577191,-6570.754540256724
10.651138535610603,7.037152680260991,0.8513558027214951,50.00098947577191,-6570.754540256724
10.651138535610603,7.037152680260991,0.8513558027214951,50.00098947577191,-6570.754540256724
10.651138535610603,7.037152680260991,0.8513558027214951,50.00098947577191,-6570.754540256724
10.651138535610603,7.037152680260991,0.8513558027214951,50.00098947577191,-6570.754540256724
10.651138535610603,7.037152680260991,0.8513558027214951,50.00098947577191,-6570.754540256724
10.651138535610603,7.037152680260991,0.8513558027214951,50.00098947577191,-6570.754540256724
10.651138535610603,7.037152680260991,0.8513558027214951,50.00098947577191,-6570.754540256724
10.651138535610603,7.037152680260991,0.8513558027214951,50.00098947577191,-6570.754540256724
10.651138535610603,7.037152680260991,0.8513558027214951,50.00098947577191,-6570.754540256724
10.651138535610603,7.037152680260991,0.8513558027214951,50.00098947577191,-6570.754540256724
10.651138535610603,7.037152680260991,0.8513558027214951,50.00098947577191,-6570.754540256724
10.651138535610603,7.037152680260991,0.8513558027214951,50.00098947577191,-6570.754540256724
10.651138535610603,7.037152680260991,0.8513558027214951,50.00098947577191,-6570.754540256724
10.651138535610603,7.037152680260991,0.8513558027214951,50.00098947577191,-6570.754540256724
10.651138535610603,7.037152680260991,0.8513558027214951,50.00098947577191,-6570.754540256724
10.651138535610603,7.037152680260991,0.8513558027214951,50.00098947577191,-6570.754540256724
10.651138535610603,7.037152680260991,0.8513558027214951,50.00098947577191,-6570.754540256724
10.651138535610603,7.037152680260991,0.8513558027214951,50.00098947577191,-6570.754540256724
10.651138535610603,7.037152680260991,0.8513558027214951,50.00098947577191,-6570.754540256724
10.651138535610603,7.037152680260991,0.8513558027214951,50.00098947577191,-6570.754540256724
10.651138535610603,7.037152680260991,0.8513558027214951,50.00098947577191,-6570.754540256724
10.651138535610603,7.037152680260991,0.8513558027214951,50.00098947577191,-6570.754540256724
10.651138535610603,7.037152680260991,0.8513558027214951,50.00098947577191,-6570.754540256724
12.086225236509973,5.545069402832892,0.7574252188699461,49.84108114343061,-6573.037278453279
12.086225236509973,5.545069402832892,0.7574252188699461,49.84108114343061,-6573.037278453279
12.086225236509973,5.545069402832892,0.7574252188699461,49.84108114343061,-6573.037278453279
11.50922027134756,6.891747534294369,0.6331421159460033,50.57477067441782,-6571.724457685099
11.50922027134756,6.891747534294369,0.6331421159460033,50.57477067441782,-6571.724457685099
11.50922027134756,6.891747534294369,0.6331421159460033,50.57477067441782,-6571.724457685099
11.490957533603526,7.148270238234718,0.5713737404233862,51.02540768784107,-6572.80922385878
11.490957533603526,7.148270238234718,0.5713737404233862,51.02540768784107,-6572.80922385878
10.816169630791292,8.267534241224732,0.6465433401788612,51.482861899351384,-6572.341039684929
10.072950576938865,9.549549613922043,0.5835358017464108,50.61750868806285,-6571.346941681051
10.072950576938865,9.549549613922043,0.5835358017464108,50.61750868806285,-6571.346941681051
10.072950576938865,9.549549613922043,0.5835358017464108,50.61750868806285,-6571.346941681051
10.072950576938865,9.549549613922043,0.5835358017464108,50.61750868806285,-6571.346941681051
10.072950576938865,9.549549613922043,0.5835358017464108,50.61750868806285,-6571.346941681051
10.072950576938865,9.549549613922043,0.5835358017464108,50.61750868806285,-6571.346941681051
11.026898766015513,8.939405231732744,0.5359269416359211,51.0456782473879,-6572.565177341066
11.026898766015513,8.939405231732744,0.5359269416359211,51.0456782473879,-6572.565177341066
11.026898766015513,8.939405231732744,0.5359269416359211,51.0456782473879,-6572.565177341066
11.1189239097017,9.682936172814893,0.6481179226097522,50.10283199257948,-6573.160431941564
10.938300984817516,6.571104970326745,0.6840519769847592,49.53201077391226,-6572.840381296778
11.587878906306965,5.40172253373731,0.6936387343263979,50.5723423964322,-6572.455560485189
11.199956728211038,5.75701099052963,0.7667047849129807,50.34636850496564,-6571.443065954234
11.199956728211038,5.75701099052963,0.7667047849129807,50.34636850496564,-6571.443065954234
11.310749827695018,6.630070017998236,0.7259872379489799,51.3798881251482,-6572.268920019501
11.310749827695018,6.630070017998236,0.7259872379489799,51.3798881251482,-6572.268920019501
11.310749827695018,6.630070017998236,0.7259872379489799,51.3798881251482,-6572.268920019501
11.310749827695018,6.630070017998236,0.7259872379489799,51.3798881251482,-6572.268920019501
11.286441530583314,7.903578782815565,0.6856104287579712,51.27618230249637,-6572.2603222421985
11.286441530583314,7.903578782815565,0.6856104287579712,51.27618230249637,-6572.2603222421985
11.847719813747961,8.823780738999085,0.71115546125043,50.893052304237266,-6575.778500629556
11.011445224579505,6.308373300475232,0.7525117828520405,51.2005395411901,-6571.917820073831
11.011445224579505,6.308373300475232,0.7525117828520405,51.2005395411901,-6571.917820073831
11.011445224579505,6.308373300475232,0.7525117828520405,51.2005395411901,-6571.917820073831
11.011445224579505,6.308373300475232,0.7525117828520405,51.2005395411901,-6571.917820073831
11.011445224579505,6.308373300475232,0.7525117828520405,51.2005395411901,-6571.917820073831
11.011445224579505,6.308373300475232,0.7525117828520405,51.2005395411901,-6571.917820073831
10.183139138462113,7.403797690611541,0.6785639896115293,50.85121838654138,-6572.281374259832
10.724091986541062,8.81906541220308,0.6941774554477727,51.08044472689063,-6571.387121232445
10.724091986541062,8.81906541220308,0.6941774554477727,51.08044472689063,-6571.387121232445
10.724091986541062,8.81906541220308,0.6941774554477727,51.08044472689063,-6571.387121232445
11.1237491544172,6.181983851394655,0.8892558331929915,50.508687979494965,-6571.264296121817
11.1237491544172,6.181983851394655,0.8892558331929915,50.508687979494965,-6571.264296121817
11.751090933571776,5.96919858501874,0.7809340389595703,50.559088658975625,-6571.783724519922
11.751090933571776,5.96919858501874,0.7809340389595703,50.559088658975625,-6571.783724519922
11.751090933571776,5.96919858501874,0.7809340389595703,50.559088658975625,-6571.783724519922
11.751090933571776,5.96919858501874,0.7809340389595703,50.559088658975625,-6571.783724519922
11.751090933571776,5.96919858501874,0.7809340389595703,50.559088658975625,-6571.783724519922
12.010587759015113,5.877334082039966,0.9138127929765945,50.41655800772933,-6573.995827687397
10.65034560879363,7.828711245512795,1.0611925386170424,49.82747846913988,-6574.59142525612
10.294136136393782,6.360258839776282,0.9463119524096724,49.59839729944514,-6572.2779094874795
10.294136136393782,6.360258839776282,0.9463119524096724,49.59839729944514,-6572.2779094874795
10.294136136393782,6.360258839776282,0.9463119524096724,49.59839729944514,-6572.2779094874795
10.294136136393782,6.360258839776282,0.9463119524096724,49.59839729944514,-6572.2779094874795
10.294136136393782,6.360258839776282,0.9463119524096724,49.59839729944514,-6572.2779094874795
10.294136136393782,6.360258839776282,0.9463119524096724,49.59839729944514,-6572.2779094874795
10.294136136393782,6.360258839776282,0.9463119524096724,49.59839729944514,-6572.2779094874795
10.294136136393782,6.360258839776282,0.9463119524096724,49.59839729944514,-6572.2779094874795
10.408686034833647,5.733038032687642,0.9222728607993937,49.82097852467165,-6572.492980597648
10.408686034833647,5.733038032687642,0.9222728607993937,49.82097852467165,-6572.492980597648
10.87298543814161,7.269170013765834,0.9157631164027833,50.06556082446587,-6571.735855487494
10.87298543814161,7.269170013765834,0.9157631164027833,50.06556082446587,-6571.735855487494
10.87298543814161,7.269170013765834,0.9157631164027833,50.06556082446587,-6571.735855487494
10.87298543814161,7.269170013765834,0.9157631164027833,50.06556082446587,-6571.735855487494
10.87298543814161,7.269170013765834,0.9157631164027833,50.06556082446587,-6571.735855487494
10.87298543814161,7.269170013765834,0.9157631164027833,50.06556082446587,-6571.735855487494
10.87298543814161,7.269170013765834,0.9157631164027833,50.06556082446587,-6571.735855487494
10.682948422733062,6.389512308773856,1.0414877965740585,50.047066559522605,-6572.461026473452
10.682948422733062,6.389512308773856,1.0414877965740585,50.047066559522605,-6572.461026473452
10.682948422733062,6.389512308773856,1.0414877965740585,50.047066559522605,-6572.461026473452
10.682948422733062,6.389512308773856,1.0414877965740585,50.047066559522605,-6572.461026473452
10.682948422733062,6.389512308773856,1.0414877965740585,50.047066559522605,-6572.461026473452
10.682948422733062,6.389512308773856,1.0414877965740585,50.047066559522605,-6572.461026473452
10.682948422733062,6.389512308773856,1.0414877965740585,50.047066559522605,-6572.461026473452
10.338435490789564,5.712421441892549,1.150213508956338,50.55597245378928,-6573.70427113101
10.338435490789564,5.712421441892549,1.150213508956338,50.55597245378928,-6573.70427113101
10.338435490789564,5.712421441892549,1.150213508956338,50.55597245378928,-6573.70427113101
10.338435490789564,5.712421441892549,1.150213508956338,50.55597245378928,-6573.70427113101
10.338435490789564,5.712421441892549,1.150213508956338,50.55597245378928,-6573.70427113101
10.338435490789564,5.712421441892549,1.150213508956338,50.55597245378928,-6573.70427113101
10.338435490789564,5.712421441892549,1.150213508956338,50.55597245378928,-6573.70427113101
10.338435490789564,5.712421441892549,1.150213508956338,50.55597245378928,-6573.70427113101
10.338435490789564,5.712421441892549,1.150213508956338,50.55597245378928,-6573.70427113101
10.338435490789564,5.712421441892549,1.150213508956338,50.55597245378928,-6573.70427113101
10.338435490789564,5.712421441892549,1.150213508956338,50.55597245378928,-6573.70427113101
10.36419168433115,8.453557574440213,0.9300415317431069,51.052826002006285,-6572.545899942183
10.136264998639245,7.089522551672997,0.8890895600234687,51.01630487310535,-6571.503047630918
10.041434776373316,7.986907313560617,0.8202229923493087,50.442667200068456,-6570.298720076582
10.041434776373316,7.986907313560617,0.8202229923493087,50.442667200068456,-6570.298720076582
10.041434776373316,7.986907313560617,0.8202229923493087,50.442667200068456,-6570.298720076582
10.041434776373316,7.986907313560617,0.8202229923493087,50.442667200068456,-6570.298720076582
10.041434776373316,7.986907313560617,0.8202229923493087,50.442667200068456,-6570.298720076582
10.041434776373316,7.986907313560617,0.8202229923493087,50.442667200068456,-6570.298720076582
10.041434776373316,7.986907313560617,0.8202229923493087,50.442667200068456,-6570.298720076582
10.041434776373316,7.986907313560617,0.8202229923493087,50.442667200068456,-6570.298720076582
10.041434776373316,7.986907313560617,0.8202229923493087,50.442667200068456,-6570.298720076582
10.041434776373316,7.986907313560617,0.8202229923493087,50.442667200068456,-6570.298720076582
10.041434776373316,7.986907313560617,0.8202229923493087,50.442667200068456,-6570.298720076582
10.041434776373316,7.986907313560617,0.8202229923493087,50.442667200068456,-6570.298720076582
10.041434776373316,7.986907313560617,0.8202229923493087,50.442667200068456,-6570.298720076582
10.041434776373316,7.986907313560617,0.8202229923493087,50.442667200068456,-6570.298720076582
10.041434776373316,7.986907313560617,0.8202229923493087,50.442667200068456,-6570.298720076582
10.041434776373316,7.986907313560617,0.8202229923493087,50.442667200068456,-6570.298720076582
10.42620710801089,8.163729919186324,0.9051443180188291,50.54979509690213,-6571.3265024353095
10.42620710801089,8.163729919186324,0.9051443180188291,50.54979509690213,-6571.3265024353095
10.42620710801089,8.163729919186324,0.9051443180188291,50.54979509690213,-6571.3265024353095
10.42620710801089,8.163729919186324,0.9051443180188291,50.54979509690213,-6571.3265024353095
10.42620710801089,8.163729919186324,0.9051443180188291,50.54979509690213,-6571.3265024353095
11.11272490089834,8.642955167853872,0.566477950797657,50.46018542039229,-6571.841602456752
11.11272490089834,8.642955167853872,0.566477950797657,50.46018542039229,-6571.841602456752
10.979642713139354,8.820955697773229,0.7180669721884754,50.75903837528065,-6571.7393403726965
10.979642713139354,8.820955697773229,0.7180669721884754,50.75903837528065,-6571.7393403726965
10.979642713139354,8.820955697773229,0.7180669721884754,50.75903837528065,-6571.7393403726965
10.979642713139354,8.820955697773229,0.7180669721884754,50.75903837528065,-6571.7393403726965
10.530318816596102,7.522349833088101,0.6625560150695632,51.6305185291832,-6573.4388647378955
10.530318816596102,7.522349833088101,0.6625560150695632,51.6305185291832,-6573.4388647378955
10.530318816596102,7.522349833088101,0.6625560150695632,51.6305185291832,-6573.4388647378955
10.530318816596102,7.522349833088101,0.6625560150695632,51.6305185291832,-6573.4388647378955
10.530318816596102,7.522349833088101,0.6625560150695632,51.6305185291832,-6573.4388647378955
10.530318816596102,7.522349833088101,0.6625560150695632,51.6305185291832,-6573.4388647378955
10.530318816596102,7.522349833088101,0.6625560150695632,51.6305185291832,-6573.4388647378955
10.530318816596102,7.522349833088101,0.6625560150695632,51.6305185291832,-6573.4388647378955
10.530318816596102,7.522349833088101,0.6625560150695632,51.6305185291832,-6573.4388647378955
10.530318816596102,7.522349833088101,0.6625560150695632,51.6305185291832,-6573.4388647378955
10.530318816596102,7.522349833088101,0.6625560150695632,51.6305185291832,-6573.4388647378955
10.564375926086562,10.150326348572001,0.5524618939462667,51.545825181691455,-6573.523931783111
10.564375926086562,10.150326348572001,0.5524618939462667,51.545825181691455,-6573.523931783111
10.564375926086562,10.150326348572001,0.5524618939462667,51.545825181691455,-6573.523931783111
10.564375926086562,10.150326348572001,0.5524618939462667,51.545825181691455,-6573.523931783111
10.674389395651007,9.336307152996826,0.6171427398112408,51.38051177331921,-6572.35157542254
10.674389395651007,9.336307152996826,0.6171427398112408,51.38051177331921,-6572.35157542254
10.674389395651007,9.336307152996826,0.6171427398112408,51.38051177331921,-6572.35157542254
10.674389395651007,9.336307152996826,0.6171427398112408,51.38051177331921,-6572.35157542254
10.295054351616088,8.788933643610887,0.7748613481069624,51.12619814753919,-6571.1747191189115
10.295054351616088,8.788933643610887,0.7748613481069624,51.12619814753919,-6571.1747191189115
10.295054351616088,8.788933643610887,0.7748613481069624,51.12619814753919,-6571.1747191189115
10.912616548698033,7.579212992847224,0.7136941457789786,50.97740729463498,-6570.969311541945
10.912616548698033,7.579212992847224,0.7136941457789786,50.97740729463498,-6570.969311541945
10.912616548698033,7.579212992847224,0.7136941457789786,50.97740729463498,-6570.969311541945
10.912616548698033,7.579212992847224,0.7136941457789786,50.97740729463498,-6570.969311541945
10.912616548698033,7.579212992847224,0.7136941457789786,50.97740729463498,-6570.969311541945
10.912616548698033,7.579212992847224,0.7136941457789786,50.97740729463498,-6570.969311541945
10.912616548698033,7.579212992847224,0.7136941457789786,50.97740729463498,-6570.969311541945
10.961796224115403,6.407531103141337,0.7140541941970542,50.92206257620341,-6571.649089686725
12.177189149331411,5.524755399405566,0.6396433064743446,50.484413738334844,-6573.130597373012
12.177189149331411,5.524755399405566,0.6396433064743446,50.484413738334844,-6573.130597373012
12.177189149331411,5.524755399405566,0.6396433064743446,50.484413738334844,-6573.130597373012
12.177189149331411,5.524755399405566,0.6396433064743446,50.484413738334844,-6573.130597373012
12.177189149331411,5.524755399405566,0.6396433064743446,50.484413738334844,-6573.130597373012
12.177189149331411,5.524755399405566,0.6396433064743446,50.484413738334844,-6573.130597373012
12.177189149331411,5.524755399405566,0.6396433064743446,50.484413738334844,-6573.130597373012
12.177189149331411,5.524755399405566,0.6396433064743446,50.484413738334844,-6573.130597373012
12.177189149331411,5.524755399405566,0.6396433064743446,50.484413738334844,-6573.130597373012
12.177189149331411,5.524755399405566,0.6396433064743446,50.484413738334844,-6573.130597373012
11.664399708689286,4.132079492790192,0.7382367741608402,50.402418391550746,-6574.449874107231
11.664399708689286,4.132079492790192,0.7382367741608402,50.402418391550746,-6574.449874107231
11.760628866034192,5.585778665773047,0.7838045326997295,49.11103816618751,-6574.487979525677
11.760628866034192,5.585778665773047,0.7838045326997295,49.11103816618751,-6574.487979525677
11.58561044187542,7.0206145681404255,0.8863257913258127,48.31289461050546,-6579.394145007855
11.364547431924157,4.953867793667479,0.9910717539772818,48.36481429805137,-6578.577808147608
11.786484264785278,3.4841960343634737,1.1071616120147474,48.68400901234521,-6579.237841910744
11.786484264785278,3.4841960343634737,1.1071616120147474,48.68400901234521,-6579.237841910744
11.099181566645724,5.945162497022119,1.0533449840286675,49.42767721075046,-6574.3519855000395
12.306712285518381,5.619409314027706,0.894222697835616,49.78296647330233,-6575.287813189886
11.50620227461357,4.235909190394839,1.1441494387590854,51.26486837975437,-6575.97127054544
11.50620227461357,4.235909190394839,1.1441494387590854,51.26486837975437,-6575.97127054544
11.50620227461357,4.235909190394839,1.1441494387590854,51.26486837975437,-6575.97127054544
11.50620227461357,4.235909190394839,1.1441494387590854,51.26486837975437,-6575.97127054544
11.481240783356927,4.265893235076206,1.0830556017493356,50.187645231697395,-6574.006468126618
11.481240783356927,4.265893235076206,1.0830556017493356,50.187645231697395,-6574.006468126618
11.481240783356927,4.265893235076206,1.0830556017493356,50.187645231697395,-6574.006468126618
11.481240783356927,4.265893235076206,1.0830556017493356,50.187645231697395,-6574.006468126618
11.481240783356927,4.265893235076206,1.0830556017493356,50.187645231697395,-6574.006468126618
11.481240783356927,4.265893235076206,1.0830556017493356,50.187645231697395,-6574.006468126618
11.481240783356927,4.265893235076206,1.0830556017493356,50.187645231697395,-6574.006468126618
11.481240783356927,4.265893235076206,1.0830556017493356,50.187645231697395,-6574.006468126618
11.481240783356927,4.265893235076206,1.0830556017493356,50.187645231697395,-6574.006468126618
11.14044592669303,4.430923590512612,1.094951918671166,50.87150162620514,-6574.101352295935
11.14044592669303,4.430923590512612,1.094951918671166,50.87150162620514,-6574.101352295935
11.36535803910229,5.791958824638135,1.1107453824266014,50.761649126825155,-6575.113588484528
11.36535803910229,5.791958824638135,1.1107453824266014,50.761649126825155,-6575.113588484528
11.36535803910229,5.791958824638135,1.1107453824266014,50.761649126825155,-6575.113588484528
11.36535803910229,5.791958824638135,1.1107453824266014,50.761649126825155,-6575.113588484528
11.36535803910229,5.791958824638135,1.1107453824266014,50.761649126825155,-6575.113588484528
11.36535803910229,5.791958824638135,1.1107453824266014,50.761649126825155,-6575.113588484528
11.36535803910229,5.791958824638135,1.1107453824266014,50.761649126825155,-6575.113588484528
11.36535803910229,5.791958824638135,1.1107453824266014,50.761649126825155,-6575.113588484528
10.339716403813288,5.9342663944045935,1.1606773228927045,50.49683969911685,-6573.747925918344
10.339716403813288,5.9342663944045935,1.1606773228927045,50.49683969911685,-6573.747925918344
10.339716403813288,5.9342663944045935,1.1606773228927045,50.49683969911685,-6573.747925918344
11.107025844804914,5.319190941801994,0.9612663094625318,50.14143542061681,-6572.034699764616
9.111978679914339,8.880617683341582,0.8456039168973517,49.87944125820684,-6571.839005477652
9.111978679914339,8.880617683341582,0.8456039168973517,49.87944125820684,-6571.839005477652
9.111978679914339,8.880617683341582,0.8456039168973517,49.87944125820684,-6571.839005477652
9.111978679914339,8.880617683341582,0.8456039168973517,49.87944125820684,-6571.839005477652
9.111978679914339,8.880617683341582,0.8456039168973517,49.87944125820684,-6571.839005477652
9.111978679914339,8.880617683341582,0.8456039168973517,49.87944125820684,-6571.839005477652
9.111978679914339,8.880617683341582,0.8456039168973517,49.87944125820684,-6571.839005477652
9.111978679914339,8.880617683341582,0.8456039168973517,49.87944125820684,-6571.839005477652
9.111978679914339,8.880617683341582,0.8456039168973517,49.87944125820684,-6571.839005477652
9.111978679914339,8.880617683341582,0.8456039168973517,49.87944125820684,-6571.839005477652
9.111978679914339,8.880617683341582,0.8456039168973517,49.87944125820684,-6571.839005477652
9.111978679914339,8.880617683341582,0.8456039168973517,49.87944125820684,-6571.839005477652
9.111978679914339,8.880617683341582,0.8456039168973517,49.87944125820684,-6571.839005477652
9.111978679914339,8.880617683341582,0.8456039168973517,49.87944125820684,-6571.839005477652
9.111978679914339,8.880617683341582,0.8456039168973517,49.87944125820684,-6571.839005477652
9.04059630066136,8.758597364887079,0.8949334561272296,49.26410289658128,-6573.584484240842
9.04059630066136,8.758597364887079,0.8949334561272296,49.26410289658128,-6573.584484240842
9.04059630066136,8.758597364887079,0.8949334561272296,49.26410289658128,-6573.584484240842
9.04059630066136,8.758597364887079,0.8949334561272296,49.26410289658128,-6573.584484240842
10.53207631303247,6.365083580263283,1.0398287737603968,49.81982785182328,-6572.519878458851
10.459627267155787,7.157180183359129,1.0323021948712825,50.28993514710618,-6572.270329080886
10.459627267155787,7.157180183359129,1.0323021948712825,50.28993514710618,-6572.270329080886
9.766112621535868,7.33387951532871,1.0158223152465382,50.81187321665843,-6572.201559273859
10.884772662347707,7.756559965745506,0.870229794681051,50.94142771602549,-6571.995930634008
10.884772662347707,7.756559965745506,0.870229794681051,50.94142771602549,-6571.995930634008
10.884772662347707,7.756559965745506,0.870229794681051,50.94142771602549,-6571.995930634008
10.884772662347707,7.756559965745506,0.870229794681051,50.94142771602549,-6571.995930634008
10.884772662347707,7.756559965745506,0.870229794681051,50.94142771602549,-6571.995930634008
10.884772662347707,7.756559965745506,0.870229794681051,50.94142771602549,-6571.995930634008
10.884772662347707,7.756559965745506,0.870229794681051,50.94142771602549,-6571.995930634008
10.884772662347707,7.756559965745506,0.870229794681051,50.94142771602549,-6571.995930634008
10.884772662347707,7.756559965745506,0.870229794681051,50.94142771602549,-6571.995930634008
11.058332791131253,6.9787660878793085,0.7665730340508894,51.04989535646657,-6571.225492313329
11.058332791131253,6.9787660878793085,0.7665730340508894,51.04989535646657,-6571.225492313329
11.058332791131253,6.9787660878793085,0.7665730340508894,51.04989535646657,-6571.225492313329
9.889979283858894,6.720751379054328,0.7809974913005091,50.431186025715235,-6572.964865626875
10.360789521862811,7.749646543993456,0.7073633899517351,50.91761151327019,-6570.997030963674
10.360789521862811,7.749646543993456,0.7073633899517351,50.91761151327019,-6570.997030963674
9.95071799785014,9.093316936412748,0.6653826935110901,50.272742490523,-6570.594764765687
9.95071799785014,9.093316936412748,0.6653826935110901,50.272742490523,-6570.594764765687
9.95071799785014,9.093316936412748,0.6653826935110901,50.272742490523,-6570.594764765687
9.95071799785014,9.093316936412748,0.6653826935110901,50.272742490523,-6570.594764765687
9.95071799785014,9.093316936412748,0.6653826935110901,50.272742490523,-6570.594764765687
9.95071799785014,9.093316936412748,0.6653826935110901,50.272742490523,-6570.594764765687
9.95071799785014,9.093316936412748,0.6653826935110901,50.272742490523,-6570.594764765687
9.95071799785014,9.093316936412748,0.6653826935110901,50.272742490523,-6570.594764765687
9.95071799785014,9.093316936412748,0.6653826935110901,50.272742490523,-6570.594764765687
9.95071799785014,9.093316936412748,0.6653826935110901,50.272742490523,-6570.594764765687
9.95071799785014,9.093316936412748,0.6653826935110901,50.272742490523,-6570.594764765687
9.95071799785014,9.093316936412748,0.6653826935110901,50.272742490523,-6570.594764765687
9.879759519020027,11.113975948286544,0.6012642096115475,50.48171480626878,-6571.488076902246
9.879759519020027,11.113975948286544,0.6012642096115475,50.48171480626878,-6571.488076902246
9.623200526086572,11.222787324140555,0.7637402200323705,49.96823133152964,-6572.088076864375
10.296330763498325,10.741273143583761,0.7243505788672117,49.92189175411482,-6572.874164929093
9.209767598229474,11.625107182525682,0.6674065367952524,50.092347543008515,-6571.526601246124
9.209767598229474,11.625107182525682,0.6674065367952524,50.092347543008515,-6571.526601246124
9.209767598229474,11.625107182525682,0.6674065367952524,50.092347543008515,-6571.526601246124
9.209767598229474,11.625107182525682,0.6674065367952524,50.092347543008515,-6571.526601246124
9.209767598229474,11.625107182525682,0.6674065367952524,50.092347543008515,-6571.526601246124
9.209767598229474,11.625107182525682,0.6674065367952524,50.092347543008515,-6571.526601246124
9.209767598229474,11.625107182525682,0.6674065367952524,50.092347543008515,-6571.526601246124
9.209767598229474,11.625107182525682,0.6674065367952524,50.092347543008515,-6571.526601246124
9.209767598229474,11.625107182525682,0.6674065367952524,50.092347543008515,-6571.526601246124
9.209767598229474,11.625107182525682,0.6674065367952524,50.092347543008515,-6571.526601246124
8.804918558593887,10.860444390753493,0.7362965746542172,50.052208116185845,-6571.67088289214
8.804918558593887,10.860444390753493,0.7362965746542172,50.052208116185845,-6571.67088289214
8.804918558593887,10.860444390753493,0.7362965746542172,50.052208116185845,-6571.67088289214
9.43969142101233,11.76931784928654,0.6596475666022354,50.70627546379572,-6571.816728324098
9.43969142101233,11.76931784928654,0.6596475666022354,50.70627546379572,-6571.816728324098
9.43969142101233,11.76931784928654,0.6596475666022354,50.70627546379572,-6571.816728324098
9.43969142101233,11.76931784928654,0.6596475666022354,50.70627546379572,-6571.816728324098
9.43969142101233,11.76931784928654,0.6596475666022354,50.70627546379572,-6571.816728324098
9.43969142101233,11.76931784928654,0.6596475666022354,50.70627546379572,-6571.816728324098
9.43969142101233,11.76931784928654,0.6596475666022354,50.70627546379572,-6571.816728324098
9.43969142101233,11.76931784928654,0.6596475666022354,50.70627546379572,-6571.816728324098
9.43969142101233,11.76931784928654,0.6596475666022354,50.70627546379572,-6571.816728324098
9.43969142101233,11.76931784928654,0.6596475666022354,50.70627546379572,-6571.816728324098
9.43969142101233,11.76931784928654,0.6596475666022354,50.70627546379572,-6571.816728324098
9.43969142101233,11.76931784928654,0.6596475666022354,50.70627546379572,-6571.816728324098
9.43969142101233,11.76931784928654,0.6596475666022354,50.70627546379572,-6571.816728324098
9.43969142101233,11.76931784928654,0.6596475666022354,50.70627546379572,-6571.816728324098
9.43969142101233,11.76931784928654,0.6596475666022354,50.70627546379572,-6571.816728324098
9.43969142101233,11.76931784928654,0.6596475666022354,50.70627546379572,-6571.816728324098
9.43969142101233,11.76931784928654,0.6596475666022354,50.70627546379572,-6571.816728324098
9.43969142101233,11.76931784928654,0.6596475666022354,50.70627546379572,-6571.816728324098
9.286455049292439,11.881392119801184,0.623333038882019,50.57126353626195,-6571.77165065456
9.286455049292439,11.881392119801184,0.623333038882019,50.57126353626195,-6571.77165065456
9.286455049292439,11.881392119801184,0.623333038882019,50.57126353626195,-6571.77165065456
9.286455049292439,11.881392119801184,0.623333038882019,50.57126353626195,-6571.77165065456
9.286455049292439,11.881392119801184,0.623333038882019,50.57126353626195,-6571.77165065456
9.286455049292439,11.881392119801184,0.623333038882019,50.57126353626195,-6571.77165065456
9.286455049292439,11.881392119801184,0.623333038882019,50.57126353626195,-6571.77165065456
9.286455049292439,11.881392119801184,0.623333038882019,50.57126353626195,-6571.77165065456
9.286455049292439,11.881392119801184,0.623333038882019,50.57126353626195,-6571.77165065456
9.286455049292439,11.881392119801184,0.623333038882019,50.57126353626195,-6571.77165065456
9.286455049292439,11.881392119801184,0.623333038882019,50.57126353626195,-6571.77165065456
9.286455049292439,11.881392119801184,0.623333038882019,50.57126353626195,-6571.77165065456
9.286455049292439,11.881392119801184,0.623333038882019,50.57126353626195,-6571.77165065456
9.286455049292439,11.881392119801184,0.623333038882019,50.57126353626195,-6571.77165065456
9.286455049292439,11.881392119801184,0.623333038882019,50.57126353626195,-6571.77165065456
9.179521197988183,11.160135646997974,0.7573321168640922,50.10357322485026,-6571.288541821488
9.179521197988183,11.160135646997974,0.7573321168640922,50.10357322485026,-6571.288541821488
9.179521197988183,11.160135646997974,0.7573321168640922,50.10357322485026,-6571.288541821488
9.179521197988183,11.160135646997974,0.7573321168640922,50.10357322485026,-6571.288541821488
9.725931809782908,8.525013879340868,0.7348599466221789,50.428134942648946,-6570.763807841473
9.725931809782908,8.525013879340868,0.7348599466221789,50.428134942648946,-6570.763807841473
9.725931809782908,8.525013879340868,0.7348599466221789,50.428134942648946,-6570.763807841473
10.750504798741167,7.493108584419291,0.8617862754794676,50.45908789019835,-6570.887408203459
10.792580045393164,6.299422308556425,0.8364416688607643,50.09007252436314,-6570.9821920996055
10.792580045393164,6.299422308556425,0.8364416688607643,50.09007252436314,-6570.9821920996055
10.525493562079687,7.500375968657433,0.8682442440972519,50.3923695695164,-6570.592617901726
10.525493562079687,7.500375968657433,0.8682442440972519,50.3923695695164,-6570.592617901726
10.166778213005925,7.884750142115267,0.838871564279117,50.163077597519745,-6570.350151009838
10.166778213005925,7.884750142115267,0.838871564279117,50.163077597519745,-6570.350151009838
10.166778213005925,7.884750142115267,0.838871564279117,50.163077597519745,-6570.350151009838
10.166778213005925,7.884750142115267,0.838871564279117,50.163077597519745,-6570.350151009838
10.166778213005925,7.884750142115267,0.838871564279117,50.163077597519745,-6570.350151009838
10.166778213005925,7.884750142115267,0.838871564279117,50.163077597519745,-6570.350151009838
10.166778213005925,7.884750142115267,0.838871564279117,50.163077597519745,-6570.350151009838
10.166778213005925,7.884750142115267,0.838871564279117,50.163077597519745,-6570.350151009838
10.166778213005925,7.884750142115267,0.838871564279117,50.163077597519745,-6570.350151009838
10.166778213005925,7.884750142115267,0.838871564279117,50.163077597519745,-6570.350151009838
9.955591237382544,9.856215043278764,0.6598397454475083,50.46568380044984,-6570.53826081209
10.399946578060264,8.975731696927658,0.776241758554422,50.565782187319805,-6570.726933239367
10.399946578060264,8.975731696927658,0.776241758554422,50.565782187319805,-6570.726933239367
11.267934861707381,9.36115082760322,0.47480741009680594,50.77342324559609,-6573.640497394556
11.267934861707381,9.36115082760322,0.47480741009680594,50.77342324559609,-6573.640497394556
10.087119209809506,8.708194782846949,0.5719139332215432,50.902054729640874,-6572.762983325985
11.43016835560691,6.091021812964922,0.773213345128256,50.76219129500971,-6571.347726718543
11.43016835560691,6.091021812964922,0.773213345128256,50.76219129500971,-6571.347726718543
11.43016835560691,6.091021812964922,0.773213345128256,50.76219129500971,-6571.347726718543
12.507438303271016,4.166628632709834,0.7477940824189288,50.776348431693336,-6573.83742921629
12.507438303271016,4.166628632709834,0.7477940824189288,50.776348431693336,-6573.83742921629
12.507438303271016,4.166628632709834,0.7477940824189288,50.776348431693336,-6573.83742921629
12.55712921404293,5.890510969477311,0.5385877474064296,49.97777132201273,-6575.570944134593
12.55712921404293,5.890510969477311,0.5385877474064296,49.97777132201273,-6575.570944134593
12.55712921404293,5.890510969477311,0.5385877474064296,49.97777132201273,-6575.570944134593
12.55712921404293,5.890510969477311,0.5385877474064296,49.97777132201273,-6575.570944134593
12.55712921404293,5.890510969477311,0.5385877474064296,49.97777132201273,-6575.570944134593
12.55712921404293,5.890510969477311,0.5385877474064296,49.97777132201273,-6575.570944134593
11.762008169029574,6.3328371108391694,0.5510989140279609,51.291800677024284,-6574.616081307076
12.162129462299687,7.246299626622025,0.5464192824115683,51.6618122614428,-6575.385221546914
12.162129462299687,7.246299626622025,0.5464192824115683,51.6618122614428,-6575.385221546914
12.162129462299687,7.246299626622025,0.5464192824115683,51.6618122614428,-6575.385221546914
12.162129462299687,7.246299626622025,0.5464192824115683,51.6618122614428,-6575.385221546914
12.162129462299687,7.246299626622025,0.5464192824115683,51.6618122614428,-6575.385221546914
12.162129462299687,7.246299626622025,0.5464192824115683,51.6618122614428,-6575.385221546914
12.162129462299687,7.246299626622025,0.5464192824115683,51.6618122614428,-6575.385221546914
11.897857193163855,8.103489472165045,0.48444482218711205,51.643769662031694,-6575.754090904156
11.897857193163855,8.103489472165045,0.48444482218711205,51.643769662031694,-6575.754090904156
11.897857193163855,8.103489472165045,0.48444482218711205,51.643769662031694,-6575.754090904156
11.871506674414821,7.015320599640949,0.6818033584581771,51.60146322851258,-6573.994396773773
12.501585024126603,5.8307555847708645,0.6532021756980727,51.14312297379832,-6574.099036430324
12.501585024126603,5.8307555847708645,0.6532021756980727,51.14312297379832,-6574.099036430324
12.501585024126603,5.8307555847708645,0.6532021756980727,51.14312297379832,-6574.099036430324
12.501585024126603,5.8307555847708645,0.6532021756980727,51.14312297379832,-6574.099036430324
12.501585024126603,5.8307555847708645,0.6532021756980727,51.14312297379832,-6574.099036430324
13.248040305457858,6.13114834906851,0.6489273530690913,51.526529239275156,-6578.273871404369
13.248040305457858,6.13114834906851,0.6489273530690913,51.526529239275156,-6578.273871404369
12.52288399786885,7.332354823453897,0.6326906762936614,50.44451834290731,-6575.235999528722
10.768252322342475,8.372471112992846,0.5626766620513866,50.27055653962776,-6571.887598674661
10.768252322342475,8.372471112992846,0.5626766620513866,50.27055653962776,-6571.887598674661
10.768252322342475,8.372471112992846,0.5626766620513866,50.27055653962776,-6571.887598674661
10.768252322342475,8.372471112992846,0.5626766620513866,50.27055653962776,-6571.887598674661
10.768252322342475,8.372471112992846,0.5626766620513866,50.27055653962776,-6571.887598674661
10.768252322342475,8.372471112992846,0.5626766620513866,50.27055653962776,-6571.887598674661
10.768252322342475,8.372471112992846,0.5626766620513866,50.27055653962776,-6571.887598674661
10.768252322342475,8.372471112992846,0.5626766620513866,50.27055653962776,-6571.887598674661
10.768252322342475,8.372471112992846,0.5626766620513866,50.27055653962776,-6571.887598674661
11.568782069190213,6.499339252412844,0.6877371870926325,50.09526221118293,-6571.7224338066035
11.568782069190213,6.499339252412844,0.6877371870926325,50.09526221118293,-6571.7224338066035
11.568782069190213,6.499339252412844,0.6877371870926325,50.09526221118293,-6571.7224338066035
11.568068088738784,6.309732239082299,0.7673685669177,49.79225178239189,-6572.055623516497
11.568068088738784,6.309732239082299,0.7673685669177,49.79225178239189,-6572.055623516497
11.568068088738784,6.309732239082299,0.7673685669177,49.79225178239189,-6572.055623516497
11.568068088738784,6.309732239082299,0.7673685669177,49.79225178239189,-6572.055623516497
11.285288036174776,4.855286603692383,0.9315125166001972,49.72137717031332,-6572.886213985742
11.285288036174776,4.855286603692383,0.9315125166001972,49.72137717031332,-6572.886213985742
11.285288036174776,4.855286603692383,0.9315125166001972,49.72137717031332,-6572.886213985742
11.285288036174776,4.855286603692383,0.9315125166001972,49.72137717031332,-6572.886213985742
11.285288036174776,4.855286603692383,0.9315125166001972,49.72137717031332,-6572.886213985742
11.285288036174776,4.855286603692383,0.9315125166001972,49.72137717031332,-6572.886213985742
11.285288036174776,4.855286603692383,0.9315125166001972,49.72137717031332,-6572.886213985742
11.285288036174776,4.855286603692383,0.9315125166001972,49.72137717031332,-6572.886213985742
11.285288036174776,4.855286603692383,0.9315125166001972,49.72137717031332,-6572.886213985742
11.285288036174776,4.855286603692383,0.9315125166001972,49.72137717031332,-6572.886213985742
11.981546186572434,3.689626089612693,0.9868869017535735,50.224159348171966,-6573.974225164749
10.29816234861662,5.787589116385975,1.0191112732581409,49.77146311259121,-6572.862504205743
10.83930647486227,6.107676228309918,0.8440581309518522,50.36042705630711,-6570.975676721566
10.83930647486227,6.107676228309918,0.8440581309518522,50.36042705630711,-6570.975676721566
10.83930647486227,6.107676228309918,0.8440581309518522,50.36042705630711,-6570.975676721566
10.83930647486227,6.107676228309918,0.8440581309518522,50.36042705630711,-6570.975676721566
10.83930647486227,6.107676228309918,0.8440581309518522,50.36042705630711,-6570.975676721566
11.078699747361991,6.933507914392141,0.8811925394209525,50.76531829218026,-6571.6072500308
9.953946555931925,10.0763055560229,0.7949081793749065,51.0759187831821,-6571.97662063502
9.953946555931925,10.0763055560229,0.7949081793749065,51.0759187831821,-6571.97662063502
9.953946555931925,10.0763055560229,0.7949081793749065,51.0759187831821,-6571.97662063502
9.394900715151397,9.146683044752146,0.8514270050839817,51.00001640752622,-6571.470805250339
9.394900715151397,9.146683044752146,0.8514270050839817,51.00001640752622,-6571.470805250339
9.767729107208503,9.642148261625884,0.7419347019858725,50.41223463126777,-6570.311600623623
12.089049823328594,6.8591944734897785,0.6764092768816005,50.631146039836324,-6572.938754300305
12.089049823328594,6.8591944734897785,0.6764092768816005,50.631146039836324,-6572.938754300305
11.814696557391752,6.319665153974757,0.8200615229420406,50.83288137221901,-6572.649865657071
11.814696557391752,6.319665153974757,0.8200615229420406,50.83288137221901,-6572.649865657071
11.814696557391752,6.319665153974757,0.8200615229420406,50.83288137221901,-6572.649865657071
9.416579096054871,8.627212744578753,0.845331447243702,49.888550743891216,-6571.188354183316
9.416579096054871,8.627212744578753,0.845331447243702,49.888550743891216,-6571.188354183316
9.416579096054871,8.627212744578753,0.845331447243702,49.888550743891216,-6571.188354183316
9.416579096054871,8.627212744578753,0.845331447243702,49.888550743891216,-6571.188354183316
9.416579096054871,8.627212744578753,0.845331447243702,49.888550743891216,-6571.188354183316
9.416579096054871,8.627212744578753,0.845331447243702,49.888550743891216,-6571.188354183316
9.416579096054871,8.627212744578753,0.845331447243702,49.888550743891216,-6571.188354183316
9.416579096054871,8.627212744578753,0.845331447243702,49.888550743891216,-6571.188354183316
9.416579096054871,8.627212744578753,0.845331447243702,49.888550743891216,-6571.188354183316
9.522029850050398,9.077497743719617,0.8666884247405504,49.32763054124661,-6572.1768185579585
9.522029850050398,9.077497743719617,0.8666884247405504,49.32763054124661,-6572.1768185579585
9.522029850050398,9.077497743719617,0.8666884247405504,49.32763054124661,-6572.1768185579585
9.522029850050398,9.077497743719617,0.8666884247405504,49.32763054124661,-6572.1768185579585
9.522029850050398,9.077497743719617,0.8666884247405504,49.32763054124661,-6572.1768185579585
9.097923549946778,8.571007231899689,0.9126855647443203,49.485371502175,-6572.918379084487
9.097923549946778,8.571007231899689,0.9126855647443203,49.485371502175,-6572.918379084487
9.097923549946778,8.571007231899689,0.9126855647443203,49.485371502175,-6572.918379084487
9.097923549946778,8.571007231899689,0.9126855647443203,49.485371502175,-6572.918379084487
9.097923549946778,8.571007231899689,0.9126855647443203,49.485371502175,-6572.918379084487
8.820314654796881,7.814051147424274,0.9225250732679128,50.61346854939653,-6574.760887836132
9.821186555447419,9.882149168845686,0.8364604280806891,50.10046349877844,-6571.238636526383
9.821186555447419,9.882149168845686,0.8364604280806891,50.10046349877844,-6571.238636526383
9.821186555447419,9.882149168845686,0.8364604280806891,50.10046349877844,-6571.238636526383
9.821186555447419,9.882149168845686,0.8364604280806891,50.10046349877844,-6571.238636526383
9.821186555447419,9.882149168845686,0.8364604280806891,50.10046349877844,-6571.238636526383
10.041214239998617,9.916494051650638,0.5381025104217461,49.80962654527589,-6572.709579976902
10.41441866756188,8.958374984378022,0.6540940205307164,49.47907961753263,-6571.904678824025
10.41441866756188,8.958374984378022,0.6540940205307164,49.47907961753263,-6571.904678824025
11.000321488292894,6.843137388894395,0.7172525577136933,50.310056031845725,-6570.8251331741
10.592641845588703,9.065120941898588,0.8034953681134971,49.60227982214612,-6572.462326826827
10.592641845588703,9.065120941898588,0.8034953681134971,49.60227982214612,-6572.462326826827
9.409303944553422,8.784253886755737,0.8662758519063917,49.86009301537161,-6571.15985390452
9.851995863085227,7.704682080075655,0.9137075449928752,50.433324624527415,-6570.860694949388
9.851995863085227,7.704682080075655,0.9137075449928752,50.433324624527415,-6570.860694949388
9.851995863085227,7.704682080075655,0.9137075449928752,50.433324624527415,-6570.860694949388
9.898657746420636,8.126497142657767,0.9100160003905683,50.800957073653095,-6571.066509801669
9.898657746420636,8.126497142657767,0.9100160003905683,50.800957073653095,-6571.066509801669
9.898657746420636,8.126497142657767,0.9100160003905683,50.800957073653095,-6571.066509801669
9.898657746420636,8.126497142657767,0.9100160003905683,50.800957073653095,-6571.066509801669
9.898657746420636,8.126497142657767,0.9100160003905683,50.800957073653095,-6571.066509801669
9.898657746420636,8.126497142657767,0.9100160003905683,50.800957073653095,-6571.066509801669
9.898657746420636,8.126497142657767,0.9100160003905683,50.800957073653095,-6571.066509801669
9.898657746420636,8.126497142657767,0.9100160003905683,50.800957073653095,-6571.066509801669
10.485268515800575,6.919371405779755,0.8916992155799679,50.75104645602955,-6570.925702748909
10.465885231101218,10.080641048656231,0.6889243663204113,51.111846688671214,-6572.264234859051
10.465885231101218,10.080641048656231,0.6889243663204113,51.111846688671214,-6572.264234859051
10.465885231101218,10.080641048656231,0.6889243663204113,51.111846688671214,-6572.264234859051
10.368328706047999,10.473052334934504,0.6081400585836125,52.03293342010769,-6575.231427729608
10.368328706047999,10.473052334934504,0.6081400585836125,52.03293342010769,-6575.231427729608
10.027664369370983,9.328803779681117,0.6921591306323218,52.187034110733336,-6575.288318142355
10.576738379497908,8.383674172407138,0.7371841277315174,51.51902593506176,-6572.186409277816
10.576738379497908,8.383674172407138,0.7371841277315174,51.51902593506176,-6572.186409277816
9.768052998296662,9.267519279700052,0.7322586389872078,51.006526858637855,-6570.929016845122
9.768052998296662,9.267519279700052,0.7322586389872078,51.006526858637855,-6570.929016845122
9.768052998296662,9.267519279700052,0.7322586389872078,51.006526858637855,-6570.929016845122
10.098843669842934,8.83975512381225,0.6992009264340204,50.6308019384918,-6570.356522413533
10.098843669842934,8.83975512381225,0.6992009264340204,50.6308019384918,-6570.356522413533
10.098843669842934,8.83975512381225,0.6992009264340204,50.6308019384918,-6570.356522413533
10.098843669842934,8.83975512381225,0.6992009264340204,50.6308019384918,-6570.356522413533
10.098843669842934,8.83975512381225,0.6992009264340204,50.6308019384918,-6570.356522413533
11.244855092392202,5.658193208237334,0.8356654368250915,51.071575710537516,-6571.9209329722
11.244855092392202,5.658193208237334,0.8356654368250915,51.071575710537516,-6571.9209329722
11.244855092392202,5.658193208237334,0.8356654368250915,51.071575710537516,-6571.9209329722
11.338149191657363,7.523018088318015,0.7215149213940983,50.766363312818775,-6571.42148873784
11.338149191657363,7.523018088318015,0.7215149213940983,50.766363312818775,-6571.42148873784
11.338149191657363,7.523018088318015,0.7215149213940983,50.766363312818775,-6571.42148873784
11.338149191657363,7.523018088318015,0.7215149213940983,50.766363312818775,-6571.42148873784
11.338149191657363,7.523018088318015,0.7215149213940983,50.766363312818775,-6571.42148873784
11.338149191657363,7.523018088318015,0.7215149213940983,50.766363312818775,-6571.42148873784
11.338149191657363,7.523018088318015,0.7215149213940983,50.766363312818775,-6571.42148873784
11.338149191657363,7.523018088318015,0.7215149213940983,50.766363312818775,-6571.42148873784
11.338149191657363,7.523018088318015,0.7215149213940983,50.766363312818775,-6571.42148873784
11.338149191657363,7.523018088318015,0.7215149213940983,50.766363312818775,-6571.42148873784
11.338149191657363,7.523018088318015,0.7215149213940983,50.766363312818775,-6571.42148873784
11.338149191657363,7.523018088318015,0.7215149213940983,50.766363312818775,-6571.42148873784
11.338149191657363,7.523018088318015,0.7215149213940983,50.766363312818775,-6571.42148873784
9.875928344233037,8.588188450240306,0.8727580574932305,50.64310753060409,-6570.682524528709
9.875928344233037,8.588188450240306,0.8727580574932305,50.64310753060409,-6570.682524528709
9.875928344233037,8.588188450240306,0.8727580574932305,50.64310753060409,-6570.682524528709
9.875928344233037,8.588188450240306,0.8727580574932305,50.64310753060409,-6570.682524528709
9.875928344233037,8.588188450240306,0.8727580574932305,50.64310753060409,-6570.682524528709
9.778664875602203,10.063197423618979,0.761396824608384,50.23484017272334,-6570.662086765558
9.778664875602203,10.063197423618979,0.761396824608384,50.23484017272334,-6570.662086765558
9.778664875602203,10.063197423618979,0.761396824608384,50.23484017272334,-6570.662086765558
9.778664875602203,10.063197423618979,0.761396824608384,50.23484017272334,-6570.662086765558
9.778664875602203,10.063197423618979,0.761396824608384,50.23484017272334,-6570.662086765558
9.778664875602203,10.063197423618979,0.761396824608384,50.23484017272334,-6570.662086765558
9.778664875602203,10.063197423618979,0.761396824608384,50.23484017272334,-6570.662086765558
9.778664875602203,10.063197423618979,0.761396824608384,50.23484017272334,-6570.662086765558
9.778664875602203,10.063197423618979,0.761396824608384,50.23484017272334,-6570.662086765558
9.778664875602203,10.063197423618979,0.761396824608384,50.23484017272334,-6570.662086765558
9.778664875602203,10.063197423618979,0.761396824608384,50.23484017272334,-6570.662086765558
9.778664875602203,10.063197423618979,0.761396824608384,50.23484017272334,-6570.662086765558
9.778664875602203,10.063197423618979,0.761396824608384,50.23484017272334,-6570.662086765558
9.778664875602203,10.063197423618979,0.761396824608384,50.23484017272334,-6570.662086765558
9.778664875602203,10.063197423618979,0.761396824608384,50.23484017272334,-6570.662086765558
9.778664875602203,10.063197423618979,0.761396824608384,50.23484017272334,-6570.662086765558
9.778664875602203,10.063197423618979,0.761396824608384,50.23484017272334,-6570.662086765558
9.778664875602203,10.063197423618979,0.761396824608384,50.23484017272334,-6570.662086765558
9.778664875602203,10.063197423618979,0.761396824608384,50.23484017272334,-6570.662086765558
9.778664875602203,10.063197423618979,0.761396824608384,50.23484017272334,-6570.662086765558
9.778664875602203,10.063197423618979,0.761396824608384,50.23484017272334,-6570.662086765558
9.778664875602203,10.063197423618979,0.761396824608384,50.23484017272334,-6570.662086765558
9.778664875602203,10.063197423618979,0.761396824608384,50.23484017272334,-6570.662086765558
9.778664875602203,10.063197423618979,0.761396824608384,50.23484017272334,-6570.662086765558
9.332432462481977,11.309246052346138,0.8251189807982535,50.19861318132793,-6572.169767201596
9.332432462481977,11.309246052346138,0.8251189807982535,50.19861318132793,-6572.169767201596
9.332432462481977,11.309246052346138,0.8251189807982535,50.19861318132793,-6572.169767201596
9.332432462481977,11.309246052346138,0.8251189807982535,50.19861318132793,-6572.169767201596
9.332432462481977,11.309246052346138,0.8251189807982535,50.19861318132793,-6572.169767201596
9.332432462481977,11.309246052346138,0.8251189807982535,50.19861318132793,-6572.169767201596
9.332432462481977,11.309246052346138,0.8251189807982535,50.19861318132793,-6572.169767201596
9.332432462481977,11.309246052346138,0.8251189807982535,50.19861318132793,-6572.169767201596
9.332432462481977,11.309246052346138,0.8251189807982535,50.19861318132793,-6572.169767201596
9.840697326535158,10.652039115873619,0.8958563798387286,50.84244228522245,-6573.808877428026
9.840697326535158,10.652039115873619,0.8958563798387286,50.84244228522245,-6573.808877428026
9.290184751011887,8.748105643020416,0.9799955268523217,50.10705804631033,-6571.751874034646
9.290184751011887,8.748105643020416,0.9799955268523217,50.10705804631033,-6571.751874034646
9.290184751011887,8.748105643020416,0.9799955268523217,50.10705804631033,-6571.751874034646
9.290184751011887,8.748105643020416,0.9799955268523217,50.10705804631033,-6571.751874034646
9.290184751011887,8.748105643020416,0.9799955268523217,50.10705804631033,-6571.751874034646
9.547711877638635,9.001553398134531,0.9374462534621513,50.41469870272055,-6571.244669682252
9.547711877638635,9.001553398134531,0.9374462534621513,50.41469870272055,-6571.244669682252
9.547711877638635,9.001553398134531,0.9374462534621513,50.41469870272055,-6571.244669682252
9.547711877638635,9.001553398134531,0.9374462534621513,50.41469870272055,-6571.244669682252
9.547711877638635,9.001553398134531,0.9374462534621513,50.41469870272055,-6571.244669682252
9.547711877638635,9.001553398134531,0.9374462534621513,50.41469870272055,-6571.244669682252
10.29258293250019,9.309063508894043,0.7339550537113064,49.591854941457306,-6571.492207268884
10.29258293250019,9.309063508894043,0.7339550537113064,49.591854941457306,-6571.492207268884
10.29258293250019,9.309063508894043,0.7339550537113064,49.591854941457306,-6571.492207268884
9.482309997380453,9.14213122639198,0.7303349736597052,49.84566292425179,-6571.228989779413
10.711872021547265,8.361407828703713,0.5532379888969889,50.3074848210523,-6572.125897464019
10.711872021547265,8.361407828703713,0.5532379888969889,50.3074848210523,-6572.125897464019
10.499041598945803,8.214707220499937,0.6028866068546914,50.678267996858054,-6571.5069763198335
10.499041598945803,8.214707220499937,0.6028866068546914,50.678267996858054,-6571.5069763198335
10.499041598945803,8.214707220499937,0.6028866068546914,50.678267996858054,-6571.5069763198335
10.499041598945803,8.214707220499937,0.6028866068546914,50.678267996858054,-6571.5069763198335
10.499041598945803,8.214707220499937,0.6028866068546914,50.678267996858054,-6571.5069763198335
10.499041598945803,8.214707220499937,0.6028866068546914,50.678267996858054,-6571.5069763198335
10.122637303658566,7.221190245092535,0.69389726453864,50.64306345540394,-6572.365711945138
10.122637303658566,7.221190245092535,0.69389726453864,50.64306345540394,-6572.365711945138
10.122637303658566,7.221190245092535,0.69389726453864,50.64306345540394,-6572.365711945138
10.122637303658566,7.221190245092535,0.69389726453864,50.64306345540394,-6572.365711945138
11.00224742692602,7.381951662191537,0.8943696312884652,50.379626370642484,-6571.799538986244
11.00224742692602,7.381951662191537,0.8943696312884652,50.379626370642484,-6571.799538986244
10.862218890054839,8.421011258095803,0.8160038748375301,50.4777496481774,-6571.674998451329
10.862218890054839,8.421011258095803,0.8160038748375301,50.4777496481774,-6571.674998451329
10.862218890054839,8.421011258095803,0.8160038748375301,50.4777496481774,-6571.674998451329
10.95384921293581,7.722535703731415,1.0582289760962937,49.76607693491573,-6575.743656211873
10.95384921293581,7.722535703731415,1.0582289760962937,49.76607693491573,-6575.743656211873
10.406653977344265,8.1355925842825,1.159445251427198,49.69763300019103,-6576.611445209452
10.53238548824265,7.367799881233777,1.192797104659433,50.03928027108997,-6576.061267457009
8.806678932797961,7.598438390230219,1.1778287207163105,50.14563746878391,-6575.553997609579
8.64167563901503,7.733154494566946,1.0134659791101603,49.97893472493223,-6575.709044375857
9.312224790976067,10.444712869408242,1.077600801820625,49.547314501872684,-6575.783841731933
9.312224790976067,10.444712869408242,1.077600801820625,49.547314501872684,-6575.783841731933
9.312224790976067,10.444712869408242,1.077600801820625,49.547314501872684,-6575.783841731933
9.312224790976067,10.444712869408242,1.077600801820625,49.547314501872684,-6575.783841731933
9.312224790976067,10.444712869408242,1.077600801820625,49.547314501872684,-6575.783841731933
8.535597426129254,10.97275845946351,1.0356807903625327,49.48664003062876,-6574.955461064999
9.375032584364446,11.608395352092113,0.8449077162992102,49.963438177969195,-6573.229161384377
9.375032584364446,11.608395352092113,0.8449077162992102,49.963438177969195,-6573.229161384377
9.375032584364446,11.608395352092113,0.8449077162992102,49.963438177969195,-6573.229161384377
9.375032584364446,11.608395352092113,0.8449077162992102,49.963438177969195,-6573.229161384377
9.375032584364446,11.608395352092113,0.8449077162992102,49.963438177969195,-6573.229161384377
9.375032584364446,11.608395352092113,0.8449077162992102,49.963438177969195,-6573.229161384377
9.527701560136899,7.227041053943006,0.9626197454859524,49.9712005820477,-6572.3303028198825
9.527701560136899,7.227041053943006,0.9626197454859524,49.9712005820477,-6572.3303028198825
10.069645241122375,9.057544651545026,0.7820452677457062,50.07524657617042,-6570.4214484415215
10.069645241122375,9.057544651545026,0.7820452677457062,50.07524657617042,-6570.4214484415215
10.069645241122375,9.057544651545026,0.7820452677457062,50.07524657617042,-6570.4214484415215
10.069645241122375,9.057544651545026,0.7820452677457062,50.07524657617042,-6570.4214484415215
9.783615585484505,7.795292687777136,0.8070307088855879,50.7693138777056,-6571.208804415253
9.783615585484505,7.795292687777136,0.8070307088855879,50.7693138777056,-6571.208804415253
9.783615585484505,7.795292687777136,0.8070307088855879,50.7693138777056,-6571.208804415253
9.783615585484505,7.795292687777136,0.8070307088855879,50.7693138777056,-6571.208804415253
9.783615585484505,7.795292687777136,0.8070307088855879,50.7693138777056,-6571.208804415253
9.783615585484505,7.795292687777136,0.8070307088855879,50.7693138777056,-6571.208804415253
11.331145535821465,5.528541794080878,0.9572856081523526,50.67545131887322,-6572.245803103514
11.331145535821465,5.528541794080878,0.9572856081523526,50.67545131887322,-6572.245803103514
11.331145535821465,5.528541794080878,0.9572856081523526,50.67545131887322,-6572.245803103514
11.720791859678062,3.9066197551114437,0.9694984903982196,50.87437652930773,-6573.685518542716
11.720791859678062,3.9066197551114437,0.9694984903982196,50.87437652930773,-6573.685518542716
11.720791859678062,3.9066197551114437,0.9694984903982196,50.87437652930773,-6573.685518542716
11.554272369462693,6.683463966969269,0.9974988020505605,50.11905792296337,-6574.869296436958
11.36251331587562,6.419478859908476,0.982223521501795,50.2852936489242,-6573.245777849861
11.36251331587562,6.419478859908476,0.982223521501795,50.2852936489242,-6573.245777849861
11.36251331587562,6.419478859908476,0.982223521501795,50.2852936489242,-6573.245777849861
11.36251331587562,6.419478859908476,0.982223521501795,50.2852936489242,-6573.245777849861
10.677828860550301,9.10266642004481,0.8907391565639212,50.286792560893325,-6573.387418503557
9.697220665431997,8.81075937614525,0.8471927863944133,50.540991253486524,-6570.516617278545
9.697220665431997,8.81075937614525,0.8471927863944133,50.540991253486524,-6570.516617278545
9.635646048154262,8.503626870205428,0.8231305019251296,50.52732393978781,-6570.605975203262
9.635646048154262,8.503626870205428,0.8231305019251296,50.52732393978781,-6570.605975203262
9.635646048154262,8.503626870205428,0.8231305019251296,50.52732393978781,-6570.605975203262
9.635646048154262,8.503626870205428,0.8231305019251296,50.52732393978781,-6570.605975203262
9.635646048154262,8.503626870205428,0.8231305019251296,50.52732393978781,-6570.605975203262
9.635646048154262,8.503626870205428,0.8231305019251296,50.52732393978781,-6570.605975203262
9.635646048154262,8.503626870205428,0.8231305019251296,50.52732393978781,-6570.605975203262
9.635646048154262,8.503626870205428,0.8231305019251296,50.52732393978781,-6570.605975203262
9.635646048154262,8.503626870205428,0.8231305019251296,50.52732393978781,-6570.605975203262
9.635646048154262,8.503626870205428,0.8231305019251296,50.52732393978781,-6570.605975203262
9.635646048154262,8.503626870205428,0.8231305019251296,50.52732393978781,-6570.605975203262
9.635646048154262,8.503626870205428,0.8231305019251296,50.52732393978781,-6570.605975203262
9.988687360468113,7.808302383311121,0.8124176013210276,50.27362501493661,-6570.464714741913
9.988687360468113,7.808302383311121,0.8124176013210276,50.27362501493661,-6570.464714741913
9.988687360468113,7.808302383311121,0.8124176013210276,50.27362501493661,-6570.464714741913
9.988687360468113,7.808302383311121,0.8124176013210276,50.27362501493661,-6570.464714741913
9.988687360468113,7.808302383311121,0.8124176013210276,50.27362501493661,-6570.464714741913
9.988687360468113,7.808302383311121,0.8124176013210276,50.27362501493661,-6570.464714741913
9.897348753153619,7.357627947506179,0.7362866462416489,50.212758085703236,-6572.122318152835
10.764618530255378,6.649121043276134,0.6884168219205983,49.7162547081033,-6572.4463457303955
10.764618530255378,6.649121043276134,0.6884168219205983,49.7162547081033,-6572.4463457303955
10.19669658141816,9.468028214774494,0.7541146848723087,49.55523770634023,-6571.641025095565
10.19669658141816,9.468028214774494,0.7541146848723087,49.55523770634023,-6571.641025095565
10.19669658141816,9.468028214774494,0.7541146848723087,49.55523770634023,-6571.641025095565
10.19669658141816,9.468028214774494,0.7541146848723087,49.55523770634023,-6571.641025095565
10.19669658141816,9.468028214774494,0.7541146848723087,49.55523770634023,-6571.641025095565
10.19669658141816,9.468028214774494,0.7541146848723087,49.55523770634023,-6571.641025095565
10.19669658141816,9.468028214774494,0.7541146848723087,49.55523770634023,-6571.641025095565
10.19669658141816,9.468028214774494,0.7541146848723087,49.55523770634023,-6571.641025095565
9.542582939518068,10.485240020574585,0.574049899090012,49.87378982303454,-6572.292058637837
9.520387564632259,8.80442812376801,0.8300742441232837,50.204030404291075,-6570.609846744238
9.033985818026146,8.796895229055284,0.8962800383301595,50.25012839836151,-6571.835957499101
9.033985818026146,8.796895229055284,0.8962800383301595,50.25012839836151,-6571.835957499101
9.033985818026146,8.796895229055284,0.8962800383301595,50.25012839836151,-6571.835957499101
10.250088940059769,8.60596949598453,0.953064430284466,50.404620087531754,-6572.0981833599035
10.250088940059769,8.60596949598453,0.953064430284466,50.404620087531754,-6572.0981833599035
10.265127257648063,7.621125469912939,0.7700155288881109,50.19763951800568,-6570.423470663669
10.53448595226265,8.671867255973948,0.9178840724980276,50.418089808090585,-6572.487068049071
10.53448595226265,8.671867255973948,0.9178840724980276,50.418089808090585,-6572.487068049071
10.429266824612592,7.723466141567224,1.0006791411287257,49.97712984115771,-6572.404192721926
10.429266824612592,7.723466141567224,1.0006791411287257,49.97712984115771,-6572.404192721926
9.335340370114618,8.337402086281744,0.9936256110209585,50.650294770578874,-6572.036324424811
9.335340370114618,8.337402086281744,0.9936256110209585,50.650294770578874,-6572.036324424811
9.335340370114618,8.337402086281744,0.9936256110209585,50.650294770578874,-6572.036324424811
9.335340370114618,8.337402086281744,0.9936256110209585,50.650294770578874,-6572.036324424811
9.335340370114618,8.337402086281744,0.9936256110209585,50.650294770578874,-6572.036324424811
9.465636408655696,9.136056940075665,0.8717514742182237,50.508623280748324,-6570.801850797441
10.081043513406064,8.809632262836846,0.9210128158118137,49.939996996107546,-6571.673531645378
10.081043513406064,8.809632262836846,0.9210128158118137,49.939996996107546,-6571.673531645378
10.08166814959343,9.36451600331192,0.8960624378219876,50.29740204217768,-6571.830594446299
10.08166814959343,9.36451600331192,0.8960624378219876,50.29740204217768,-6571.830594446299
10.08166814959343,9.36451600331192,0.8960624378219876,50.29740204217768,-6571.830594446299
10.08166814959343,9.36451600331192,0.8960624378219876,50.29740204217768,-6571.830594446299
9.68564144347528,7.888526002939843,0.9684452462873578,50.30676041193577,-6571.299618144632
9.68564144347528,7.888526002939843,0.9684452462873578,50.30676041193577,-6571.299618144632
9.68564144347528,7.888526002939843,0.9684452462873578,50.30676041193577,-6571.299618144632
9.68564144347528,7.888526002939843,0.9684452462873578,50.30676041193577,-6571.299618144632
9.68564144347528,7.888526002939843,0.9684452462873578,50.30676041193577,-6571.299618144632
10.186550953771455,8.10340632595288,0.8174892858746193,51.160961552321695,-6571.191270140656
10.186550953771455,8.10340632595288,0.8174892858746193,51.160961552321695,-6571.191270140656
10.186550953771455,8.10340632595288,0.8174892858746193,51.160961552321695,-6571.191270140656
10.186550953771455,8.10340632595288,0.8174892858746193,51.160961552321695,-6571.191270140656
10.687133758205976,6.8383957248298834,0.7750557330342771,51.74547824061886,-6573.374881211123
10.687133758205976,6.8383957248298834,0.7750557330342771,51.74547824061886,-6573.374881211123
10.687133758205976,6.8383957248298834,0.7750557330342771,51.74547824061886,-6573.374881211123
10.687133758205976,6.8383957248298834,0.7750557330342771,51.74547824061886,-6573.374881211123
10.687133758205976,6.8383957248298834,0.7750557330342771,51.74547824061886,-6573.374881211123
10.687133758205976,6.8383957248298834,0.7750557330342771,51.74547824061886,-6573.374881211123
10.687133758205976,6.8383957248298834,0.7750557330342771,51.74547824061886,-6573.374881211123
9.727199059893504,7.79785239377749,0.7415481198260688,51.595192803911864,-6574.31087171836
11.029397953725853,8.96410955708236,0.7951453492815578,51.6495287465391,-6575.030816435868
9.738503349814307,8.933806703265043,0.7207336966768196,51.13148457875282,-6571.4465025116715
9.738503349814307,8.933806703265043,0.7207336966768196,51.13148457875282,-6571.4465025116715
9.738503349814307,8.933806703265043,0.7207336966768196,51.13148457875282,-6571.4465025116715
9.738503349814307,8.933806703265043,0.7207336966768196,51.13148457875282,-6571.4465025116715
9.738503349814307,8.933806703265043,0.7207336966768196,51.13148457875282,-6571.4465025116715
9.738503349814307,8.933806703265043,0.7207336966768196,51.13148457875282,-6571.4465025116715
9.738503349814307,8.933806703265043,0.7207336966768196,51.13148457875282,-6571.4465025116715
9.738503349814307,8.933806703265043,0.7207336966768196,51.13148457875282,-6571.4465025116715
9.738503349814307,8.933806703265043,0.7207336966768196,51.13148457875282,-6571.4465025116715
9.738503349814307,8.933806703265043,0.7207336966768196,51.13148457875282,-6571.4465025116715
9.738503349814307,8.933806703265043,0.7207336966768196,51.13148457875282,-6571.4465025116715
9.738503349814307,8.933806703265043,0.7207336966768196,51.13148457875282,-6571.4465025116715
9.738503349814307,8.933806703265043,0.7207336966768196,51.13148457875282,-6571.4465025116715
9.738503349814307,8.933806703265043,0.7207336966768196,51.13148457875282,-6571.4465025116715
9.738503349814307,8.933806703265043,0.7207336966768196,51.13148457875282,-6571.4465025116715
9.738503349814307,8.933806703265043,0.7207336966768196,51.13148457875282,-6571.4465025116715
9.806896833630775,10.646561848331066,0.7641261826685561,51.147578216196735,-6572.304282008641
9.806896833630775,10.646561848331066,0.7641261826685561,51.147578216196735,-6572.304282008641
9.806896833630775,10.646561848331066,0.7641261826685561,51.147578216196735,-6572.304282008641
9.806896833630775,10.646561848331066,0.7641261826685561,51.147578216196735,-6572.304282008641
9.480342630746007,9.576778886280524,1.00765365865842,50.6344510410186,-6572.853056875479
10.534976914695035,8.527088871313744,0.7906861386579356,49.881629576087505,-6571.019623397189
10.534976914695035,8.527088871313744,0.7906861386579356,49.881629576087505,-6571.019623397189
10.534976914695035,8.527088871313744,0.7906861386579356,49.881629576087505,-6571.019623397189
9.87494647740788,10.14084675549552,0.6266937455179687,50.44269325626794,-6570.808911328668
9.87494647740788,10.14084675549552,0.6266937455179687,50.44269325626794,-6570.808911328668
9.87494647740788,10.14084675549552,0.6266937455179687,50.44269325626794,-6570.808911328668
9.87494647740788,10.14084675549552,0.6266937455179687,50.44269325626794,-6570.808911328668
9.87494647740788,10.14084675549552,0.6266937455179687,50.44269325626794,-6570.808911328668
9.87494647740788,10.14084675549552,0.6266937455179687,50.44269325626794,-6570.808911328668
9.87494647740788,10.14084675549552,0.6266937455179687,50.44269325626794,-6570.808911328668
9.87494647740788,10.14084675549552,0.6266937455179687,50.44269325626794,-6570.808911328668
9.87494647740788,10.14084675549552,0.6266937455179687,50.44269325626794,-6570.808911328668
9.87494647740788,10.14084675549552,0.6266937455179687,50.44269325626794,-6570.808911328668
9.87494647740788,10.14084675549552,0.6266937455179687,50.44269325626794,-6570.808911328668
9.87494647740788,10.14084675549552,0.6266937455179687,50.44269325626794,-6570.808911328668
9.703188333161107,10.746636940279357,0.7199261534841734,50.41995676658583,-6571.015275719828
9.703188333161107,10.746636940279357,0.7199261534841734,50.41995676658583,-6571.015275719828
9.703188333161107,10.746636940279357,0.7199261534841734,50.41995676658583,-6571.015275719828
9.703188333161107,10.746636940279357,0.7199261534841734,50.41995676658583,-6571.015275719828
10.264919881219425,7.977316147179186,0.7492582781550559,50.46492354898399,-6570.245095786235
10.264919881219425,7.977316147179186,0.7492582781550559,50.46492354898399,-6570.245095786235
10.264919881219425,7.977316147179186,0.7492582781550559,50.46492354898399,-6570.245095786235
10.264919881219425,7.977316147179186,0.7492582781550559,50.46492354898399,-6570.245095786235
10.264919881219425,7.977316147179186,0.7492582781550559,50.46492354898399,-6570.245095786235
10.264919881219425,7.977316147179186,0.7492582781550559,50.46492354898399,-6570.245095786235
10.264919881219425,7.977316147179186,0.7492582781550559,50.46492354898399,-6570.245095786235
10.264919881219425,7.977316147179186,0.7492582781550559,50.46492354898399,-6570.245095786235
10.264919881219425,7.977316147179186,0.7492582781550559,50.46492354898399,-6570.245095786235
10.264919881219425,7.977316147179186,0.7492582781550559,50.46492354898399,-6570.245095786235
10.264919881219425,7.977316147179186,0.7492582781550559,50.46492354898399,-6570.245095786235
10.264919881219425,7.977316147179186,0.7492582781550559,50.46492354898399,-6570.245095786235
10.264919881219425,7.977316147179186,0.7492582781550559,50.46492354898399,-6570.245095786235
10.264919881219425,7.977316147179186,0.7492582781550559,50.46492354898399,-6570.245095786235
10.264919881219425,7.977316147179186,0.7492582781550559,50.46492354898399,-6570.245095786235
10.264919881219425,7.977316147179186,0.7492582781550559,50.46492354898399,-6570.245095786235
10.264919881219425,7.977316147179186,0.7492582781550559,50.46492354898399,-6570.245095786235
10.264919881219425,7.977316147179186,0.7492582781550559,50.46492354898399,-6570.245095786235
10.264919881219425,7.977316147179186,0.7492582781550559,50.46492354898399,-6570.245095786235
10.264919881219425,7.977316147179186,0.7492582781550559,50.46492354898399,-6570.245095786235
10.264919881219425,7.977316147179186,0.7492582781550559,50.46492354898399,-6570.245095786235
10.264919881219425,7.977316147179186,0.7492582781550559,50.46492354898399,-6570.245095786235
10.264919881219425,7.977316147179186,0.7492582781550559,50.46492354898399,-6570.245095786235
10.264919881219425,7.977316147179186,0.7492582781550559,50.46492354898399,-6570.245095786235
10.264919881219425,7.977316147179186,0.7492582781550559,50.46492354898399,-6570.245095786235
10.264919881219425,7.977316147179186,0.7492582781550559,50.46492354898399,-6570.245095786235
11.043076259236267,7.509130160230465,0.8529114245253995,50.53414776173671,-6571.554640199687
9.907908849187905,7.591921318870531,0.8424209760710768,51.05504811452019,-6571.531283883238
10.841184636405993,7.442177091843246,0.8101223543063293,51.21673539926668,-6571.587402095703
10.066913631678768,7.314521044766119,0.8285753769683418,50.79705429331978,-6571.043328841921
10.066913631678768,7.314521044766119,0.8285753769683418,50.79705429331978,-6571.043328841921
10.066913631678768,7.314521044766119,0.8285753769683418,50.79705429331978,-6571.043328841921
10.066913631678768,7.314521044766119,0.8285753769683418,50.79705429331978,-6571.043328841921
10.066913631678768,7.314521044766119,0.8285753769683418,50.79705429331978,-6571.043328841921
10.066913631678768,7.314521044766119,0.8285753769683418,50.79705429331978,-6571.043328841921
10.066913631678768,7.314521044766119,0.8285753769683418,50.79705429331978,-6571.043328841921
10.066913631678768,7.314521044766119,0.8285753769683418,50.79705429331978,-6571.043328841921
10.0198805314773,8.705941754366048,0.815207786405848,50.27516588026227,-6570.273862870812
10.0198805314773,8.705941754366048,0.815207786405848,50.27516588026227,-6570.273862870812
10.0198805314773,8.705941754366048,0.815207786405848,50.27516588026227,-6570.273862870812
9.983680923120012,8.723425812753959,0.875524402513539,50.67586685303006,-6570.864583154916
9.983680923120012,8.723425812753959,0.875524402513539,50.67586685303006,-6570.864583154916
9.983680923120012,8.723425812753959,0.875524402513539,50.67586685303006,-6570.864583154916
9.983680923120012,8.723425812753959,0.875524402513539,50.67586685303006,-6570.864583154916
9.983680923120012,8.723425812753959,0.875524402513539,50.67586685303006,-6570.864583154916
9.983680923120012,8.723425812753959,0.875524402513539,50.67586685303006,-6570.864583154916
9.983680923120012,8.723425812753959,0.875524402513539,50.67586685303006,-6570.864583154916
9.983680923120012,8.723425812753959,0.875524402513539,50.67586685303006,-6570.864583154916
9.983680923120012,8.723425812753959,0.875524402513539,50.67586685303006,-6570.864583154916
9.983680923120012,8.723425812753959,0.875524402513539,50.67586685303006,-6570.864583154916
9.983680923120012,8.723425812753959,0.875524402513539,50.67586685303006,-6570.864583154916
10.426399244216142,7.636165994124318,0.8100179503422688,50.33082887303597,-6570.254204518933
10.426399244216142,7.636165994124318,0.8100179503422688,50.33082887303597,-6570.254204518933
10.426399244216142,7.636165994124318,0.8100179503422688,50.33082887303597,-6570.254204518933
10.426399244216142,7.636165994124318,0.8100179503422688,50.33082887303597,-6570.254204518933
10.426399244216142,7.636165994124318,0.8100179503422688,50.33082887303597,-6570.254204518933
10.426399244216142,7.636165994124318,0.8100179503422688,50.33082887303597,-6570.254204518933
10.426399244216142,7.636165994124318,0.8100179503422688,50.33082887303597,-6570.254204518933
9.749866545194436,9.61249806880179,0.7460234766473395,50.01054283708729,-6570.487670730175
9.749866545194436,9.61249806880179,0.7460234766473395,50.01054283708729,-6570.487670730175
9.749866545194436,9.61249806880179,0.7460234766473395,50.01054283708729,-6570.487670730175
9.749866545194436,9.61249806880179,0.7460234766473395,50.01054283708729,-6570.487670730175
9.749866545194436,9.61249806880179,0.7460234766473395,50.01054283708729,-6570.487670730175
9.749866545194436,9.61249806880179,0.7460234766473395,50.01054283708729,-6570.487670730175
9.180910364562694,9.480597944682547,0.8079197097113993,49.27715895358156,-6572.686558351132
9.180910364562694,9.480597944682547,0.8079197097113993,49.27715895358156,-6572.686558351132
9.180910364562694,9.480597944682547,0.8079197097113993,49.27715895358156,-6572.686558351132
8.786803353449434,9.338624719347319,0.9241371227608502,49.52673119834054,-6573.154098010392
9.140796962953514,9.378287340006827,0.7990176407110475,49.37384552965841,-6572.587403131924
9.140796962953514,9.378287340006827,0.7990176407110475,49.37384552965841,-6572.587403131924
8.837872911307569,9.790731169382505,0.7305240778180406,49.89498434245707,-6572.701835200641
8.837872911307569,9.790731169382505,0.7305240778180406,49.89498434245707,-6572.701835200641
9.900459221777446,9.84173378567774,0.5856614818498485,49.422665969027896,-6572.960714710729
9.691943722496159,10.16063535175889,0.8141744149516182,49.58942705177349,-6571.869987607917
9.691943722496159,10.16063535175889,0.8141744149516182,49.58942705177349,-6571.869987607917
9.691943722496159,10.16063535175889,0.8141744149516182,49.58942705177349,-6571.869987607917
11.065608191442154,7.65602445943324,0.7030002523365049,49.598093168961256,-6571.838517442844
11.065608191442154,7.65602445943324,0.7030002523365049,49.598093168961256,-6571.838517442844
11.065608191442154,7.65602445943324,0.7030002523365049,49.598093168961256,-6571.838517442844
11.065608191442154,7.65602445943324,0.7030002523365049,49.598093168961256,-6571.838517442844
11.065608191442154,7.65602445943324,0.7030002523365049,49.598093168961256,-6571.838517442844
10.084355394042207,8.145532393094248,0.722957443073521,49.79387969553156,-6571.052765321358
10.084355394042207,8.145532393094248,0.722957443073521,49.79387969553156,-6571.052765321358
10.084355394042207,8.145532393094248,0.722957443073521,49.79387969553156,-6571.052765321358
10.084355394042207,8.145532393094248,0.722957443073521,49.79387969553156,-6571.052765321358
10.158636690904299,8.413055603873861,0.7005366619183454,49.78513356606552,-6570.975787905891
10.158636690904299,8.413055603873861,0.7005366619183454,49.78513356606552,-6570.975787905891
10.158636690904299,8.413055603873861,0.7005366619183454,49.78513356606552,-6570.975787905891
10.057249301666062,9.131484893566004,0.7395636141819769,50.225681154405954,-6570.233014065723
10.057249301666062,9.131484893566004,0.7395636141819769,50.225681154405954,-6570.233014065723
10.057249301666062,9.131484893566004,0.7395636141819769,50.225681154405954,-6570.233014065723
10.057249301666062,9.131484893566004,0.7395636141819769,50.225681154405954,-6570.233014065723
10.057249301666062,9.131484893566004,0.7395636141819769,50.225681154405954,-6570.233014065723
10.057249301666062,9.131484893566004,0.7395636141819769,50.225681154405954,-6570.233014065723
10.057249301666062,9.131484893566004,0.7395636141819769,50.225681154405954,-6570.233014065723
10.057249301666062,9.131484893566004,0.7395636141819769,50.225681154405954,-6570.233014065723
10.057249301666062,9.131484893566004,0.7395636141819769,50.225681154405954,-6570.233014065723
10.057249301666062,9.131484893566004,0.7395636141819769,50.225681154405954,-6570.233014065723
10.057249301666062,9.131484893566004,0.7395636141819769,50.225681154405954,-6570.233014065723
10.057249301666062,9.131484893566004,0.7395636141819769,50.225681154405954,-6570.233014065723
10.057249301666062,9.131484893566004,0.7395636141819769,50.225681154405954,-6570.233014065723
10.057249301666062,9.131484893566004,0.7395636141819769,50.225681154405954,-6570.233014065723
10.057249301666062,9.131484893566004,0.7395636141819769,50.225681154405954,-6570.233014065723
10.928923224667571,8.195349475813131,0.8247299935212303,50.395713249534666,-6571.680460197864
10.53642516321146,8.25783035236361,0.8555977679626479,51.72016734159677,-6573.649686452536
11.270863685282567,7.980926366056363,0.772288831822009,50.63286370052857,-6572.015238194996
11.270863685282567,7.980926366056363,0.772288831822009,50.63286370052857,-6572.015238194996
11.270863685282567,7.980926366056363,0.772288831822009,50.63286370052857,-6572.015238194996
10.4087860338518,6.30664711412421,0.8831458257504343,50.240485498320545,-6571.222950156942
10.4087860338518,6.30664711412421,0.8831458257504343,50.240485498320545,-6571.222950156942
10.4087860338518,6.30664711412421,0.8831458257504343,50.240485498320545,-6571.222950156942
10.4087860338518,6.30664711412421,0.8831458257504343,50.240485498320545,-6571.222950156942
10.4087860338518,6.30664711412421,0.8831458257504343,50.240485498320545,-6571.222950156942
10.4087860338518,6.30664711412421,0.8831458257504343,50.240485498320545,-6571.222950156942
10.4087860338518,6.30664711412421,0.8831458257504343,50.240485498320545,-6571.222950156942
10.4087860338518,6.30664711412421,0.8831458257504343,50.240485498320545,-6571.222950156942
10.4087860338518,6.30664711412421,0.8831458257504343,50.240485498320545,-6571.222950156942
10.4087860338518,6.30664711412421,0.8831458257504343,50.240485498320545,-6571.222950156942
10.4087860338518,6.30664711412421,0.8831458257504343,50.240485498320545,-6571.222950156942
10.4087860338518,6.30664711412421,0.8831458257504343,50.240485498320545,-6571.222950156942
10.4087860338518,6.30664711412421,0.8831458257504343,50.240485498320545,-6571.222950156942
10.419294774376663,5.213293106159531,0.9424232780507367,50.12091202605509,-6573.108488379276
9.962793796978138,8.142439726380449,0.9480908067893112,50.112938402081916,-6571.160369053009
9.962793796978138,8.142439726380449,0.9480908067893112,50.112938402081916,-6571.160369053009
9.962793796978138,8.142439726380449,0.9480908067893112,50.112938402081916,-6571.160369053009
9.962793796978138,8.142439726380449,0.9480908067893112,50.112938402081916,-6571.160369053009
9.962793796978138,8.142439726380449,0.9480908067893112,50.112938402081916,-6571.160369053009
9.962793796978138,8.142439726380449,0.9480908067893112,50.112938402081916,-6571.160369053009
9.962793796978138,8.142439726380449,0.9480908067893112,50.112938402081916,-6571.160369053009
9.962793796978138,8.142439726380449,0.9480908067893112,50.112938402081916,-6571.160369053009
10.22325662746986,7.903157296429542,0.8929374997171269,50.517814210109385,-6570.688020138747
10.22325662746986,7.903157296429542,0.8929374997171269,50.517814210109385,-6570.688020138747
10.22325662746986,7.903157296429542,0.8929374997171269,50.517814210109385,-6570.688020138747
10.22325662746986,7.903157296429542,0.8929374997171269,50.517814210109385,-6570.688020138747
10.22325662746986,7.903157296429542,0.8929374997171269,50.517814210109385,-6570.688020138747
10.22325662746986,7.903157296429542,0.8929374997171269,50.517814210109385,-6570.688020138747
10.761681787185893,7.699705496826735,0.819205678063222,50.441573444605,-6570.673067184314
10.152132079765869,11.041828946741843,0.9261984312412103,49.838657366563716,-6576.768951040527
10.152132079765869,11.041828946741843,0.9261984312412103,49.838657366563716,-6576.768951040527
10.152132079765869,11.041828946741843,0.9261984312412103,49.838657366563716,-6576.768951040527
9.22784916501573,11.972369685557172,0.8907515365426488,49.74268138808056,-6574.618812888024
9.124123318911769,9.728661637692651,0.842231797196259,49.289774425788366,-6572.645202411179
9.124123318911769,9.728661637692651,0.842231797196259,49.289774425788366,-6572.645202411179
9.124123318911769,9.728661637692651,0.842231797196259,49.289774425788366,-6572.645202411179
9.124123318911769,9.728661637692651,0.842231797196259,49.289774425788366,-6572.645202411179
9.124123318911769,9.728661637692651,0.842231797196259,49.289774425788366,-6572.645202411179
9.124123318911769,9.728661637692651,0.842231797196259,49.289774425788366,-6572.645202411179
9.124123318911769,9.728661637692651,0.842231797196259,49.289774425788366,-6572.645202411179
9.124123318911769,9.728661637692651,0.842231797196259,49.289774425788366,-6572.645202411179
9.124123318911769,9.728661637692651,0.842231797196259,49.289774425788366,-6572.645202411179
9.124123318911769,9.728661637692651,0.842231797196259,49.289774425788366,-6572.645202411179
8.681577132761014,9.815594726850737,0.7300676777097483,49.77066175107776,-6573.6861943777485
8.681577132761014,9.815594726850737,0.7300676777097483,49.77066175107776,-6573.6861943777485
8.528023584932727,10.631573907548159,0.6524348326514011,50.24138945331351,-6574.095001285841
8.528023584932727,10.631573907548159,0.6524348326514011,50.24138945331351,-6574.095001285841
9.991661029749364,12.21186310100903,0.713943494151857,50.788058530340734,-6574.6983129402515
9.10005639298374,15.179318985597815,0.5200502773652553,51.130570898382366,-6577.252120667444
8.981410147033955,12.139565375840476,0.527983818149544,50.94901130027325,-6573.842433189387
8.981410147033955,12.139565375840476,0.527983818149544,50.94901130027325,-6573.842433189387
8.981410147033955,12.139565375840476,0.527983818149544,50.94901130027325,-6573.842433189387
9.714655573546455,11.965246230254117,0.4874752358052193,50.55250399420425,-6573.177481230681
9.714655573546455,11.965246230254117,0.4874752358052193,50.55250399420425,-6573.177481230681
9.714655573546455,11.965246230254117,0.4874752358052193,50.55250399420425,-6573.177481230681
9.714655573546455,11.965246230254117,0.4874752358052193,50.55250399420425,-6573.177481230681
9.714655573546455,11.965246230254117,0.4874752358052193,50.55250399420425,-6573.177481230681
9.714655573546455,11.965246230254117,0.4874752358052193,50.55250399420425,-6573.177481230681
9.714655573546455,11.965246230254117,0.4874752358052193,50.55250399420425,-6573.177481230681
9.714655573546455,11.965246230254117,0.4874752358052193,50.55250399420425,-6573.177481230681
9.714655573546455,11.965246230254117,0.4874752358052193,50.55250399420425,-6573.177481230681
9.559698254496062,10.159434751245515,0.5664303968432205,49.8353026649296,-6572.746880480742
9.559698254496062,10.159434751245515,0.5664303968432205,49.8353026649296,-6572.746880480742
9.559698254496062,10.159434751245515,0.5664303968432205,49.8353026649296,-6572.746880480742
8.886711520270634,12.136782400911292,0.7465979126499526,50.65391738833651,-6572.243460433825
8.886711520270634,12.136782400911292,0.7465979126499526,50.65391738833651,-6572.243460433825
8.886711520270634,12.136782400911292,0.7465979126499526,50.65391738833651,-6572.243460433825
9.189492086000874,9.58127659295715,0.6746400055029376,50.70586494497939,-6572.206045919661
9.189492086000874,9.58127659295715,0.6746400055029376,50.70586494497939,-6572.206045919661
9.189492086000874,9.58127659295715,0.6746400055029376,50.70586494497939,-6572.206045919661
8.522849750401013,12.488260506483753,0.7431426314162412,49.93137064356153,-6572.7379928984865
8.522849750401013,12.488260506483753,0.7431426314162412,49.93137064356153,-6572.7379928984865
8.522849750401013,12.488260506483753,0.7431426314162412,49.93137064356153,-6572.7379928984865
8.522849750401013,12.488260506483753,0.7431426314162412,49.93137064356153,-6572.7379928984865
8.522849750401013,12.488260506483753,0.7431426314162412,49.93137064356153,-6572.7379928984865
8.522849750401013,12.488260506483753,0.7431426314162412,49.93137064356153,-6572.7379928984865
8.522849750401013,12.488260506483753,0.7431426314162412,49.93137064356153,-6572.7379928984865
8.522849750401013,12.488260506483753,0.7431426314162412,49.93137064356153,-6572.7379928984865
8.522849750401013,12.488260506483753,0.7431426314162412,49.93137064356153,-6572.7379928984865
8.522849750401013,12.488260506483753,0.7431426314162412,49.93137064356153,-6572.7379928984865
8.522849750401013,12.488260506483753,0.7431426314162412,49.93137064356153,-6572.7379928984865
8.522849750401013,12.488260506483753,0.7431426314162412,49.93137064356153,-6572.7379928984865
8.522849750401013,12.488260506483753,0.7431426314162412,49.93137064356153,-6572.7379928984865
8.522849750401013,12.488260506483753,0.7431426314162412,49.93137064356153,-6572.7379928984865
9.000826886796593,12.939813556189993,0.6676459629397601,49.74398163641172,-6573.345131193137
9.000826886796593,12.939813556189993,0.6676459629397601,49.74398163641172,-6573.345131193137
9.552629181296112,11.466218393119561,0.6161348185377897,49.426444567523234,-6572.952574299526
9.552629181296112,11.466218393119561,0.6161348185377897,49.426444567523234,-6572.952574299526
9.552629181296112,11.466218393119561,0.6161348185377897,49.426444567523234,-6572.952574299526
9.552629181296112,11.466218393119561,0.6161348185377897,49.426444567523234,-6572.952574299526
9.552629181296112,11.466218393119561,0.6161348185377897,49.426444567523234,-6572.952574299526
9.552629181296112,11.466218393119561,0.6161348185377897,49.426444567523234,-6572.952574299526
8.909824147955606,12.52740103591226,0.7061115447338158,49.22543583542013,-6574.204682106843
8.909824147955606,12.52740103591226,0.7061115447338158,49.22543583542013,-6574.204682106843
8.909824147955606,12.52740103591226,0.7061115447338158,49.22543583542013,-6574.204682106843
8.909824147955606,12.52740103591226,0.7061115447338158,49.22543583542013,-6574.204682106843
8.909824147955606,12.52740103591226,0.7061115447338158,49.22543583542013,-6574.204682106843
8.909824147955606,12.52740103591226,0.7061115447338158,49.22543583542013,-6574.204682106843
8.909824147955606,12.52740103591226,0.7061115447338158,49.22543583542013,-6574.204682106843
9.468062162741402,11.99876024119643,0.7396052592568925,48.9483070222231,-6575.470411061758
8.864342396354168,11.637495673850932,0.7283607449902257,49.34821460003109,-6573.079409610332
8.864342396354168,11.637495673850932,0.7283607449902257,49.34821460003109,-6573.079409610332
8.864342396354168,11.637495673850932,0.7283607449902257,49.34821460003109,-6573.079409610332
8.864342396354168,11.637495673850932,0.7283607449902257,49.34821460003109,-6573.079409610332
8.864342396354168,11.637495673850932,0.7283607449902257,49.34821460003109,-6573.079409610332
8.864342396354168,11.637495673850932,0.7283607449902257,49.34821460003109,-6573.079409610332
8.864342396354168,11.637495673850932,0.7283607449902257,49.34821460003109,-6573.079409610332
8.864342396354168,11.637495673850932,0.7283607449902257,49.34821460003109,-6573.079409610332
8.864342396354168,11.637495673850932,0.7283607449902257,49.34821460003109,-6573.079409610332
8.864342396354168,11.637495673850932,0.7283607449902257,49.34821460003109,-6573.079409610332
8.864342396354168,11.637495673850932,0.7283607449902257,49.34821460003109,-6573.079409610332
9.039637896406038,12.070589695585497,0.6234104016036744,50.2662405604246,-6571.953943494034
9.039637896406038,12.070589695585497,0.6234104016036744,50.2662405604246,-6571.953943494034
9.039637896406038,12.070589695585497,0.6234104016036744,50.2662405604246,-6571.953943494034
9.039637896406038,12.070589695585497,0.6234104016036744,50.2662405604246,-6571.953943494034
10.297624825114399,10.296959564366503,0.6322042920934116,51.54277182652853,-6573.043622913552
10.297624825114399,10.296959564366503,0.6322042920934116,51.54277182652853,-6573.043622913552
10.297624825114399,10.296959564366503,0.6322042920934116,51.54277182652853,-6573.043622913552
10.297624825114399,10.296959564366503,0.6322042920934116,51.54277182652853,-6573.043622913552
10.297624825114399,10.296959564366503,0.6322042920934116,51.54277182652853,-6573.043622913552
10.297624825114399,10.296959564366503,0.6322042920934116,51.54277182652853,-6573.043622913552
10.297624825114399,10.296959564366503,0.6322042920934116,51.54277182652853,-6573.043622913552
10.297624825114399,10.296959564366503,0.6322042920934116,51.54277182652853,-6573.043622913552
10.297624825114399,10.296959564366503,0.6322042920934116,51.54277182652853,-6573.043622913552
10.297624825114399,10.296959564366503,0.6322042920934116,51.54277182652853,-6573.043622913552
10.297624825114399,10.296959564366503,0.6322042920934116,51.54277182652853,-6573.043622913552
10.297624825114399,10.296959564366503,0.6322042920934116,51.54277182652853,-6573.043622913552
10.297624825114399,10.296959564366503,0.6322042920934116,51.54277182652853,-6573.043622913552
10.297624825114399,10.296959564366503,0.6322042920934116,51.54277182652853,-6573.043622913552
10.297624825114399,10.296959564366503,0.6322042920934116,51.54277182652853,-6573.043622913552
9.82595975647433,10.163033810141776,0.5276702733661288,50.98267488718552,-6572.947289464503
9.82595975647433,10.163033810141776,0.5276702733661288,50.98267488718552,-6572.947289464503
9.82595975647433,10.163033810141776,0.5276702733661288,50.98267488718552,-6572.947289464503
9.361218263812495,9.510254754129033,0.6158520056764147,50.958687745714634,-6573.170335835956
9.361218263812495,9.510254754129033,0.6158520056764147,50.958687745714634,-6573.170335835956
10.056537777101283,8.849513497854158,0.8666957640210453,50.8033573364714,-6571.104821717376
10.056537777101283,8.849513497854158,0.8666957640210453,50.8033573364714,-6571.104821717376
10.056537777101283,8.849513497854158,0.8666957640210453,50.8033573364714,-6571.104821717376
10.056537777101283,8.849513497854158,0.8666957640210453,50.8033573364714,-6571.104821717376
10.056537777101283,8.849513497854158,0.8666957640210453,50.8033573364714,-6571.104821717376
10.056537777101283,8.849513497854158,0.8666957640210453,50.8033573364714,-6571.104821717376
10.056537777101283,8.849513497854158,0.8666957640210453,50.8033573364714,-6571.104821717376
9.335806943862107,11.952458465184293,0.46827441192545244,51.18310425888969,-6574.946795842616
9.777055843248743,12.773246123074435,0.4684955653181521,51.32836986992531,-6575.106780744359
9.777055843248743,12.773246123074435,0.4684955653181521,51.32836986992531,-6575.106780744359
9.777055843248743,12.773246123074435,0.4684955653181521,51.32836986992531,-6575.106780744359
9.777055843248743,12.773246123074435,0.4684955653181521,51.32836986992531,-6575.106780744359
9.777055843248743,12.773246123074435,0.4684955653181521,51.32836986992531,-6575.106780744359
9.777055843248743,12.773246123074435,0.4684955653181521,51.32836986992531,-6575.106780744359
9.777055843248743,12.773246123074435,0.4684955653181521,51.32836986992531,-6575.106780744359
9.777055843248743,12.773246123074435,0.4684955653181521,51.32836986992531,-6575.106780744359
9.777055843248743,12.773246123074435,0.4684955653181521,51.32836986992531,-6575.106780744359
9.777055843248743,12.773246123074435,0.4684955653181521,51.32836986992531,-6575.106780744359
9.777055843248743,12.773246123074435,0.4684955653181521,51.32836986992531,-6575.106780744359
9.043731798729686,13.645102654207284,0.440266389986484,50.4807707558539,-6575.352166048999
9.043731798729686,13.645102654207284,0.440266389986484,50.4807707558539,-6575.352166048999
9.043731798729686,13.645102654207284,0.440266389986484,50.4807707558539,-6575.352166048999
9.043731798729686,13.645102654207284,0.440266389986484,50.4807707558539,-6575.352166048999
9.619499840630438,13.598524005464053,0.48623804896706924,50.21570275050948,-6574.942477592995
9.619499840630438,13.598524005464053,0.48623804896706924,50.21570275050948,-6574.942477592995
9.619499840630438,13.598524005464053,0.48623804896706924,50.21570275050948,-6574.942477592995
9.619499840630438,13.598524005464053,0.48623804896706924,50.21570275050948,-6574.942477592995
9.619499840630438,13.598524005464053,0.48623804896706924,50.21570275050948,-6574.942477592995
9.619499840630438,13.598524005464053,0.48623804896706924,50.21570275050948,-6574.942477592995
9.619499840630438,13.598524005464053,0.48623804896706924,50.21570275050948,-6574.942477592995
9.619499840630438,13.598524005464053,0.48623804896706924,50.21570275050948,-6574.942477592995
9.23782512944505,13.76062270036072,0.5379763045090199,50.77633592930153,-6574.36646005038
9.23782512944505,13.76062270036072,0.5379763045090199,50.77633592930153,-6574.36646005038
9.23782512944505,13.76062270036072,0.5379763045090199,50.77633592930153,-6574.36646005038
8.766155363979117,12.094395685653687,0.7349483722282352,50.40871511437195,-6572.008529626559
8.766155363979117,12.094395685653687,0.7349483722282352,50.40871511437195,-6572.008529626559
8.766155363979117,12.094395685653687,0.7349483722282352,50.40871511437195,-6572.008529626559
8.766155363979117,12.094395685653687,0.7349483722282352,50.40871511437195,-6572.008529626559
8.766155363979117,12.094395685653687,0.7349483722282352,50.40871511437195,-6572.008529626559
8.766155363979117,12.094395685653687,0.7349483722282352,50.40871511437195,-6572.008529626559
9.138158272924015,10.446906200757319,0.967069739729846,49.7574408201433,-6573.052456326923
9.138158272924015,10.446906200757319,0.967069739729846,49.7574408201433,-6573.052456326923
9.138158272924015,10.446906200757319,0.967069739729846,49.7574408201433,-6573.052456326923
9.892952613652044,10.157147613536003,0.8298145081751107,50.33233721170695,-6571.610109272737
9.892952613652044,10.157147613536003,0.8298145081751107,50.33233721170695,-6571.610109272737
9.892952613652044,10.157147613536003,0.8298145081751107,50.33233721170695,-6571.610109272737
9.892952613652044,10.157147613536003,0.8298145081751107,50.33233721170695,-6571.610109272737
9.594823935505737,10.309774678427356,0.709138258073691,50.28232217264687,-6570.57616670608
9.594823935505737,10.309774678427356,0.709138258073691,50.28232217264687,-6570.57616670608
10.037871927812759,10.490003541330642,0.5143910996459721,50.60603982920065,-6572.340018206833
10.037871927812759,10.490003541330642,0.5143910996459721,50.60603982920065,-6572.340018206833
9.782973500926706,10.609528431299422,0.6452835222299267,51.124815869737695,-6571.686583709548
9.782973500926706,10.609528431299422,0.6452835222299267,51.124815869737695,-6571.686583709548
9.782973500926706,10.609528431299422,0.6452835222299267,51.124815869737695,-6571.686583709548
9.782973500926706,10.609528431299422,0.6452835222299267,51.124815869737695,-6571.686583709548
9.507518095474323,9.467033604434544,0.8607545289850499,51.45729082168468,-6572.76375393127
10.220919171187889,8.535041958244197,0.9252457146176053,51.194589187440826,-6572.572126572532
10.220919171187889,8.535041958244197,0.9252457146176053,51.194589187440826,-6572.572126572532
9.964823108548869,7.415276386539864,0.9521095713085215,51.20230042789813,-6572.275493153556
9.964823108548869,7.415276386539864,0.9521095713085215,51.20230042789813,-6572.275493153556
9.964823108548869,7.415276386539864,0.9521095713085215,51.20230042789813,-6572.275493153556
9.964823108548869,7.415276386539864,0.9521095713085215,51.20230042789813,-6572.275493153556
9.964823108548869,7.415276386539864,0.9521095713085215,51.20230042789813,-6572.275493153556
9.964823108548869,7.415276386539864,0.9521095713085215,51.20230042789813,-6572.275493153556
9.964823108548869,7.415276386539864,0.9521095713085215,51.20230042789813,-6572.275493153556
9.870038457380133,8.685012889059955,0.8553372993527677,51.32616312369779,-6571.948639077564
9.870038457380133,8.685012889059955,0.8553372993527677,51.32616312369779,-6571.948639077564
9.870038457380133,8.685012889059955,0.8553372993527677,51.32616312369779,-6571.948639077564
9.32370093209475,10.501750361558937,0.8083544136677145,49.699016605178684,-6571.58478099813
9.32370093209475,10.501750361558937,0.8083544136677145,49.699016605178684,-6571.58478099813
9.32370093209475,10.501750361558937,0.8083544136677145,49.699016605178684,-6571.58478099813
9.32370093209475,10.501750361558937,0.8083544136677145,49.699016605178684,-6571.58478099813
9.32370093209475,10.501750361558937,0.8083544136677145,49.699016605178684,-6571.58478099813
9.31907193542522,10.199239310610572,0.7821280089845049,49.30077357330664,-6572.3310959102855
9.31907193542522,10.199239310610572,0.7821280089845049,49.30077357330664,-6572.3310959102855
9.31907193542522,10.199239310610572,0.7821280089845049,49.30077357330664,-6572.3310959102855
9.31907193542522,10.199239310610572,0.7821280089845049,49.30077357330664,-6572.3310959102855
9.31907193542522,10.199239310610572,0.7821280089845049,49.30077357330664,-6572.3310959102855
9.31907193542522,10.199239310610572,0.7821280089845049,49.30077357330664,-6572.3310959102855
9.31907193542522,10.199239310610572,0.7821280089845049,49.30077357330664,-6572.3310959102855
9.40899575632045,11.566453204760398,0.6133909550541228,49.66416174144879,-6572.3731595213085
9.40899575632045,11.566453204760398,0.6133909550541228,49.66416174144879,-6572.3731595213085
9.40899575632045,11.566453204760398,0.6133909550541228,49.66416174144879,-6572.3731595213085
8.837131502606926,11.568882835879522,0.5920685623705348,49.12072364467348,-6575.3322985680925
8.837131502606926,11.568882835879522,0.5920685623705348,49.12072364467348,-6575.3322985680925
8.837131502606926,11.568882835879522,0.5920685623705348,49.12072364467348,-6575.3322985680925
8.837131502606926,11.568882835879522,0.5920685623705348,49.12072364467348,-6575.3322985680925
10.028822026648225,10.60561361329868,0.5595080793680491,49.201905230272914,-6574.036090738066
10.028822026648225,10.60561361329868,0.5595080793680491,49.201905230272914,-6574.036090738066
10.028822026648225,10.60561361329868,0.5595080793680491,49.201905230272914,-6574.036090738066
10.163180472713497,10.493894745230012,0.5433878771500146,49.17430860314528,-6574.411875038315
10.163180472713497,10.493894745230012,0.5433878771500146,49.17430860314528,-6574.411875038315
10.163180472713497,10.493894745230012,0.5433878771500146,49.17430860314528,-6574.411875038315
9.427962007048295,11.710526426754054,0.6802272206833675,49.04608578000419,-6574.279442602763
8.569450056848412,12.095284370082371,0.825191513842529,49.190798512358825,-6574.448661425746
8.569450056848412,12.095284370082371,0.825191513842529,49.190798512358825,-6574.448661425746
8.569450056848412,12.095284370082371,0.825191513842529,49.190798512358825,-6574.448661425746
8.569450056848412,12.095284370082371,0.825191513842529,49.190798512358825,-6574.448661425746
9.505748232522258,10.223931831346064,0.8005918419235493,49.3369830273821,-6572.298054744071
9.505748232522258,10.223931831346064,0.8005918419235493,49.3369830273821,-6572.298054744071
9.505748232522258,10.223931831346064,0.8005918419235493,49.3369830273821,-6572.298054744071
8.773371479283167,11.506885189339366,0.7860442841358612,49.52320435424426,-6572.68876882368
8.773371479283167,11.506885189339366,0.7860442841358612,49.52320435424426,-6572.68876882368
8.773371479283167,11.506885189339366,0.7860442841358612,49.52320435424426,-6572.68876882368
8.773371479283167,11.506885189339366,0.7860442841358612,49.52320435424426,-6572.68876882368
8.773371479283167,11.506885189339366,0.7860442841358612,49.52320435424426,-6572.68876882368
8.887390875792454,8.528873999468555,0.9523490809904965,50.0046564254253,-6572.857344826656
8.887390875792454,8.528873999468555,0.9523490809904965,50.0046564254253,-6572.857344826656
8.887390875792454,8.528873999468555,0.9523490809904965,50.0046564254253,-6572.857344826656
8.887390875792454,8.528873999468555,0.9523490809904965,50.0046564254253,-6572.857344826656
8.887390875792454,8.528873999468555,0.9523490809904965,50.0046564254253,-6572.857344826656
8.991530838094455,9.435765240880404,0.8343195520001401,49.61702987877654,-6572.213634551398
8.991530838094455,9.435765240880404,0.8343195520001401,49.61702987877654,-6572.213634551398
8.991530838094455,9.435765240880404,0.8343195520001401,49.61702987877654,-6572.213634551398
8.991530838094455,9.435765240880404,0.8343195520001401,49.61702987877654,-6572.213634551398
8.991530838094455,9.435765240880404,0.8343195520001401,49.61702987877654,-6572.213634551398
9.992740260420128,7.103012926438079,0.7623798346244448,49.975097766872224,-6572.113422786271
9.992740260420128,7.103012926438079,0.7623798346244448,49.975097766872224,-6572.113422786271
9.992740260420128,7.103012926438079,0.7623798346244448,49.975097766872224,-6572.113422786271
10.55089638148373,7.765549263492463,0.7923286127988552,49.72133853183127,-6570.9473314123425
10.55089638148373,7.765549263492463,0.7923286127988552,49.72133853183127,-6570.9473314123425
10.713915735944347,6.413842625480928,0.7278907012313703,49.934469091860684,-6571.910385082469
10.713915735944347,6.413842625480928,0.7278907012313703,49.934469091860684,-6571.910385082469
11.131880764471338,6.777364287945656,0.9152749455744601,49.69120949002556,-6572.529667287647
11.131880764471338,6.777364287945656,0.9152749455744601,49.69120949002556,-6572.529667287647
11.131880764471338,6.777364287945656,0.9152749455744601,49.69120949002556,-6572.529667287647
11.245566880497305,8.149532240084211,0.6410473527321541,50.39378765382958,-6571.418995905171
11.245566880497305,8.149532240084211,0.6410473527321541,50.39378765382958,-6571.418995905171
11.245566880497305,8.149532240084211,0.6410473527321541,50.39378765382958,-6571.418995905171
10.590724247933212,8.478404865819183,0.6382500573842528,50.297968927829466,-6570.734204047328
10.54442666645625,7.978210390765632,0.7235474809545479,51.37621070223013,-6571.6869356821335
10.54442666645625,7.978210390765632,0.7235474809545479,51.37621070223013,-6571.6869356821335
10.54442666645625,7.978210390765632,0.7235474809545479,51.37621070223013,-6571.6869356821335
9.503229442390431,11.017159293616608,0.7467993643644848,50.660615967308104,-6571.3760693481445
9.417072924994484,11.167019566240912,0.756913569083866,50.6066509856623,-6571.485593401564
9.811902429048624,9.014712762022878,0.8770261229266083,50.99748896907017,-6571.428820001388
9.811902429048624,9.014712762022878,0.8770261229266083,50.99748896907017,-6571.428820001388
10.865901154981858,7.7554058864793145,0.7852055071602265,50.53817227276404,-6570.699177094179
10.865901154981858,7.7554058864793145,0.7852055071602265,50.53817227276404,-6570.699177094179
10.180491617210455,7.6215290796751285,0.8192901845740571,50.33269962693488,-6570.3430516484
10.180491617210455,7.6215290796751285,0.8192901845740571,50.33269962693488,-6570.3430516484
10.180491617210455,7.6215290796751285,0.8192901845740571,50.33269962693488,-6570.3430516484
10.180491617210455,7.6215290796751285,0.8192901845740571,50.33269962693488,-6570.3430516484
10.180491617210455,7.6215290796751285,0.8192901845740571,50.33269962693488,-6570.3430516484
9.895975907333211,8.11298317356648,1.0986459865606575,50.465668269247935,-6573.305082557281
9.895975907333211,8.11298317356648,1.0986459865606575,50.465668269247935,-6573.305082557281
9.895975907333211,8.11298317356648,1.0986459865606575,50.465668269247935,-6573.305082557281
9.895975907333211,8.11298317356648,1.0986459865606575,50.465668269247935,-6573.305082557281
9.895975907333211,8.11298317356648,1.0986459865606575,50.465668269247935,-6573.305082557281
9.99072250137993,7.602249701172408,0.8371083255160673,50.02369086348176,-6570.744220087829
9.99072250137993,7.602249701172408,0.8371083255160673,50.02369086348176,-6570.744220087829
9.99072250137993,7.602249701172408,0.8371083255160673,50.02369086348176,-6570.744220087829
9.99072250137993,7.602249701172408,0.8371083255160673,50.02369086348176,-6570.744220087829
9.322769570281212,10.910768645591578,0.7881343728710173,50.154373162619045,-6571.275022424025
9.01666329549224,9.323327758416298,0.789179185360834,50.49519859947598,-6571.7244600631075
9.01666329549224,9.323327758416298,0.789179185360834,50.49519859947598,-6571.7244600631075
9.01666329549224,9.323327758416298,0.789179185360834,50.49519859947598,-6571.7244600631075
9.248433678799739,12.96682746063561,0.49526553665956186,50.51064315340062,-6573.716516436262
9.248433678799739,12.96682746063561,0.49526553665956186,50.51064315340062,-6573.716516436262
9.838836377973866,8.09426738885593,0.6378292944171053,50.47272572719816,-6572.782229107681
9.838836377973866,8.09426738885593,0.6378292944171053,50.47272572719816,-6572.782229107681
9.838836377973866,8.09426738885593,0.6378292944171053,50.47272572719816,-6572.782229107681
9.838836377973866,8.09426738885593,0.6378292944171053,50.47272572719816,-6572.782229107681
11.180508973954362,5.938720684239886,0.6515340905023284,50.687304960364166,-6572.8947534740155
12.095691932824248,6.161854578367934,0.6816985965931067,50.742325139530514,-6572.596990193021
12.095691932824248,6.161854578367934,0.6816985965931067,50.742325139530514,-6572.596990193021
12.095691932824248,6.161854578367934,0.6816985965931067,50.742325139530514,-6572.596990193021
12.095691932824248,6.161854578367934,0.6816985965931067,50.742325139530514,-6572.596990193021
10.988451342968164,6.2493618382354965,0.6193139939002147,50.322269435501724,-6573.486935025227
10.78735610326367,7.9144807735290765,0.8292630124318517,51.068517557041446,-6571.645533863012
10.78735610326367,7.9144807735290765,0.8292630124318517,51.068517557041446,-6571.645533863012
9.580228039179964,8.874415568410013,0.7922554966413151,50.70401630801323,-6570.698394021851
10.522771568498197,9.04605661673146,0.654380133927347,50.529033054416644,-6570.62888723172
10.522771568498197,9.04605661673146,0.654380133927347,50.529033054416644,-6570.62888723172
10.522771568498197,9.04605661673146,0.654380133927347,50.529033054416644,-6570.62888723172
10.522771568498197,9.04605661673146,0.654380133927347,50.529033054416644,-6570.62888723172
9.574261014880511,8.67956849516171,0.9091130046581106,51.43994402740775,-6572.859949544403
9.224641401876978,8.440772127257382,0.8229466222112668,51.338836818269264,-6573.55934941118
9.224641401876978,8.440772127257382,0.8229466222112668,51.338836818269264,-6573.55934941118
9.224641401876978,8.440772127257382,0.8229466222112668,51.338836818269264,-6573.55934941118
9.942455774215547,8.483871933259866,0.9393557470314959,51.25490526797566,-6572.488792056425
9.942455774215547,8.483871933259866,0.9393557470314959,51.25490526797566,-6572.488792056425
11.296906981087679,6.426423269761612,0.9387421697778835,51.36847636487107,-6573.656662850384
9.673487535691093,9.76775866141746,0.8617950709635982,51.515756659407856,-6573.219602637648
9.673487535691093,9.76775866141746,0.8617950709635982,51.515756659407856,-6573.219602637648
8.978385794486117,11.596598779850428,0.7867613254206349,51.01763297086395,-6572.544156309605
8.978385794486117,11.596598779850428,0.7867613254206349,51.01763297086395,-6572.544156309605
9.258363764003661,8.282174381371927,0.8882060746418313,50.66963372644852,-6571.860194155684
8.770022534764987,8.429881997339416,0.8845602220573764,50.969117751258146,-6574.489542664323
8.770022534764987,8.429881997339416,0.8845602220573764,50.969117751258146,-6574.489542664323
8.770022534764987,8.429881997339416,0.8845602220573764,50.969117751258146,-6574.489542664323
8.770022534764987,8.429881997339416,0.8845602220573764,50.969117751258146,-6574.489542664323
8.734720873713773,10.082114541456939,1.080594947457433,50.703365836066936,-6574.285867432109
8.734720873713773,10.082114541456939,1.080594947457433,50.703365836066936,-6574.285867432109
8.734720873713773,10.082114541456939,1.080594947457433,50.703365836066936,-6574.285867432109
8.734720873713773,10.082114541456939,1.080594947457433,50.703365836066936,-6574.285867432109
8.734720873713773,10.082114541456939,1.080594947457433,50.703365836066936,-6574.285867432109
8.734720873713773,10.082114541456939,1.080594947457433,50.703365836066936,-6574.285867432109
8.734720873713773,10.082114541456939,1.080594947457433,50.703365836066936,-6574.285867432109
8.734720873713773,10.082114541456939,1.080594947457433,50.703365836066936,-6574.285867432109
8.734720873713773,10.082114541456939,1.080594947457433,50.703365836066936,-6574.285867432109
8.618768469673903,11.065825349984863,0.9695305566401696,49.8116699286268,-6573.4940341761
8.618768469673903,11.065825349984863,0.9695305566401696,49.8116699286268,-6573.4940341761
8.618768469673903,11.065825349984863,0.9695305566401696,49.8116699286268,-6573.4940341761
8.618768469673903,11.065825349984863,0.9695305566401696,49.8116699286268,-6573.4940341761
8.759126117374327,12.259072826377542,0.8275292681511018,50.213178534600225,-6572.882415493266
8.536224350038093,12.826977851400969,0.7035272926705665,50.03096072482076,-6572.8327862048045
8.536224350038093,12.826977851400969,0.7035272926705665,50.03096072482076,-6572.8327862048045
8.536224350038093,12.826977851400969,0.7035272926705665,50.03096072482076,-6572.8327862048045
8.536224350038093,12.826977851400969,0.7035272926705665,50.03096072482076,-6572.8327862048045
8.920438024240955,14.063574377134461,0.5666716853836493,50.40116915587858,-6574.235618748463
9.503947560933634,12.377190575460995,0.4591290706705764,49.86347237448386,-6574.638499519571
9.38286891579332,12.147996827426123,0.5425384217342117,50.073238778899785,-6572.714058255717
9.38286891579332,12.147996827426123,0.5425384217342117,50.073238778899785,-6572.714058255717
9.38286891579332,12.147996827426123,0.5425384217342117,50.073238778899785,-6572.714058255717
9.38286891579332,12.147996827426123,0.5425384217342117,50.073238778899785,-6572.714058255717
8.795214290930325,12.65425128288644,0.6169602234609619,50.60769171271425,-6572.634626594793
8.795214290930325,12.65425128288644,0.6169602234609619,50.60769171271425,-6572.634626594793
8.795214290930325,12.65425128288644,0.6169602234609619,50.60769171271425,-6572.634626594793
8.795214290930325,12.65425128288644,0.6169602234609619,50.60769171271425,-6572.634626594793
8.795214290930325,12.65425128288644,0.6169602234609619,50.60769171271425,-6572.634626594793
8.795214290930325,12.65425128288644,0.6169602234609619,50.60769171271425,-6572.634626594793
8.795214290930325,12.65425128288644,0.6169602234609619,50.60769171271425,-6572.634626594793
8.795214290930325,12.65425128288644,0.6169602234609619,50.60769171271425,-6572.634626594793
7.882451344153185,12.580383018237393,0.6130494342250866,50.549538349255485,-6576.105855325344
7.882451344153185,12.580383018237393,0.6130494342250866,50.549538349255485,-6576.105855325344
8.430733943059229,11.43910963119645,0.6492875678840658,51.543916690023565,-6576.091729870817
8.430733943059229,11.43910963119645,0.6492875678840658,51.543916690023565,-6576.091729870817
8.369501175846274,11.9562869749002,0.6358831297607853,51.00736709483225,-6574.341065914658
8.369501175846274,11.9562869749002,0.6358831297607853,51.00736709483225,-6574.341065914658
7.749918668550007,12.694479410001598,0.8321697630795927,51.22504676911753,-6576.211740466557
7.789069388780227,13.260493923251513,0.7538984833702482,50.158775115175736,-6574.552160672907
7.789069388780227,13.260493923251513,0.7538984833702482,50.158775115175736,-6574.552160672907
7.789069388780227,13.260493923251513,0.7538984833702482,50.158775115175736,-6574.552160672907
7.789069388780227,13.260493923251513,0.7538984833702482,50.158775115175736,-6574.552160672907
7.789069388780227,13.260493923251513,0.7538984833702482,50.158775115175736,-6574.552160672907
7.789069388780227,13.260493923251513,0.7538984833702482,50.158775115175736,-6574.552160672907
7.789069388780227,13.260493923251513,0.7538984833702482,50.158775115175736,-6574.552160672907
7.789069388780227,13.260493923251513,0.7538984833702482,50.158775115175736,-6574.552160672907
7.789069388780227,13.260493923251513,0.7538984833702482,50.158775115175736,-6574.552160672907
7.981161041225732,13.535468734875565,0.7155562495133896,49.3379509851115,-6575.5756820052275
7.981161041225732,13.535468734875565,0.7155562495133896,49.3379509851115,-6575.5756820052275
7.981161041225732,13.535468734875565,0.7155562495133896,49.3379509851115,-6575.5756820052275
7.981161041225732,13.535468734875565,0.7155562495133896,49.3379509851115,-6575.5756820052275
7.981161041225732,13.535468734875565,0.7155562495133896,49.3379509851115,-6575.5756820052275
7.981161041225732,13.535468734875565,0.7155562495133896,49.3379509851115,-6575.5756820052275
7.981161041225732,13.535468734875565,0.7155562495133896,49.3379509851115,-6575.5756820052275
7.981161041225732,13.535468734875565,0.7155562495133896,49.3379509851115,-6575.5756820052275
7.981161041225732,13.535468734875565,0.7155562495133896,49.3379509851115,-6575.5756820052275
7.981161041225732,13.535468734875565,0.7155562495133896,49.3379509851115,-6575.5756820052275
8.92634225706999,12.780798037035776,0.7791303634753627,49.41971564336591,-6574.534939785238
8.92634225706999,12.780798037035776,0.7791303634753627,49.41971564336591,-6574.534939785238
8.92634225706999,12.780798037035776,0.7791303634753627,49.41971564336591,-6574.534939785238
8.92634225706999,12.780798037035776,0.7791303634753627,49.41971564336591,-6574.534939785238
8.92634225706999,12.780798037035776,0.7791303634753627,49.41971564336591,-6574.534939785238
8.92634225706999,12.780798037035776,0.7791303634753627,49.41971564336591,-6574.534939785238
8.92634225706999,12.780798037035776,0.7791303634753627,49.41971564336591,-6574.534939785238
8.92634225706999,12.780798037035776,0.7791303634753627,49.41971564336591,-6574.534939785238
8.92634225706999,12.780798037035776,0.7791303634753627,49.41971564336591,-6574.534939785238
8.92634225706999,12.780798037035776,0.7791303634753627,49.41971564336591,-6574.534939785238
8.92634225706999,12.780798037035776,0.7791303634753627,49.41971564336591,-6574.534939785238
9.474846831007083,10.975373198201805,0.7223540586405812,49.30665505067016,-6572.693629111224
9.512718256374168,11.449443543941793,0.7401274202568879,49.476981366970556,-6572.908236525387
9.072885651088274,11.277138122863473,0.5554052927318676,49.71876187897412,-6573.695212303489
8.942101249040103,10.4684594003512,0.6194861768471372,49.868436866055056,-6573.281328417354
8.942101249040103,10.4684594003512,0.6194861768471372,49.868436866055056,-6573.281328417354
8.083522783252892,11.721942578449646,0.8453673761291591,50.218929562572505,-6573.475363329149
8.083522783252892,11.721942578449646,0.8453673761291591,50.218929562572505,-6573.475363329149
8.083522783252892,11.721942578449646,0.8453673761291591,50.218929562572505,-6573.475363329149
8.083522783252892,11.721942578449646,0.8453673761291591,50.218929562572505,-6573.475363329149
8.083522783252892,11.721942578449646,0.8453673761291591,50.218929562572505,-6573.475363329149
8.083522783252892,11.721942578449646,0.8453673761291591,50.218929562572505,-6573.475363329149
7.944552174855506,13.923425014984678,0.9024144320921613,50.61591619126128,-6576.331265448225
7.944552174855506,13.923425014984678,0.9024144320921613,50.61591619126128,-6576.331265448225
8.150672819441992,10.040058280460617,0.9624248941700566,49.96765814574619,-6574.517686089248
8.150672819441992,10.040058280460617,0.9624248941700566,49.96765814574619,-6574.517686089248
8.695768226365821,9.388001577269058,0.9283120571852294,50.06459795625287,-6572.603453382192
8.695768226365821,9.388001577269058,0.9283120571852294,50.06459795625287,-6572.603453382192
8.695768226365821,9.388001577269058,0.9283120571852294,50.06459795625287,-6572.603453382192
9.24273625328178,10.32921600558283,0.870512485017227,50.18066174071844,-6571.38466319886
9.476075766659624,8.608232986502475,0.8336848081790312,50.96290585722521,-6571.446141759638
9.476075766659624,8.608232986502475,0.8336848081790312,50.96290585722521,-6571.446141759638
9.476075766659624,8.608232986502475,0.8336848081790312,50.96290585722521,-6571.446141759638
9.476075766659624,8.608232986502475,0.8336848081790312,50.96290585722521,-6571.446141759638
9.476075766659624,8.608232986502475,0.8336848081790312,50.96290585722521,-6571.446141759638
9.476075766659624,8.608232986502475,0.8336848081790312,50.96290585722521,-6571.446141759638
9.476075766659624,8.608232986502475,0.8336848081790312,50.96290585722521,-6571.446141759638
9.476075766659624,8.608232986502475,0.8336848081790312,50.96290585722521,-6571.446141759638
10.171427940027339,9.971983291087186,0.6110043638329898,50.80675280533123,-6571.13417481727
10.171427940027339,9.971983291087186,0.6110043638329898,50.80675280533123,-6571.13417481727
9.960894240467043,11.021016240623169,0.6793024561705874,50.27942425397321,-6571.633817359863
9.960894240467043,11.021016240623169,0.6793024561705874,50.27942425397321,-6571.633817359863
9.960894240467043,11.021016240623169,0.6793024561705874,50.27942425397321,-6571.633817359863
9.960894240467043,11.021016240623169,0.6793024561705874,50.27942425397321,-6571.633817359863
9.960894240467043,11.021016240623169,0.6793024561705874,50.27942425397321,-6571.633817359863
9.504451557726346,11.708565951356602,0.6718890209872339,50.0333919644994,-6571.871063998273
9.504451557726346,11.708565951356602,0.6718890209872339,50.0333919644994,-6571.871063998273
9.504451557726346,11.708565951356602,0.6718890209872339,50.0333919644994,-6571.871063998273
8.809964095750919,10.756019332522692,0.7919205033885895,50.02115935225495,-6571.583796797293
8.809964095750919,10.756019332522692,0.7919205033885895,50.02115935225495,-6571.583796797293
8.809964095750919,10.756019332522692,0.7919205033885895,50.02115935225495,-6571.583796797293
8.809964095750919,10.756019332522692,0.7919205033885895,50.02115935225495,-6571.583796797293
8.809964095750919,10.756019332522692,0.7919205033885895,50.02115935225495,-6571.583796797293
8.809964095750919,10.756019332522692,0.7919205033885895,50.02115935225495,-6571.583796797293
8.809964095750919,10.756019332522692,0.7919205033885895,50.02115935225495,-6571.583796797293
8.809964095750919,10.756019332522692,0.7919205033885895,50.02115935225495,-6571.583796797293
8.809964095750919,10.756019332522692,0.7919205033885895,50.02115935225495,-6571.583796797293
8.680618599147214,9.99891554588739,0.8077683447787503,49.57140898410923,-6573.026809484454
8.680618599147214,9.99891554588739,0.8077683447787503,49.57140898410923,-6573.026809484454
8.680618599147214,9.99891554588739,0.8077683447787503,49.57140898410923,-6573.026809484454
8.680618599147214,9.99891554588739,0.8077683447787503,49.57140898410923,-6573.026809484454
8.382553688374479,10.878837571452518,0.9255759964181947,50.37379054342288,-6572.994044377721
8.875269564454989,9.603903236877752,0.8668781195476586,50.17065902217383,-6571.704733656297
9.68595384313049,9.952251076531654,0.6571333986084995,50.32759578553006,-6570.678738559089
9.68595384313049,9.952251076531654,0.6571333986084995,50.32759578553006,-6570.678738559089
9.68595384313049,9.952251076531654,0.6571333986084995,50.32759578553006,-6570.678738559089
9.68595384313049,9.952251076531654,0.6571333986084995,50.32759578553006,-6570.678738559089
9.68595384313049,9.952251076531654,0.6571333986084995,50.32759578553006,-6570.678738559089
9.68595384313049,9.952251076531654,0.6571333986084995,50.32759578553006,-6570.678738559089
9.68595384313049,9.952251076531654,0.6571333986084995,50.32759578553006,-6570.678738559089
9.68595384313049,9.952251076531654,0.6571333986084995,50.32759578553006,-6570.678738559089
9.68595384313049,9.952251076531654,0.6571333986084995,50.32759578553006,-6570.678738559089
9.68595384313049,9.952251076531654,0.6571333986084995,50.32759578553006,-6570.678738559089
9.3592417764237,10.196921370104885,0.6007328190865832,50.213541299152396,-6572.050032879275
9.3592417764237,10.196921370104885,0.6007328190865832,50.213541299152396,-6572.050032879275
8.65651311853825,11.856413971903086,0.7673919386813127,51.18067090864174,-6573.25091201581
8.65651311853825,11.856413971903086,0.7673919386813127,51.18067090864174,-6573.25091201581
9.851686138889724,11.744320477620484,0.5174355810623026,50.81477764603157,-6572.797962630118
9.330258113922666,12.356472313036267,0.5709915543191484,50.931315427853946,-6572.804180493546
9.330258113922666,12.356472313036267,0.5709915543191484,50.931315427853946,-6572.804180493546
9.330258113922666,12.356472313036267,0.5709915543191484,50.931315427853946,-6572.804180493546
9.330258113922666,12.356472313036267,0.5709915543191484,50.931315427853946,-6572.804180493546
9.330258113922666,12.356472313036267,0.5709915543191484,50.931315427853946,-6572.804180493546
9.330258113922666,12.356472313036267,0.5709915543191484,50.931315427853946,-6572.804180493546
9.206290683789806,12.912829718602486,0.7211699102241228,50.61960464823376,-6573.612912512186
9.206290683789806,12.912829718602486,0.7211699102241228,50.61960464823376,-6573.612912512186
8.386935261495235,9.94836185858287,0.9354795560238656,50.88764163882969,-6573.972917351024
8.386935261495235,9.94836185858287,0.9354795560238656,50.88764163882969,-6573.972917351024
8.386935261495235,9.94836185858287,0.9354795560238656,50.88764163882969,-6573.972917351024
8.386935261495235,9.94836185858287,0.9354795560238656,50.88764163882969,-6573.972917351024
8.386935261495235,9.94836185858287,0.9354795560238656,50.88764163882969,-6573.972917351024
8.386935261495235,9.94836185858287,0.9354795560238656,50.88764163882969,-6573.972917351024
8.386935261495235,9.94836185858287,0.9354795560238656,50.88764163882969,-6573.972917351024
10.651845313366833,7.586379390669627,0.8153788798220274,50.716883352253355,-6570.583967447508
10.651845313366833,7.586379390669627,0.8153788798220274,50.716883352253355,-6570.583967447508
11.130430520077258,6.297821204499946,0.7858109649340665,49.798534175876135,-6571.48532650986
11.130430520077258,6.297821204499946,0.7858109649340665,49.798534175876135,-6571.48532650986
11.130430520077258,6.297821204499946,0.7858109649340665,49.798534175876135,-6571.48532650986
11.130430520077258,6.297821204499946,0.7858109649340665,49.798534175876135,-6571.48532650986
11.130430520077258,6.297821204499946,0.7858109649340665,49.798534175876135,-6571.48532650986
11.130430520077258,6.297821204499946,0.7858109649340665,49.798534175876135,-6571.48532650986
11.130430520077258,6.297821204499946,0.7858109649340665,49.798534175876135,-6571.48532650986
11.130430520077258,6.297821204499946,0.7858109649340665,49.798534175876135,-6571.48532650986
11.130430520077258,6.297821204499946,0.7858109649340665,49.798534175876135,-6571.48532650986
10.266942665814643,8.684197365879985,0.7660878741240816,49.989837902023176,-6570.4500248997065
10.266942665814643,8.684197365879985,0.7660878741240816,49.989837902023176,-6570.4500248997065
10.266942665814643,8.684197365879985,0.7660878741240816,49.989837902023176,-6570.4500248997065
10.266942665814643,8.684197365879985,0.7660878741240816,49.989837902023176,-6570.4500248997065
10.266942665814643,8.684197365879985,0.7660878741240816,49.989837902023176,-6570.4500248997065
10.4153080619327,7.63967785915863,0.76229252880724,50.5885241252606,-6570.326895482046
10.4153080619327,7.63967785915863,0.76229252880724,50.5885241252606,-6570.326895482046
11.507808939256211,6.192953215821767,0.6345931465206341,50.044883386674066,-6572.619992441567
11.507808939256211,6.192953215821767,0.6345931465206341,50.044883386674066,-6572.619992441567
11.507808939256211,6.192953215821767,0.6345931465206341,50.044883386674066,-6572.619992441567
11.507808939256211,6.192953215821767,0.6345931465206341,50.044883386674066,-6572.619992441567
11.507808939256211,6.192953215821767,0.6345931465206341,50.044883386674066,-6572.619992441567
11.507808939256211,6.192953215821767,0.6345931465206341,50.044883386674066,-6572.619992441567
11.390376433352138,7.71500288856319,0.9147312811285653,50.798126847234435,-6574.511433602933
11.390376433352138,7.71500288856319,0.9147312811285653,50.798126847234435,-6574.511433602933
11.390376433352138,7.71500288856319,0.9147312811285653,50.798126847234435,-6574.511433602933
10.915902451877198,7.354954045300383,0.9972344764267782,50.96251513907246,-6573.6841454774585
11.797236836595605,5.446970457377898,0.7335206095744509,51.23797577205062,-6572.833103272234
10.468222890604109,6.616570032796281,0.9323693300321104,50.84997355926548,-6571.402791328184
10.468222890604109,6.616570032796281,0.9323693300321104,50.84997355926548,-6571.402791328184
10.468222890604109,6.616570032796281,0.9323693300321104,50.84997355926548,-6571.402791328184
10.468222890604109,6.616570032796281,0.9323693300321104,50.84997355926548,-6571.402791328184
10.468222890604109,6.616570032796281,0.9323693300321104,50.84997355926548,-6571.402791328184
10.468222890604109,6.616570032796281,0.9323693300321104,50.84997355926548,-6571.402791328184
10.468222890604109,6.616570032796281,0.9323693300321104,50.84997355926548,-6571.402791328184
10.468222890604109,6.616570032796281,0.9323693300321104,50.84997355926548,-6571.402791328184
9.643355168163923,7.705628531995904,1.0767138748154377,50.5747848427273,-6572.628170417647
9.643355168163923,7.705628531995904,1.0767138748154377,50.5747848427273,-6572.628170417647
9.643355168163923,7.705628531995904,1.0767138748154377,50.5747848427273,-6572.628170417647
9.643355168163923,7.705628531995904,1.0767138748154377,50.5747848427273,-6572.628170417647
8.863125940634903,8.94456555446692,0.9398182964102708,50.973205946952426,-6573.14666775718
8.863125940634903,8.94456555446692,0.9398182964102708,50.973205946952426,-6573.14666775718
8.863125940634903,8.94456555446692,0.9398182964102708,50.973205946952426,-6573.14666775718
8.863125940634903,8.94456555446692,0.9398182964102708,50.973205946952426,-6573.14666775718
8.863125940634903,8.94456555446692,0.9398182964102708,50.973205946952426,-6573.14666775718
8.863125940634903,8.94456555446692,0.9398182964102708,50.973205946952426,-6573.14666775718
8.863125940634903,8.94456555446692,0.9398182964102708,50.973205946952426,-6573.14666775718
8.863125940634903,8.94456555446692,0.9398182964102708,50.973205946952426,-6573.14666775718
8.863125940634903,8.94456555446692,0.9398182964102708,50.973205946952426,-6573.14666775718
8.863125940634903,8.94456555446692,0.9398182964102708,50.973205946952426,-6573.14666775718
8.471570494783476,10.757282228816045,0.7432707642438472,50.872173967689136,-6573.345307960002
8.471570494783476,10.757282228816045,0.7432707642438472,50.872173967689136,-6573.345307960002
8.471570494783476,10.757282228816045,0.7432707642438472,50.872173967689136,-6573.345307960002
8.471570494783476,10.757282228816045,0.7432707642438472,50.872173967689136,-6573.345307960002
8.471570494783476,10.757282228816045,0.7432707642438472,50.872173967689136,-6573.345307960002
8.471570494783476,10.757282228816045,0.7432707642438472,50.872173967689136,-6573.345307960002
8.471570494783476,10.757282228816045,0.7432707642438472,50.872173967689136,-6573.345307960002
8.471570494783476,10.757282228816045,0.7432707642438472,50.872173967689136,-6573.345307960002
9.025593165595781,10.895241579771819,0.727338610608687,51.09362544361036,-6572.09134121868
9.025593165595781,10.895241579771819,0.727338610608687,51.09362544361036,-6572.09134121868
9.025593165595781,10.895241579771819,0.727338610608687,51.09362544361036,-6572.09134121868
9.031330860941619,10.561885693462912,1.0215907128235646,51.1354225458752,-6574.755137599297
8.796455906065324,12.788431402019546,0.8639542760390093,50.87283482768673,-6574.864867203035
8.796455906065324,12.788431402019546,0.8639542760390093,50.87283482768673,-6574.864867203035
8.796455906065324,12.788431402019546,0.8639542760390093,50.87283482768673,-6574.864867203035
8.796455906065324,12.788431402019546,0.8639542760390093,50.87283482768673,-6574.864867203035
8.796455906065324,12.788431402019546,0.8639542760390093,50.87283482768673,-6574.864867203035
8.796455906065324,12.788431402019546,0.8639542760390093,50.87283482768673,-6574.864867203035
8.796455906065324,12.788431402019546,0.8639542760390093,50.87283482768673,-6574.864867203035
8.796455906065324,12.788431402019546,0.8639542760390093,50.87283482768673,-6574.864867203035
8.586350207678489,12.189844920848449,0.6765493620418486,50.86664301191658,-6572.823173540235
8.586350207678489,12.189844920848449,0.6765493620418486,50.86664301191658,-6572.823173540235
8.586350207678489,12.189844920848449,0.6765493620418486,50.86664301191658,-6572.823173540235
8.586350207678489,12.189844920848449,0.6765493620418486,50.86664301191658,-6572.823173540235
8.586350207678489,12.189844920848449,0.6765493620418486,50.86664301191658,-6572.823173540235
8.586350207678489,12.189844920848449,0.6765493620418486,50.86664301191658,-6572.823173540235
8.586350207678489,12.189844920848449,0.6765493620418486,50.86664301191658,-6572.823173540235
8.586350207678489,12.189844920848449,0.6765493620418486,50.86664301191658,-6572.823173540235
8.586350207678489,12.189844920848449,0.6765493620418486,50.86664301191658,-6572.823173540235
8.586350207678489,12.189844920848449,0.6765493620418486,50.86664301191658,-6572.823173540235
8.586350207678489,12.189844920848449,0.6765493620418486,50.86664301191658,-6572.823173540235
8.586350207678489,12.189844920848449,0.6765493620418486,50.86664301191658,-6572.823173540235
8.586350207678489,12.189844920848449,0.6765493620418486,50.86664301191658,-6572.823173540235
8.586350207678489,12.189844920848449,0.6765493620418486,50.86664301191658,-6572.823173540235
8.586350207678489,12.189844920848449,0.6765493620418486,50.86664301191658,-6572.823173540235
8.586350207678489,12.189844920848449,0.6765493620418486,50.86664301191658,-6572.823173540235
8.586350207678489,12.189844920848449,0.6765493620418486,50.86664301191658,-6572.823173540235
9.264825804745902,12.017094837774167,0.7230872423866831,50.89353867396244,-6572.520729866098
9.29184951778751,9.887808911945262,0.6567198490604288,50.43294087533973,-6571.539974089454
9.29184951778751,9.887808911945262,0.6567198490604288,50.43294087533973,-6571.539974089454
9.29184951778751,9.887808911945262,0.6567198490604288,50.43294087533973,-6571.539974089454
9.29184951778751,9.887808911945262,0.6567198490604288,50.43294087533973,-6571.539974089454
9.29184951778751,9.887808911945262,0.6567198490604288,50.43294087533973,-6571.539974089454
9.29184951778751,9.887808911945262,0.6567198490604288,50.43294087533973,-6571.539974089454
9.29184951778751,9.887808911945262,0.6567198490604288,50.43294087533973,-6571.539974089454
9.29184951778751,9.887808911945262,0.6567198490604288,50.43294087533973,-6571.539974089454
9.29184951778751,9.887808911945262,0.6567198490604288,50.43294087533973,-6571.539974089454
9.29184951778751,9.887808911945262,0.6567198490604288,50.43294087533973,-6571.539974089454
9.29184951778751,9.887808911945262,0.6567198490604288,50.43294087533973,-6571.539974089454
9.29184951778751,9.887808911945262,0.6567198490604288,50.43294087533973,-6571.539974089454
9.29184951778751,9.887808911945262,0.6567198490604288,50.43294087533973,-6571.539974089454
9.29184951778751,9.887808911945262,0.6567198490604288,50.43294087533973,-6571.539974089454
9.216809710482456,9.420930404155191,0.9272242895788976,50.619865748236876,-6571.560443578963
9.216809710482456,9.420930404155191,0.9272242895788976,50.619865748236876,-6571.560443578963
9.216809710482456,9.420930404155191,0.9272242895788976,50.619865748236876,-6571.560443578963
9.216809710482456,9.420930404155191,0.9272242895788976,50.619865748236876,-6571.560443578963
9.216809710482456,9.420930404155191,0.9272242895788976,50.619865748236876,-6571.560443578963
9.216809710482456,9.420930404155191,0.9272242895788976,50.619865748236876,-6571.560443578963
9.216809710482456,9.420930404155191,0.9272242895788976,50.619865748236876,-6571.560443578963
9.17490167204386,8.327314444775434,0.7545834508757419,50.71871366088884,-6573.360919044802
9.17490167204386,8.327314444775434,0.7545834508757419,50.71871366088884,-6573.360919044802
8.687363607059204,9.215922669527716,0.7876474885544025,49.80807151690165,-6573.914962387567
8.687363607059204,9.215922669527716,0.7876474885544025,49.80807151690165,-6573.914962387567
8.687363607059204,9.215922669527716,0.7876474885544025,49.80807151690165,-6573.914962387567
8.465198852882146,13.196938396520668,0.8179109776685567,49.21097355940135,-6575.70047425582
8.465198852882146,13.196938396520668,0.8179109776685567,49.21097355940135,-6575.70047425582
9.025563580475488,12.34505966257474,0.6626989801974811,49.8333815620221,-6572.463977454895
9.543684228532268,9.762890635063783,0.5893741025677526,50.20236609884407,-6572.217419388666
9.543684228532268,9.762890635063783,0.5893741025677526,50.20236609884407,-6572.217419388666
9.543684228532268,9.762890635063783,0.5893741025677526,50.20236609884407,-6572.217419388666
10.87844486315561,7.695513669372483,0.6622686301312838,50.449100464906564,-6570.761420682442
10.87844486315561,7.695513669372483,0.6622686301312838,50.449100464906564,-6570.761420682442
11.104353070368301,6.655346591429499,0.7281860955372873,50.89793168379633,-6571.169316461679
11.104353070368301,6.655346591429499,0.7281860955372873,50.89793168379633,-6571.169316461679
9.469152685050224,8.472205896256613,0.9085753728708097,50.395802935560255,-6571.024224438208
9.469152685050224,8.472205896256613,0.9085753728708097,50.395802935560255,-6571.024224438208
10.789735013583273,8.2274018514356,0.9218956428610569,50.34029921095013,-6572.732835067827
10.789735013583273,8.2274018514356,0.9218956428610569,50.34029921095013,-6572.732835067827
10.789735013583273,8.2274018514356,0.9218956428610569,50.34029921095013,-6572.732835067827
10.789735013583273,8.2274018514356,0.9218956428610569,50.34029921095013,-6572.732835067827
10.789735013583273,8.2274018514356,0.9218956428610569,50.34029921095013,-6572.732835067827
10.789735013583273,8.2274018514356,0.9218956428610569,50.34029921095013,-6572.732835067827
10.789735013583273,8.2274018514356,0.9218956428610569,50.34029921095013,-6572.732835067827
10.789735013583273,8.2274018514356,0.9218956428610569,50.34029921095013,-6572.732835067827
11.260657630125833,6.009714207799886,0.9378609926641402,49.61301975082478,-6572.79590245466
11.260657630125833,6.009714207799886,0.9378609926641402,49.61301975082478,-6572.79590245466
12.423263619799858,5.837237639559798,0.9368764222061576,50.69106493025085,-6576.5716646541105
11.330712988294382,3.011993841664167,1.0507708571735626,50.80314080889952,-6575.971147824115
11.330712988294382,3.011993841664167,1.0507708571735626,50.80314080889952,-6575.971147824115
11.767510698119539,2.477163033046297,1.0448903127887752,50.52080699359095,-6576.210343787651
11.767510698119539,2.477163033046297,1.0448903127887752,50.52080699359095,-6576.210343787651
11.767510698119539,2.477163033046297,1.0448903127887752,50.52080699359095,-6576.210343787651
11.767510698119539,2.477163033046297,1.0448903127887752,50.52080699359095,-6576.210343787651
11.767510698119539,2.477163033046297,1.0448903127887752,50.52080699359095,-6576.210343787651
11.767510698119539,2.477163033046297,1.0448903127887752,50.52080699359095,-6576.210343787651
11.767510698119539,2.477163033046297,1.0448903127887752,50.52080699359095,-6576.210343787651
11.687259035199547,3.7737807936161034,1.0687192123833524,50.098852292433634,-6574.4080022833805
11.687259035199547,3.7737807936161034,1.0687192123833524,50.098852292433634,-6574.4080022833805
12.306419528275896,4.728538266892732,0.9902740194394131,50.675231441524986,-6575.214312743334
12.306419528275896,4.728538266892732,0.9902740194394131,50.675231441524986,-6575.214312743334
12.306419528275896,4.728538266892732,0.9902740194394131,50.675231441524986,-6575.214312743334
11.915488572431421,4.8349711395022155,1.0177674299714203,50.16827055415372,-6574.2606109476765
11.915488572431421,4.8349711395022155,1.0177674299714203,50.16827055415372,-6574.2606109476765
11.915488572431421,4.8349711395022155,1.0177674299714203,50.16827055415372,-6574.2606109476765
11.421017870193383,5.188165081985558,1.0271525108228428,50.56898822941285,-6573.1476809837495
11.421017870193383,5.188165081985558,1.0271525108228428,50.56898822941285,-6573.1476809837495
11.421017870193383,5.188165081985558,1.0271525108228428,50.56898822941285,-6573.1476809837495
11.421017870193383,5.188165081985558,1.0271525108228428,50.56898822941285,-6573.1476809837495
11.235464476144966,5.891631301971257,0.8000395444952727,50.37385187558075,-6571.150710606828
11.264028409004053,8.321428077850504,0.8320195630197972,50.77219936465984,-6573.543049874286
11.264028409004053,8.321428077850504,0.8320195630197972,50.77219936465984,-6573.543049874286
11.20670906971066,5.904434743758893,0.6650616432617293,49.601870543249156,-6573.783149863686
11.20670906971066,5.904434743758893,0.6650616432617293,49.601870543249156,-6573.783149863686
11.20670906971066,5.904434743758893,0.6650616432617293,49.601870543249156,-6573.783149863686
11.20670906971066,5.904434743758893,0.6650616432617293,49.601870543249156,-6573.783149863686
11.20670906971066,5.904434743758893,0.6650616432617293,49.601870543249156,-6573.783149863686
11.20670906971066,5.904434743758893,0.6650616432617293,49.601870543249156,-6573.783149863686
11.098499348587698,4.49550648538243,0.8162565930943058,50.03495994272259,-6573.991339985676
11.098499348587698,4.49550648538243,0.8162565930943058,50.03495994272259,-6573.991339985676
12.436875027844602,5.151784910764236,0.8573199323559398,50.250900853635905,-6574.210841194834
12.436875027844602,5.151784910764236,0.8573199323559398,50.250900853635905,-6574.210841194834
12.300212363970724,6.413105436356903,0.658248333894915,49.51166775572082,-6574.777304574129
12.300212363970724,6.413105436356903,0.658248333894915,49.51166775572082,-6574.777304574129
12.300212363970724,6.413105436356903,0.658248333894915,49.51166775572082,-6574.777304574129
12.377185640315712,5.847456966107986,0.7614544095890718,49.24183078083561,-6575.772980070289
12.377185640315712,5.847456966107986,0.7614544095890718,49.24183078083561,-6575.772980070289
12.377185640315712,5.847456966107986,0.7614544095890718,49.24183078083561,-6575.772980070289
12.377185640315712,5.847456966107986,0.7614544095890718,49.24183078083561,-6575.772980070289
12.113628247198902,5.928592017721645,0.6091460094110115,49.506033868957196,-6574.804755575093
12.113628247198902,5.928592017721645,0.6091460094110115,49.506033868957196,-6574.804755575093
12.316470039244384,4.503661048881295,0.7089996136079166,50.800223861723694,-6573.596704999622
12.316470039244384,4.503661048881295,0.7089996136079166,50.800223861723694,-6573.596704999622
12.316470039244384,4.503661048881295,0.7089996136079166,50.800223861723694,-6573.596704999622
10.926859250334925,7.831541654399989,0.5763388118928349,50.14238586495559,-6572.081837170882
10.926859250334925,7.831541654399989,0.5763388118928349,50.14238586495559,-6572.081837170882
10.926859250334925,7.831541654399989,0.5763388118928349,50.14238586495559,-6572.081837170882
10.926859250334925,7.831541654399989,0.5763388118928349,50.14238586495559,-6572.081837170882
10.926859250334925,7.831541654399989,0.5763388118928349,50.14238586495559,-6572.081837170882
10.926859250334925,7.831541654399989,0.5763388118928349,50.14238586495559,-6572.081837170882
10.854740206254514,8.710276775589112,0.6470540140124503,49.58451815957821,-6572.095210526426
11.06951051866045,8.574727944429313,0.6889004781979361,49.31921167949233,-6573.262195495092
11.06951051866045,8.574727944429313,0.6889004781979361,49.31921167949233,-6573.262195495092
11.06951051866045,8.574727944429313,0.6889004781979361,49.31921167949233,-6573.262195495092
11.06951051866045,8.574727944429313,0.6889004781979361,49.31921167949233,-6573.262195495092
9.570814306032789,9.502467145147794,0.7775255680616971,48.98310350952505,-6573.258285158563
9.570814306032789,9.502467145147794,0.7775255680616971,48.98310350952505,-6573.258285158563
9.570814306032789,9.502467145147794,0.7775255680616971,48.98310350952505,-6573.258285158563
9.570814306032789,9.502467145147794,0.7775255680616971,48.98310350952505,-6573.258285158563
9.570814306032789,9.502467145147794,0.7775255680616971,48.98310350952505,-6573.258285158563
9.570814306032789,9.502467145147794,0.7775255680616971,48.98310350952505,-6573.258285158563
9.570814306032789,9.502467145147794,0.7775255680616971,48.98310350952505,-6573.258285158563
9.570814306032789,9.502467145147794,0.7775255680616971,48.98310350952505,-6573.258285158563
9.570814306032789,9.502467145147794,0.7775255680616971,48.98310350952505,-6573.258285158563
9.570814306032789,9.502467145147794,0.7775255680616971,48.98310350952505,-6573.258285158563
9.570814306032789,9.502467145147794,0.7775255680616971,48.98310350952505,-6573.258285158563
9.570814306032789,9.502467145147794,0.7775255680616971,48.98310350952505,-6573.258285158563
9.570814306032789,9.502467145147794,0.7775255680616971,48.98310350952505,-6573.258285158563
9.296713177775885,9.171912671967636,0.7717283541916401,49.27700195234737,-6572.806744830951
9.233741977210347,8.797227945765913,0.7495902579301486,49.74900123999155,-6572.482579574375
9.233741977210347,8.797227945765913,0.7495902579301486,49.74900123999155,-6572.482579574375
9.233741977210347,8.797227945765913,0.7495902579301486,49.74900123999155,-6572.482579574375
10.61064343173796,9.213322432075032,0.8726655164272136,49.87436026012945,-6573.319566853461
10.61064343173796,9.213322432075032,0.8726655164272136,49.87436026012945,-6573.319566853461
10.61064343173796,9.213322432075032,0.8726655164272136,49.87436026012945,-6573.319566853461
9.483069595176913,10.709791442787404,0.9442310738309252,50.00358859739659,-6573.452038625638
9.638596216941284,9.752646064420148,1.0614611669494622,49.48099408266435,-6575.204395487161
9.638596216941284,9.752646064420148,1.0614611669494622,49.48099408266435,-6575.204395487161
9.638596216941284,9.752646064420148,1.0614611669494622,49.48099408266435,-6575.204395487161
9.638596216941284,9.752646064420148,1.0614611669494622,49.48099408266435,-6575.204395487161
9.44007687874857,10.19106134535655,1.0477416297571065,50.38098878315204,-6574.321401714474
9.05076771329776,11.113830953162756,0.8438891382292785,50.892920269982326,-6572.329435278623
9.05076771329776,11.113830953162756,0.8438891382292785,50.892920269982326,-6572.329435278623
9.05076771329776,11.113830953162756,0.8438891382292785,50.892920269982326,-6572.329435278623
9.05076771329776,11.113830953162756,0.8438891382292785,50.892920269982326,-6572.329435278623
9.05076771329776,11.113830953162756,0.8438891382292785,50.892920269982326,-6572.329435278623
9.05076771329776,11.113830953162756,0.8438891382292785,50.892920269982326,-6572.329435278623
9.05076771329776,11.113830953162756,0.8438891382292785,50.892920269982326,-6572.329435278623
9.188187106122408,7.211960490591645,0.9772498923168557,51.00729615023295,-6574.4358246216525
10.247506145660525,9.008397323659635,0.988168551494161,51.00980028087711,-6574.05519769001
10.247506145660525,9.008397323659635,0.988168551494161,51.00980028087711,-6574.05519769001
9.881945056835036,7.003003400266348,0.7805023827147959,50.61322513167571,-6572.374732661148
9.881945056835036,7.003003400266348,0.7805023827147959,50.61322513167571,-6572.374732661148
9.881945056835036,7.003003400266348,0.7805023827147959,50.61322513167571,-6572.374732661148
9.490279034636442,8.099108428374452,0.8997186466866787,50.93410954489584,-6571.791641901537
9.490279034636442,8.099108428374452,0.8997186466866787,50.93410954489584,-6571.791641901537
9.490279034636442,8.099108428374452,0.8997186466866787,50.93410954489584,-6571.791641901537
9.490279034636442,8.099108428374452,0.8997186466866787,50.93410954489584,-6571.791641901537
9.344091370011299,7.537290217231783,0.9800580315234693,50.49342898970829,-6572.426421223026
9.344091370011299,7.537290217231783,0.9800580315234693,50.49342898970829,-6572.426421223026
9.53016042833989,9.763042109520473,0.9262257662926897,50.33051269093158,-6571.703183085459
9.617364683849237,9.057260238078428,1.137067800925723,50.91475619674194,-6575.307710025573
9.617364683849237,9.057260238078428,1.137067800925723,50.91475619674194,-6575.307710025573
9.617364683849237,9.057260238078428,1.137067800925723,50.91475619674194,-6575.307710025573
9.477360661259931,8.640276373723973,1.0842077052089492,51.18691136344782,-6574.243656414424
9.477360661259931,8.640276373723973,1.0842077052089492,51.18691136344782,-6574.243656414424
9.477360661259931,8.640276373723973,1.0842077052089492,51.18691136344782,-6574.243656414424
9.477360661259931,8.640276373723973,1.0842077052089492,51.18691136344782,-6574.243656414424
9.477360661259931,8.640276373723973,1.0842077052089492,51.18691136344782,-6574.243656414424
9.477360661259931,8.640276373723973,1.0842077052089492,51.18691136344782,-6574.243656414424
9.477360661259931,8.640276373723973,1.0842077052089492,51.18691136344782,-6574.243656414424
10.382379892693773,8.824521959877426,0.9361131698203,51.59082291953264,-6574.736192023662
10.382379892693773,8.824521959877426,0.9361131698203,51.59082291953264,-6574.736192023662
10.382379892693773,8.824521959877426,0.9361131698203,51.59082291953264,-6574.736192023662
10.382379892693773,8.824521959877426,0.9361131698203,51.59082291953264,-6574.736192023662
10.382379892693773,8.824521959877426,0.9361131698203,51.59082291953264,-6574.736192023662
10.382379892693773,8.824521959877426,0.9361131698203,51.59082291953264,-6574.736192023662
10.382379892693773,8.824521959877426,0.9361131698203,51.59082291953264,-6574.736192023662
10.382379892693773,8.824521959877426,0.9361131698203,51.59082291953264,-6574.736192023662
9.954410711828928,8.68740320850369,0.8712112999127017,52.10258220911904,-6575.312292744453
10.329468999566306,6.5500237130526155,1.0680434063268247,52.37405110354904,-6578.613694110163
11.449656322271347,4.414366951590687,1.1101561682207082,52.25045149562928,-6579.214474238464
9.819651157986343,8.136721422031597,1.1509344700949093,52.16604840386841,-6579.294084604413
9.819651157986343,8.136721422031597,1.1509344700949093,52.16604840386841,-6579.294084604413
9.819651157986343,8.136721422031597,1.1509344700949093,52.16604840386841,-6579.294084604413
9.743084321637681,8.889797500662151,1.1341961958272084,52.00540487125738,-6578.942640168927
11.420734387603433,4.449243176950258,0.9050816359901139,51.572064949476896,-6574.566047606102
11.420734387603433,4.449243176950258,0.9050816359901139,51.572064949476896,-6574.566047606102
11.420734387603433,4.449243176950258,0.9050816359901139,51.572064949476896,-6574.566047606102
11.420734387603433,4.449243176950258,0.9050816359901139,51.572064949476896,-6574.566047606102
11.420734387603433,4.449243176950258,0.9050816359901139,51.572064949476896,-6574.566047606102
11.420734387603433,4.449243176950258,0.9050816359901139,51.572064949476896,-6574.566047606102
11.420734387603433,4.449243176950258,0.9050816359901139,51.572064949476896,-6574.566047606102
11.420734387603433,4.449243176950258,0.9050816359901139,51.572064949476896,-6574.566047606102
10.345390073732897,4.5232031097414,0.9039701469356333,51.335224261537526,-6577.4518053769625
10.345390073732897,4.5232031097414,0.9039701469356333,51.335224261537526,-6577.4518053769625
10.345390073732897,4.5232031097414,0.9039701469356333,51.335224261537526,-6577.4518053769625
10.345390073732897,4.5232031097414,0.9039701469356333,51.335224261537526,-6577.4518053769625
10.345390073732897,4.5232031097414,0.9039701469356333,51.335224261537526,-6577.4518053769625
10.345390073732897,4.5232031097414,0.9039701469356333,51.335224261537526,-6577.4518053769625
11.75200580962268,3.5107988595771626,0.9871546621820617,51.251430588313134,-6574.9764989247515
12.429031801100168,4.416486953001494,0.9581885591964546,51.150648026495446,-6575.471771087816
12.03983017252986,3.6755131902064515,1.0185094341205299,51.29160468400658,-6575.337603069225
12.03983017252986,3.6755131902064515,1.0185094341205299,51.29160468400658,-6575.337603069225
12.03983017252986,3.6755131902064515,1.0185094341205299,51.29160468400658,-6575.337603069225
12.03983017252986,3.6755131902064515,1.0185094341205299,51.29160468400658,-6575.337603069225
11.782906020208674,4.202092501913232,0.9578937495334292,51.03804792939502,-6573.653020525891
11.782906020208674,4.202092501913232,0.9578937495334292,51.03804792939502,-6573.653020525891
11.782906020208674,4.202092501913232,0.9578937495334292,51.03804792939502,-6573.653020525891
11.782906020208674,4.202092501913232,0.9578937495334292,51.03804792939502,-6573.653020525891
11.55520833041158,6.292964436456218,0.9294580209676233,51.31095560986881,-6574.0378474938325
11.55520833041158,6.292964436456218,0.9294580209676233,51.31095560986881,-6574.0378474938325
10.725670749222488,6.833944466498748,1.0986416937007482,50.8743118935777,-6574.19896777937
10.725670749222488,6.833944466498748,1.0986416937007482,50.8743118935777,-6574.19896777937
10.725670749222488,6.833944466498748,1.0986416937007482,50.8743118935777,-6574.19896777937
10.733623411501874,6.4858800547745545,1.1163231440702956,51.327024604004976,-6575.172581144078
10.733623411501874,6.4858800547745545,1.1163231440702956,51.327024604004976,-6575.172581144078
10.831507606784522,7.8570035227688715,0.9048168276457638,51.48289166722664,-6573.747218955703
9.681146146575518,8.100197458041462,0.8217046230176983,51.375354996575865,-6572.5134557060455
9.681146146575518,8.100197458041462,0.8217046230176983,51.375354996575865,-6572.5134557060455
9.681146146575518,8.100197458041462,0.8217046230176983,51.375354996575865,-6572.5134557060455
9.681146146575518,8.100197458041462,0.8217046230176983,51.375354996575865,-6572.5134557060455
10.132421176315658,6.720386148300154,0.8787301225282442,51.70280090265155,-6574.106182298317
10.078298576374207,9.054029216973056,0.8438165976449695,52.00767072454223,-6574.842840987102
10.078298576374207,9.054029216973056,0.8438165976449695,52.00767072454223,-6574.842840987102
10.078298576374207,9.054029216973056,0.8438165976449695,52.00767072454223,-6574.842840987102
10.064385846234417,10.220114804671285,0.7317558588431922,51.90844504690594,-6574.480675679097
10.064385846234417,10.220114804671285,0.7317558588431922,51.90844504690594,-6574.480675679097
10.064385846234417,10.220114804671285,0.7317558588431922,51.90844504690594,-6574.480675679097
10.064385846234417,10.220114804671285,0.7317558588431922,51.90844504690594,-6574.480675679097
10.32574630818314,7.55147092184783,0.8402553046590905,51.84878360327296,-6573.706594425981
10.32574630818314,7.55147092184783,0.8402553046590905,51.84878360327296,-6573.706594425981
10.32574630818314,7.55147092184783,0.8402553046590905,51.84878360327296,-6573.706594425981
11.437915500453183,6.080844177754042,0.9793077458371486,51.147602356871964,-6573.846841775168
10.120488066560238,7.073952996157226,0.9387949795310262,50.30138534919816,-6571.02181892218
10.120488066560238,7.073952996157226,0.9387949795310262,50.30138534919816,-6571.02181892218
10.120488066560238,7.073952996157226,0.9387949795310262,50.30138534919816,-6571.02181892218
10.110328032558954,6.305910953496979,1.0263020291453386,50.49780394759833,-6572.180485091501
9.977698680082428,8.018676764629754,0.9982417816441291,50.51846230778457,-6571.732869552725
9.977698680082428,8.018676764629754,0.9982417816441291,50.51846230778457,-6571.732869552725
11.038664760039218,6.849782221182549,0.7473970150730994,50.547661028791424,-6570.687327172551
11.038664760039218,6.849782221182549,0.7473970150730994,50.547661028791424,-6570.687327172551
11.038664760039218,6.849782221182549,0.7473970150730994,50.547661028791424,-6570.687327172551
11.038664760039218,6.849782221182549,0.7473970150730994,50.547661028791424,-6570.687327172551
11.038664760039218,6.849782221182549,0.7473970150730994,50.547661028791424,-6570.687327172551
11.038664760039218,6.849782221182549,0.7473970150730994,50.547661028791424,-6570.687327172551
11.038664760039218,6.849782221182549,0.7473970150730994,50.547661028791424,-6570.687327172551
10.691270139005521,7.235493249724379,0.868516205067822,50.64195245873858,-6570.812303384485
10.691270139005521,7.235493249724379,0.868516205067822,50.64195245873858,-6570.812303384485
10.691270139005521,7.235493249724379,0.868516205067822,50.64195245873858,-6570.812303384485
10.691270139005521,7.235493249724379,0.868516205067822,50.64195245873858,-6570.812303384485
10.691270139005521,7.235493249724379,0.868516205067822,50.64195245873858,-6570.812303384485
10.626480204112235,7.3441386837686355,0.7630742063180158,50.83341507699023,-6570.623324176246
10.14199170561618,8.499501563787414,0.9251140430582017,50.28027112961046,-6571.301315978888
10.14199170561618,8.499501563787414,0.9251140430582017,50.28027112961046,-6571.301315978888
10.25605294588343,8.686973588660125,0.7473957876128006,50.164599641591415,-6570.245446942939
10.25605294588343,8.686973588660125,0.7473957876128006,50.164599641591415,-6570.245446942939
10.25605294588343,8.686973588660125,0.7473957876128006,50.164599641591415,-6570.245446942939
10.25605294588343,8.686973588660125,0.7473957876128006,50.164599641591415,-6570.245446942939
10.25605294588343,8.686973588660125,0.7473957876128006,50.164599641591415,-6570.245446942939
10.25605294588343,8.686973588660125,0.7473957876128006,50.164599641591415,-6570.245446942939
10.25605294588343,8.686973588660125,0.7473957876128006,50.164599641591415,-6570.245446942939
10.25605294588343,8.686973588660125,0.7473957876128006,50.164599641591415,-6570.245446942939
10.25605294588343,8.686973588660125,0.7473957876128006,50.164599641591415,-6570.245446942939
10.25605294588343,8.686973588660125,0.7473957876128006,50.164599641591415,-6570.245446942939
10.08346742040443,7.969060948255462,0.812080756173392,50.12554239858708,-6570.3426305557505
10.08346742040443,7.969060948255462,0.812080756173392,50.12554239858708,-6570.3426305557505
10.08346742040443,7.969060948255462,0.812080756173392,50.12554239858708,-6570.3426305557505
10.27387189075551,7.131699142784878,0.8440881081226682,50.71286319802419,-6570.757103182619
10.27387189075551,7.131699142784878,0.8440881081226682,50.71286319802419,-6570.757103182619
10.27387189075551,7.131699142784878,0.8440881081226682,50.71286319802419,-6570.757103182619
10.27387189075551,7.131699142784878,0.8440881081226682,50.71286319802419,-6570.757103182619
10.27387189075551,7.131699142784878,0.8440881081226682,50.71286319802419,-6570.757103182619
10.287008172503178,8.786027310587764,0.7172849093306302,50.41682843867848,-6570.2097516000385
10.287008172503178,8.786027310587764,0.7172849093306302,50.41682843867848,-6570.2097516000385
9.4713953165108,8.171990397809894,0.8414416604488696,50.24474869878496,-6571.202989029668
9.4713953165108,8.171990397809894,0.8414416604488696,50.24474869878496,-6571.202989029668
9.4713953165108,8.171990397809894,0.8414416604488696,50.24474869878496,-6571.202989029668
9.4713953165108,8.171990397809894,0.8414416604488696,50.24474869878496,-6571.202989029668
9.4713953165108,8.171990397809894,0.8414416604488696,50.24474869878496,-6571.202989029668
9.4713953165108,8.171990397809894,0.8414416604488696,50.24474869878496,-6571.202989029668
9.4713953165108,8.171990397809894,0.8414416604488696,50.24474869878496,-6571.202989029668
9.4713953165108,8.171990397809894,0.8414416604488696,50.24474869878496,-6571.202989029668
9.4713953165108,8.171990397809894,0.8414416604488696,50.24474869878496,-6571.202989029668
9.4713953165108,8.171990397809894,0.8414416604488696,50.24474869878496,-6571.202989029668
9.4713953165108,8.171990397809894,0.8414416604488696,50.24474869878496,-6571.202989029668
9.4713953165108,8.171990397809894,0.8414416604488696,50.24474869878496,-6571.202989029668
9.4713953165108,8.171990397809894,0.8414416604488696,50.24474869878496,-6571.202989029668
9.4713953165108,8.171990397809894,0.8414416604488696,50.24474869878496,-6571.202989029668
9.4713953165108,8.171990397809894,0.8414416604488696,50.24474869878496,-6571.202989029668
10.441095927608645,7.928989876043647,0.8568204793521247,50.69050276672212,-6570.740454777282
10.441095927608645,7.928989876043647,0.8568204793521247,50.69050276672212,-6570.740454777282
10.441095927608645,7.928989876043647,0.8568204793521247,50.69050276672212,-6570.740454777282
10.441095927608645,7.928989876043647,0.8568204793521247,50.69050276672212,-6570.740454777282
10.441095927608645,7.928989876043647,0.8568204793521247,50.69050276672212,-6570.740454777282
10.441095927608645,7.928989876043647,0.8568204793521247,50.69050276672212,-6570.740454777282
10.441095927608645,7.928989876043647,0.8568204793521247,50.69050276672212,-6570.740454777282
10.441095927608645,7.928989876043647,0.8568204793521247,50.69050276672212,-6570.740454777282
10.487272606357278,8.240488124342459,0.9344005613225865,50.08098082739512,-6572.042139435614
10.487272606357278,8.240488124342459,0.9344005613225865,50.08098082739512,-6572.042139435614
10.653781951079768,6.011550748332845,1.0794199815838603,49.8390063021613,-6573.094916322898
11.300122050860818,5.0899265181834625,0.844162514735171,49.78012341501943,-6572.498582469141
11.300122050860818,5.0899265181834625,0.844162514735171,49.78012341501943,-6572.498582469141
11.300122050860818,5.0899265181834625,0.844162514735171,49.78012341501943,-6572.498582469141
11.064914656336173,6.62579726897866,0.7521066635291493,49.902114344013036,-6571.197262761406
11.064914656336173,6.62579726897866,0.7521066635291493,49.902114344013036,-6571.197262761406
11.064914656336173,6.62579726897866,0.7521066635291493,49.902114344013036,-6571.197262761406
11.289841789902988,5.805403867541885,0.8651255722366388,50.69879923721422,-6571.452965558585
11.289841789902988,5.805403867541885,0.8651255722366388,50.69879923721422,-6571.452965558585
11.289841789902988,5.805403867541885,0.8651255722366388,50.69879923721422,-6571.452965558585
11.289841789902988,5.805403867541885,0.8651255722366388,50.69879923721422,-6571.452965558585
11.289841789902988,5.805403867541885,0.8651255722366388,50.69879923721422,-6571.452965558585
11.289841789902988,5.805403867541885,0.8651255722366388,50.69879923721422,-6571.452965558585
11.289841789902988,5.805403867541885,0.8651255722366388,50.69879923721422,-6571.452965558585
11.289841789902988,5.805403867541885,0.8651255722366388,50.69879923721422,-6571.452965558585
11.289841789902988,5.805403867541885,0.8651255722366388,50.69879923721422,-6571.452965558585
11.289841789902988,5.805403867541885,0.8651255722366388,50.69879923721422,-6571.452965558585
11.289841789902988,5.805403867541885,0.8651255722366388,50.69879923721422,-6571.452965558585
11.289841789902988,5.805403867541885,0.8651255722366388,50.69879923721422,-6571.452965558585
11.289841789902988,5.805403867541885,0.8651255722366388,50.69879923721422,-6571.452965558585
11.289841789902988,5.805403867541885,0.8651255722366388,50.69879923721422,-6571.452965558585
11.139568749788204,7.032329201523265,0.8140062290386145,50.22445062185186,-6571.057233791475
11.139568749788204,7.032329201523265,0.8140062290386145,50.22445062185186,-6571.057233791475
11.139568749788204,7.032329201523265,0.8140062290386145,50.22445062185186,-6571.057233791475
11.139568749788204,7.032329201523265,0.8140062290386145,50.22445062185186,-6571.057233791475
11.139568749788204,7.032329201523265,0.8140062290386145,50.22445062185186,-6571.057233791475
11.139568749788204,7.032329201523265,0.8140062290386145,50.22445062185186,-6571.057233791475
11.139568749788204,7.032329201523265,0.8140062290386145,50.22445062185186,-6571.057233791475
11.139568749788204,7.032329201523265,0.8140062290386145,50.22445062185186,-6571.057233791475
11.139568749788204,7.032329201523265,0.8140062290386145,50.22445062185186,-6571.057233791475
11.102771802013086,9.865823366846358,0.6467967742037652,50.69026041048442,-6573.267991566085
11.102771802013086,9.865823366846358,0.6467967742037652,50.69026041048442,-6573.267991566085
10.6774209448136,10.206874406176697,0.6495220170004369,50.08097514051464,-6572.409699222989
10.6774209448136,10.206874406176697,0.6495220170004369,50.08097514051464,-6572.409699222989
11.110997108270272,8.440935600290972,0.6353530329660393,51.03077352872315,-6571.736702966335
11.110997108270272,8.440935600290972,0.6353530329660393,51.03077352872315,-6571.736702966335
11.110997108270272,8.440935600290972,0.6353530329660393,51.03077352872315,-6571.736702966335
11.110997108270272,8.440935600290972,0.6353530329660393,51.03077352872315,-6571.736702966335
11.110997108270272,8.440935600290972,0.6353530329660393,51.03077352872315,-6571.736702966335
11.110997108270272,8.440935600290972,0.6353530329660393,51.03077352872315,-6571.736702966335
11.110997108270272,8.440935600290972,0.6353530329660393,51.03077352872315,-6571.736702966335
9.76552201524043,9.345344982993835,0.6963043180564795,50.572806131603905,-6570.494484833425
9.76552201524043,9.345344982993835,0.6963043180564795,50.572806131603905,-6570.494484833425
9.76552201524043,9.345344982993835,0.6963043180564795,50.572806131603905,-6570.494484833425
9.76552201524043,9.345344982993835,0.6963043180564795,50.572806131603905,-6570.494484833425
9.76552201524043,9.345344982993835,0.6963043180564795,50.572806131603905,-6570.494484833425
9.76552201524043,9.345344982993835,0.6963043180564795,50.572806131603905,-6570.494484833425
9.76552201524043,9.345344982993835,0.6963043180564795,50.572806131603905,-6570.494484833425
9.609878258309676,10.961588196355748,0.8376054756696387,50.99735384668368,-6572.9964355558295
9.609878258309676,10.961588196355748,0.8376054756696387,50.99735384668368,-6572.9964355558295
9.609878258309676,10.961588196355748,0.8376054756696387,50.99735384668368,-6572.9964355558295
9.609878258309676,10.961588196355748,0.8376054756696387,50.99735384668368,-6572.9964355558295
9.121547265952234,10.302659526932596,0.955059157617816,51.149716565514574,-6573.467051675124
9.121547265952234,10.302659526932596,0.955059157617816,51.149716565514574,-6573.467051675124
9.121547265952234,10.302659526932596,0.955059157617816,51.149716565514574,-6573.467051675124
9.121547265952234,10.302659526932596,0.955059157617816,51.149716565514574,-6573.467051675124
8.844138450061315,9.363804146149876,1.16521341813263,50.117032844696425,-6574.825008747477
8.844138450061315,9.363804146149876,1.16521341813263,50.117032844696425,-6574.825008747477
8.468231411695612,9.974700156999004,1.1912996231344906,50.74184341395697,-6576.352986618788
8.563138182388272,10.599714179007513,1.0128556711228778,49.96544365587748,-6573.571458971523
8.563138182388272,10.599714179007513,1.0128556711228778,49.96544365587748,-6573.571458971523
8.863370070414211,8.306162423542496,0.9680368901066077,50.037725901272516,-6573.262255701804
9.585149873147575,7.7630790165896775,0.8445312461742942,49.435091478212485,-6572.680412314031
9.349711349587693,7.769052510864345,1.0402365482141156,49.86361868130904,-6572.730886432641
9.349711349587693,7.769052510864345,1.0402365482141156,49.86361868130904,-6572.730886432641
9.349711349587693,7.769052510864345,1.0402365482141156,49.86361868130904,-6572.730886432641
9.349711349587693,7.769052510864345,1.0402365482141156,49.86361868130904,-6572.730886432641
9.349711349587693,7.769052510864345,1.0402365482141156,49.86361868130904,-6572.730886432641
9.349711349587693,7.769052510864345,1.0402365482141156,49.86361868130904,-6572.730886432641
9.349711349587693,7.769052510864345,1.0402365482141156,49.86361868130904,-6572.730886432641
9.349711349587693,7.769052510864345,1.0402365482141156,49.86361868130904,-6572.730886432641
9.349711349587693,7.769052510864345,1.0402365482141156,49.86361868130904,-6572.730886432641
9.349711349587693,7.769052510864345,1.0402365482141156,49.86361868130904,-6572.730886432641
9.349711349587693,7.769052510864345,1.0402365482141156,49.86361868130904,-6572.730886432641
9.349711349587693,7.769052510864345,1.0402365482141156,49.86361868130904,-6572.730886432641
9.349711349587693,7.769052510864345,1.0402365482141156,49.86361868130904,-6572.730886432641
9.349711349587693,7.769052510864345,1.0402365482141156,49.86361868130904,-6572.730886432641
9.349711349587693,7.769052510864345,1.0402365482141156,49.86361868130904,-6572.730886432641
9.349711349587693,7.769052510864345,1.0402365482141156,49.86361868130904,-6572.730886432641
9.954263682114698,7.17865122303319,0.8379625167000122,49.62448934250324,-6571.9938268535825
10.785014672120845,5.91612079693913,0.8418941592197849,50.50992609091165,-6571.252856296407
10.785014672120845,5.91612079693913,0.8418941592197849,50.50992609091165,-6571.252856296407
10.785014672120845,5.91612079693913,0.8418941592197849,50.50992609091165,-6571.252856296407
10.785014672120845,5.91612079693913,0.8418941592197849,50.50992609091165,-6571.252856296407
9.849636952982825,7.416421981987224,0.9635769806268603,50.62183636213274,-6571.40931536305
9.849636952982825,7.416421981987224,0.9635769806268603,50.62183636213274,-6571.40931536305
9.849636952982825,7.416421981987224,0.9635769806268603,50.62183636213274,-6571.40931536305
10.580535106990705,5.780245772262269,0.9235285157775365,50.35413578954968,-6571.607364812966
10.580535106990705,5.780245772262269,0.9235285157775365,50.35413578954968,-6571.607364812966
10.580535106990705,5.780245772262269,0.9235285157775365,50.35413578954968,-6571.607364812966
10.580535106990705,5.780245772262269,0.9235285157775365,50.35413578954968,-6571.607364812966
10.580535106990705,5.780245772262269,0.9235285157775365,50.35413578954968,-6571.607364812966
10.580535106990705,5.780245772262269,0.9235285157775365,50.35413578954968,-6571.607364812966
10.580535106990705,5.780245772262269,0.9235285157775365,50.35413578954968,-6571.607364812966
10.580535106990705,5.780245772262269,0.9235285157775365,50.35413578954968,-6571.607364812966
10.580535106990705,5.780245772262269,0.9235285157775365,50.35413578954968,-6571.607364812966
10.580535106990705,5.780245772262269,0.9235285157775365,50.35413578954968,-6571.607364812966
10.580535106990705,5.780245772262269,0.9235285157775365,50.35413578954968,-6571.607364812966
10.580535106990705,5.780245772262269,0.9235285157775365,50.35413578954968,-6571.607364812966
10.53409501011394,5.952384068639163,0.9837218471569676,49.80760080603077,-6572.169226955385
10.53409501011394,5.952384068639163,0.9837218471569676,49.80760080603077,-6572.169226955385
10.53409501011394,5.952384068639163,0.9837218471569676,49.80760080603077,-6572.169226955385
10.326325642930401,7.072855027314326,0.7950229444193198,50.601796072341244,-6570.756688842311
10.326325642930401,7.072855027314326,0.7950229444193198,50.601796072341244,-6570.756688842311
10.326325642930401,7.072855027314326,0.7950229444193198,50.601796072341244,-6570.756688842311
10.326325642930401,7.072855027314326,0.7950229444193198,50.601796072341244,-6570.756688842311
10.326325642930401,7.072855027314326,0.7950229444193198,50.601796072341244,-6570.756688842311
10.005227624078634,7.951278390751799,0.7482354326178151,50.61756681167464,-6570.712837194464
9.631078128844152,7.777828002287865,0.7980393986210431,50.27536789903822,-6571.507649414396
9.919468861732469,9.12628777277926,0.8715485553770709,50.61992689449973,-6571.014753379159
9.919468861732469,9.12628777277926,0.8715485553770709,50.61992689449973,-6571.014753379159
9.919468861732469,9.12628777277926,0.8715485553770709,50.61992689449973,-6571.014753379159
10.804813510122885,9.28680388729689,0.8638053931547343,51.27976962557337,-6574.923851133348
10.804813510122885,9.28680388729689,0.8638053931547343,51.27976962557337,-6574.923851133348
10.804813510122885,9.28680388729689,0.8638053931547343,51.27976962557337,-6574.923851133348
9.76893655483206,7.623156637163962,0.7900349549466504,50.43654250125678,-6571.356414195923
9.76893655483206,7.623156637163962,0.7900349549466504,50.43654250125678,-6571.356414195923
9.76893655483206,7.623156637163962,0.7900349549466504,50.43654250125678,-6571.356414195923
9.76893655483206,7.623156637163962,0.7900349549466504,50.43654250125678,-6571.356414195923
9.357516544155326,9.489361900680663,0.7132747072804346,51.74995347642231,-6574.247864557293
9.357516544155326,9.489361900680663,0.7132747072804346,51.74995347642231,-6574.247864557293
9.357516544155326,9.489361900680663,0.7132747072804346,51.74995347642231,-6574.247864557293
9.357516544155326,9.489361900680663,0.7132747072804346,51.74995347642231,-6574.247864557293
9.357516544155326,9.489361900680663,0.7132747072804346,51.74995347642231,-6574.247864557293
9.357516544155326,9.489361900680663,0.7132747072804346,51.74995347642231,-6574.247864557293
9.36029349332063,10.390374255072617,0.7807964837000393,50.854439537618724,-6571.202738928415
8.994562580794863,11.826524586970818,0.7011029274489537,51.04133231949867,-6572.3915896040835
8.994562580794863,11.826524586970818,0.7011029274489537,51.04133231949867,-6572.3915896040835
8.994562580794863,11.826524586970818,0.7011029274489537,51.04133231949867,-6572.3915896040835
8.994562580794863,11.826524586970818,0.7011029274489537,51.04133231949867,-6572.3915896040835
8.994562580794863,11.826524586970818,0.7011029274489537,51.04133231949867,-6572.3915896040835
8.153622555855192,12.26477985733082,0.7207432194636697,50.43725942901784,-6573.381899297223
8.153622555855192,12.26477985733082,0.7207432194636697,50.43725942901784,-6573.381899297223
8.153622555855192,12.26477985733082,0.7207432194636697,50.43725942901784,-6573.381899297223
9.048995257569995,10.928819266884968,0.6436083178148939,49.67686493633447,-6572.4206901217385
9.048995257569995,10.928819266884968,0.6436083178148939,49.67686493633447,-6572.4206901217385
9.048995257569995,10.928819266884968,0.6436083178148939,49.67686493633447,-6572.4206901217385
9.68370211421527,10.376218552131936,0.7189605829942156,49.376081922264454,-6572.138510037307
9.68370211421527,10.376218552131936,0.7189605829942156,49.376081922264454,-6572.138510037307
9.68370211421527,10.376218552131936,0.7189605829942156,49.376081922264454,-6572.138510037307
9.68370211421527,10.376218552131936,0.7189605829942156,49.376081922264454,-6572.138510037307
10.125935374325094,9.86470901501748,0.6342341631643834,50.31003320857593,-6570.735964728174
10.352860104238395,10.096536108761807,0.5670753094193588,51.54640358591391,-6573.224581684539
10.352860104238395,10.096536108761807,0.5670753094193588,51.54640358591391,-6573.224581684539
10.352860104238395,10.096536108761807,0.5670753094193588,51.54640358591391,-6573.224581684539
10.352860104238395,10.096536108761807,0.5670753094193588,51.54640358591391,-6573.224581684539
10.352860104238395,10.096536108761807,0.5670753094193588,51.54640358591391,-6573.224581684539
10.352860104238395,10.096536108761807,0.5670753094193588,51.54640358591391,-6573.224581684539
10.352860104238395,10.096536108761807,0.5670753094193588,51.54640358591391,-6573.224581684539
10.352860104238395,10.096536108761807,0.5670753094193588,51.54640358591391,-6573.224581684539
10.352860104238395,10.096536108761807,0.5670753094193588,51.54640358591391,-6573.224581684539
10.352860104238395,10.096536108761807,0.5670753094193588,51.54640358591391,-6573.224581684539
10.352860104238395,10.096536108761807,0.5670753094193588,51.54640358591391,-6573.224581684539
10.352860104238395,10.096536108761807,0.5670753094193588,51.54640358591391,-6573.224581684539
10.352860104238395,10.096536108761807,0.5670753094193588,51.54640358591391,-6573.224581684539
10.352860104238395,10.096536108761807,0.5670753094193588,51.54640358591391,-6573.224581684539
8.460013579120046,12.674713222246103,0.5659671160815559,50.29582040721074,-6574.001966817677
8.305546352813717,13.831594854172051,0.6079834903296436,50.94454375263893,-6574.610597996784
8.305546352813717,13.831594854172051,0.6079834903296436,50.94454375263893,-6574.610597996784
8.904399180027827,13.152343323780656,0.5615209966882094,51.08948684886317,-6573.964240635367
8.904399180027827,13.152343323780656,0.5615209966882094,51.08948684886317,-6573.964240635367
8.904399180027827,13.152343323780656,0.5615209966882094,51.08948684886317,-6573.964240635367
8.904399180027827,13.152343323780656,0.5615209966882094,51.08948684886317,-6573.964240635367
8.904399180027827,13.152343323780656,0.5615209966882094,51.08948684886317,-6573.964240635367
10.221101136672878,8.90996750955053,0.5634461870497357,51.145229153891144,-6572.778757457334
10.221101136672878,8.90996750955053,0.5634461870497357,51.145229153891144,-6572.778757457334
10.221101136672878,8.90996750955053,0.5634461870497357,51.145229153891144,-6572.778757457334
10.221101136672878,8.90996750955053,0.5634461870497357,51.145229153891144,-6572.778757457334
10.221101136672878,8.90996750955053,0.5634461870497357,51.145229153891144,-6572.778757457334
10.221101136672878,8.90996750955053,0.5634461870497357,51.145229153891144,-6572.778757457334
10.722176971236047,10.19038231680916,0.46682435250192333,51.20349167498562,-6573.948084969835
10.722176971236047,10.19038231680916,0.46682435250192333,51.20349167498562,-6573.948084969835
10.722176971236047,10.19038231680916,0.46682435250192333,51.20349167498562,-6573.948084969835
10.722176971236047,10.19038231680916,0.46682435250192333,51.20349167498562,-6573.948084969835
10.722176971236047,10.19038231680916,0.46682435250192333,51.20349167498562,-6573.948084969835
10.722176971236047,10.19038231680916,0.46682435250192333,51.20349167498562,-6573.948084969835
10.722176971236047,10.19038231680916,0.46682435250192333,51.20349167498562,-6573.948084969835
11.169330727942752,7.6674028727949946,0.6854885008135333,52.091011183190396,-6574.831952730312
11.169330727942752,7.6674028727949946,0.6854885008135333,52.091011183190396,-6574.831952730312
11.169330727942752,7.6674028727949946,0.6854885008135333,52.091011183190396,-6574.831952730312
11.169330727942752,7.6674028727949946,0.6854885008135333,52.091011183190396,-6574.831952730312
9.555164960915473,10.193577314883765,0.9547658719999182,51.6556711615614,-6575.478764388181
9.877167397422038,8.54130985900266,0.9872239047761575,51.3848189115392,-6573.516033868869
9.256152186966492,10.213438540174723,0.7293520154114144,50.87125684249796,-6571.23896655966
9.256152186966492,10.213438540174723,0.7293520154114144,50.87125684249796,-6571.23896655966
9.256152186966492,10.213438540174723,0.7293520154114144,50.87125684249796,-6571.23896655966
9.29196980549415,11.306296245586182,0.8853507845515596,50.066962831784515,-6573.013262963725
9.29196980549415,11.306296245586182,0.8853507845515596,50.066962831784515,-6573.013262963725
9.29196980549415,11.306296245586182,0.8853507845515596,50.066962831784515,-6573.013262963725
9.29196980549415,11.306296245586182,0.8853507845515596,50.066962831784515,-6573.013262963725
9.29196980549415,11.306296245586182,0.8853507845515596,50.066962831784515,-6573.013262963725
9.29196980549415,11.306296245586182,0.8853507845515596,50.066962831784515,-6573.013262963725
9.29196980549415,11.306296245586182,0.8853507845515596,50.066962831784515,-6573.013262963725
9.29196980549415,11.306296245586182,0.8853507845515596,50.066962831784515,-6573.013262963725
8.955021151233048,9.318986934366327,1.0429450066646258,50.193974093358044,-6572.8520203094995
8.955021151233048,9.318986934366327,1.0429450066646258,50.193974093358044,-6572.8520203094995
9.875561827415105,9.472210661663079,0.7706539940320158,49.056768097094505,-6572.916004013142
9.875561827415105,9.472210661663079,0.7706539940320158,49.056768097094505,-6572.916004013142
10.582101662317891,8.274084780183797,0.73438290275162,49.09708690017164,-6572.905778215092
10.582101662317891,8.274084780183797,0.73438290275162,49.09708690017164,-6572.905778215092
10.582101662317891,8.274084780183797,0.73438290275162,49.09708690017164,-6572.905778215092
10.582101662317891,8.274084780183797,0.73438290275162,49.09708690017164,-6572.905778215092
10.582101662317891,8.274084780183797,0.73438290275162,49.09708690017164,-6572.905778215092
10.582101662317891,8.274084780183797,0.73438290275162,49.09708690017164,-6572.905778215092
9.830812639249045,9.195686767454818,0.95718177326128,50.56470938880182,-6572.0656661142
9.830812639249045,9.195686767454818,0.95718177326128,50.56470938880182,-6572.0656661142
10.492310681365929,7.6134063217278065,0.7296198360501704,51.05491712124637,-6571.0402109281895
10.492310681365929,7.6134063217278065,0.7296198360501704,51.05491712124637,-6571.0402109281895
11.313856554379724,6.616886158157156,0.7398351037847418,51.38493652346099,-6572.266322551264
11.814873222777372,6.425327123551513,0.7136835346396385,50.71740369846555,-6571.9608866188555
10.883684055854868,7.498116168819314,0.7707458167980378,50.59316655647198,-6570.562414401904
10.883684055854868,7.498116168819314,0.7707458167980378,50.59316655647198,-6570.562414401904
10.883684055854868,7.498116168819314,0.7707458167980378,50.59316655647198,-6570.562414401904
10.883684055854868,7.498116168819314,0.7707458167980378,50.59316655647198,-6570.562414401904
10.883684055854868,7.498116168819314,0.7707458167980378,50.59316655647198,-6570.562414401904
10.883684055854868,7.498116168819314,0.7707458167980378,50.59316655647198,-6570.562414401904
10.883684055854868,7.498116168819314,0.7707458167980378,50.59316655647198,-6570.562414401904
10.883684055854868,7.498116168819314,0.7707458167980378,50.59316655647198,-6570.562414401904
10.883684055854868,7.498116168819314,0.7707458167980378,50.59316655647198,-6570.562414401904
10.883684055854868,7.498116168819314,0.7707458167980378,50.59316655647198,-6570.562414401904
10.883684055854868,7.498116168819314,0.7707458167980378,50.59316655647198,-6570.562414401904
10.883684055854868,7.498116168819314,0.7707458167980378,50.59316655647198,-6570.562414401904
10.883684055854868,7.498116168819314,0.7707458167980378,50.59316655647198,-6570.562414401904
10.606196511879974,9.137911624842946,0.569758792247571,50.52257268174038,-6571.405102516218
10.606196511879974,9.137911624842946,0.569758792247571,50.52257268174038,-6571.405102516218
10.606196511879974,9.137911624842946,0.569758792247571,50.52257268174038,-6571.405102516218
10.606196511879974,9.137911624842946,0.569758792247571,50.52257268174038,-6571.405102516218
10.606196511879974,9.137911624842946,0.569758792247571,50.52257268174038,-6571.405102516218
10.606196511879974,9.137911624842946,0.569758792247571,50.52257268174038,-6571.405102516218
10.606196511879974,9.137911624842946,0.569758792247571,50.52257268174038,-6571.405102516218
10.606196511879974,9.137911624842946,0.569758792247571,50.52257268174038,-6571.405102516218
11.247654681392593,8.508597994064674,0.7245234100736382,51.4466797737453,-6573.514607758607
10.82065757148123,9.008206623514658,0.5803164369709741,51.203133743496664,-6572.170706522182
9.824389759604072,9.663156248037934,0.6814447345698706,50.638186641126055,-6570.52424653055
10.587793364177077,6.395826690957225,0.755504593620448,50.50955368676793,-6571.499112087577
10.587793364177077,6.395826690957225,0.755504593620448,50.50955368676793,-6571.499112087577
10.587793364177077,6.395826690957225,0.755504593620448,50.50955368676793,-6571.499112087577
10.587793364177077,6.395826690957225,0.755504593620448,50.50955368676793,-6571.499112087577
10.587793364177077,6.395826690957225,0.755504593620448,50.50955368676793,-6571.499112087577
10.587793364177077,6.395826690957225,0.755504593620448,50.50955368676793,-6571.499112087577
10.587793364177077,6.395826690957225,0.755504593620448,50.50955368676793,-6571.499112087577
10.587793364177077,6.395826690957225,0.755504593620448,50.50955368676793,-6571.499112087577
10.587793364177077,6.395826690957225,0.755504593620448,50.50955368676793,-6571.499112087577
10.587793364177077,6.395826690957225,0.755504593620448,50.50955368676793,-6571.499112087577
10.318530282337818,5.724857378699649,0.8650968450834251,50.29490515138025,-6572.6232727217575
10.318530282337818,5.724857378699649,0.8650968450834251,50.29490515138025,-6572.6232727217575
10.318530282337818,5.724857378699649,0.8650968450834251,50.29490515138025,-6572.6232727217575
10.318530282337818,5.724857378699649,0.8650968450834251,50.29490515138025,-6572.6232727217575
9.5062697195939,10.070770235136187,0.8071411885590333,49.78886810803212,-6571.169492783543
9.5062697195939,10.070770235136187,0.8071411885590333,49.78886810803212,-6571.169492783543
9.5062697195939,10.070770235136187,0.8071411885590333,49.78886810803212,-6571.169492783543
9.5062697195939,10.070770235136187,0.8071411885590333,49.78886810803212,-6571.169492783543
9.5062697195939,10.070770235136187,0.8071411885590333,49.78886810803212,-6571.169492783543
9.5062697195939,10.070770235136187,0.8071411885590333,49.78886810803212,-6571.169492783543
9.5062697195939,10.070770235136187,0.8071411885590333,49.78886810803212,-6571.169492783543
9.5062697195939,10.070770235136187,0.8071411885590333,49.78886810803212,-6571.169492783543
9.5062697195939,10.070770235136187,0.8071411885590333,49.78886810803212,-6571.169492783543
9.5062697195939,10.070770235136187,0.8071411885590333,49.78886810803212,-6571.169492783543
9.5062697195939,10.070770235136187,0.8071411885590333,49.78886810803212,-6571.169492783543
9.5062697195939,10.070770235136187,0.8071411885590333,49.78886810803212,-6571.169492783543
9.41508307492661,9.323342840082267,0.8327315094366154,49.540530824288965,-6571.566376613011
9.41508307492661,9.323342840082267,0.8327315094366154,49.540530824288965,-6571.566376613011
8.848813622540069,9.942545008947741,0.811069374967485,50.39084923778694,-6571.6093631421645
8.848813622540069,9.942545008947741,0.811069374967485,50.39084923778694,-6571.6093631421645
8.848813622540069,9.942545008947741,0.811069374967485,50.39084923778694,-6571.6093631421645
10.313526888844049,10.093876631512627,0.7286546443109801,50.227136294720694,-6571.541056204902
10.313526888844049,10.093876631512627,0.7286546443109801,50.227136294720694,-6571.541056204902
10.313526888844049,10.093876631512627,0.7286546443109801,50.227136294720694,-6571.541056204902
11.015573150502577,7.712362124320817,0.7923153996767602,50.24186017275327,-6571.0816180102565
11.015573150502577,7.712362124320817,0.7923153996767602,50.24186017275327,-6571.0816180102565
11.015573150502577,7.712362124320817,0.7923153996767602,50.24186017275327,-6571.0816180102565
11.015573150502577,7.712362124320817,0.7923153996767602,50.24186017275327,-6571.0816180102565
11.015573150502577,7.712362124320817,0.7923153996767602,50.24186017275327,-6571.0816180102565
11.015573150502577,7.712362124320817,0.7923153996767602,50.24186017275327,-6571.0816180102565
11.09287965743146,7.9997394931934425,0.7212772009565922,49.96639291550875,-6571.371976119633
11.09287965743146,7.9997394931934425,0.7212772009565922,49.96639291550875,-6571.371976119633
11.09287965743146,7.9997394931934425,0.7212772009565922,49.96639291550875,-6571.371976119633
11.09287965743146,7.9997394931934425,0.7212772009565922,49.96639291550875,-6571.371976119633
11.09287965743146,7.9997394931934425,0.7212772009565922,49.96639291550875,-6571.371976119633
11.09287965743146,7.9997394931934425,0.7212772009565922,49.96639291550875,-6571.371976119633
11.09287965743146,7.9997394931934425,0.7212772009565922,49.96639291550875,-6571.371976119633
11.09287965743146,7.9997394931934425,0.7212772009565922,49.96639291550875,-6571.371976119633
9.874755943195392,8.252420241499955,0.8045409719859662,49.13629007784833,-6572.674443987097
9.874755943195392,8.252420241499955,0.8045409719859662,49.13629007784833,-6572.674443987097
9.874755943195392,8.252420241499955,0.8045409719859662,49.13629007784833,-6572.674443987097
9.874755943195392,8.252420241499955,0.8045409719859662,49.13629007784833,-6572.674443987097
9.874755943195392,8.252420241499955,0.8045409719859662,49.13629007784833,-6572.674443987097
9.874755943195392,8.252420241499955,0.8045409719859662,49.13629007784833,-6572.674443987097
9.874755943195392,8.252420241499955,0.8045409719859662,49.13629007784833,-6572.674443987097
9.874755943195392,8.252420241499955,0.8045409719859662,49.13629007784833,-6572.674443987097
9.874755943195392,8.252420241499955,0.8045409719859662,49.13629007784833,-6572.674443987097
9.874755943195392,8.252420241499955,0.8045409719859662,49.13629007784833,-6572.674443987097
9.874755943195392,8.252420241499955,0.8045409719859662,49.13629007784833,-6572.674443987097
9.874755943195392,8.252420241499955,0.8045409719859662,49.13629007784833,-6572.674443987097
9.874755943195392,8.252420241499955,0.8045409719859662,49.13629007784833,-6572.674443987097
9.874755943195392,8.252420241499955,0.8045409719859662,49.13629007784833,-6572.674443987097
9.874755943195392,8.252420241499955,0.8045409719859662,49.13629007784833,-6572.674443987097
9.874755943195392,8.252420241499955,0.8045409719859662,49.13629007784833,-6572.674443987097
9.874755943195392,8.252420241499955,0.8045409719859662,49.13629007784833,-6572.674443987097
9.874755943195392,8.252420241499955,0.8045409719859662,49.13629007784833,-6572.674443987097
9.874755943195392,8.252420241499955,0.8045409719859662,49.13629007784833,-6572.674443987097
9.874755943195392,8.252420241499955,0.8045409719859662,49.13629007784833,-6572.674443987097
9.874755943195392,8.252420241499955,0.8045409719859662,49.13629007784833,-6572.674443987097
9.874755943195392,8.252420241499955,0.8045409719859662,49.13629007784833,-6572.674443987097
9.034675997710645,11.070587597779848,0.6990772987503713,49.30652204981449,-6572.931952122152
9.034675997710645,11.070587597779848,0.6990772987503713,49.30652204981449,-6572.931952122152
9.034675997710645,11.070587597779848,0.6990772987503713,49.30652204981449,-6572.931952122152
9.81015991364868,10.862590455325455,0.7290808970202091,49.797152499950194,-6571.88696275051
9.81015991364868,10.862590455325455,0.7290808970202091,49.797152499950194,-6571.88696275051
9.81015991364868,10.862590455325455,0.7290808970202091,49.797152499950194,-6571.88696275051
9.81015991364868,10.862590455325455,0.7290808970202091,49.797152499950194,-6571.88696275051
10.347568731925834,10.485112951205275,0.7193177625099703,49.74216983859573,-6572.809103381847
10.347568731925834,10.485112951205275,0.7193177625099703,49.74216983859573,-6572.809103381847
10.347568731925834,10.485112951205275,0.7193177625099703,49.74216983859573,-6572.809103381847
10.347568731925834,10.485112951205275,0.7193177625099703,49.74216983859573,-6572.809103381847
10.347568731925834,10.485112951205275,0.7193177625099703,49.74216983859573,-6572.809103381847
8.932730479970488,11.06832890356049,0.613174604771066,49.95889701045993,-6572.654018410947
8.932730479970488,11.06832890356049,0.613174604771066,49.95889701045993,-6572.654018410947
8.932730479970488,11.06832890356049,0.613174604771066,49.95889701045993,-6572.654018410947
10.27111957038632,10.716785112880986,0.6702882602693732,49.70270209038057,-6572.649295068532
10.27111957038632,10.716785112880986,0.6702882602693732,49.70270209038057,-6572.649295068532
10.27111957038632,10.716785112880986,0.6702882602693732,49.70270209038057,-6572.649295068532
10.27111957038632,10.716785112880986,0.6702882602693732,49.70270209038057,-6572.649295068532
10.27111957038632,10.716785112880986,0.6702882602693732,49.70270209038057,-6572.649295068532
9.379076750921394,11.209881347335326,0.6390834365916034,49.780758005275935,-6571.779788637876
10.029067964698937,9.45820762381843,0.5541228426729001,49.61319967319184,-6573.178816156324
10.029067964698937,9.45820762381843,0.5541228426729001,49.61319967319184,-6573.178816156324
10.029067964698937,9.45820762381843,0.5541228426729001,49.61319967319184,-6573.178816156324
10.029067964698937,9.45820762381843,0.5541228426729001,49.61319967319184,-6573.178816156324
10.029067964698937,9.45820762381843,0.5541228426729001,49.61319967319184,-6573.178816156324
10.029067964698937,9.45820762381843,0.5541228426729001,49.61319967319184,-6573.178816156324
10.029067964698937,9.45820762381843,0.5541228426729001,49.61319967319184,-6573.178816156324
10.029067964698937,9.45820762381843,0.5541228426729001,49.61319967319184,-6573.178816156324
10.198509172379156,6.4437713645894075,0.7997847175691603,49.94569869982823,-6572.348083463564
10.799712885074445,5.117038632630914,0.9305566761348791,50.2176696459559,-6572.29249403139
10.799712885074445,5.117038632630914,0.9305566761348791,50.2176696459559,-6572.29249403139
10.799712885074445,5.117038632630914,0.9305566761348791,50.2176696459559,-6572.29249403139
11.483478055049847,6.423536269443126,0.9991147795583434,50.449433616283486,-6574.039811908371
11.483478055049847,6.423536269443126,0.9991147795583434,50.449433616283486,-6574.039811908371
11.483478055049847,6.423536269443126,0.9991147795583434,50.449433616283486,-6574.039811908371
10.905268556684392,6.370927453215376,1.0933273198229034,50.09290926944862,-6573.766066947539
10.905268556684392,6.370927453215376,1.0933273198229034,50.09290926944862,-6573.766066947539
10.905268556684392,6.370927453215376,1.0933273198229034,50.09290926944862,-6573.766066947539
10.791548824788835,6.749375918215913,1.1773273680529945,50.542314259560015,-6575.6278716976685
10.791548824788835,6.749375918215913,1.1773273680529945,50.542314259560015,-6575.6278716976685
10.17756549419725,5.430927273903584,1.249740681715098,50.510026922124744,-6575.317114989426
10.17756549419725,5.430927273903584,1.249740681715098,50.510026922124744,-6575.317114989426
10.17756549419725,5.430927273903584,1.249740681715098,50.510026922124744,-6575.317114989426
10.17756549419725,5.430927273903584,1.249740681715098,50.510026922124744,-6575.317114989426
10.17756549419725,5.430927273903584,1.249740681715098,50.510026922124744,-6575.317114989426
11.112632993988177,5.1597325814221815,1.1817041239490447,50.416865607739595,-6574.927658829192
11.31082558682919,3.740828251003708,1.173727967974838,49.97532074577455,-6575.496644115349
10.016027050278343,5.011543406559137,1.1841004342362536,50.62868769206898,-6575.52175065598
10.016027050278343,5.011543406559137,1.1841004342362536,50.62868769206898,-6575.52175065598
10.016027050278343,5.011543406559137,1.1841004342362536,50.62868769206898,-6575.52175065598
10.547833673841165,4.978131814701294,1.233719220181692,50.12591463358337,-6575.185836332492
10.547833673841165,4.978131814701294,1.233719220181692,50.12591463358337,-6575.185836332492
10.547833673841165,4.978131814701294,1.233719220181692,50.12591463358337,-6575.185836332492
10.547833673841165,4.978131814701294,1.233719220181692,50.12591463358337,-6575.185836332492
10.547833673841165,4.978131814701294,1.233719220181692,50.12591463358337,-6575.185836332492
10.547833673841165,4.978131814701294,1.233719220181692,50.12591463358337,-6575.185836332492
10.547833673841165,4.978131814701294,1.233719220181692,50.12591463358337,-6575.185836332492
10.547833673841165,4.978131814701294,1.233719220181692,50.12591463358337,-6575.185836332492
10.547833673841165,4.978131814701294,1.233719220181692,50.12591463358337,-6575.185836332492
10.547833673841165,4.978131814701294,1.233719220181692,50.12591463358337,-6575.185836332492
10.228940200949294,4.481689385266975,1.346312889479463,50.529290876526645,-6577.599325306383
10.228940200949294,4.481689385266975,1.346312889479463,50.529290876526645,-6577.599325306383
10.429636108643484,7.378051368627906,1.1796167055939568,50.199866076969336,-6575.330494213151
10.429636108643484,7.378051368627906,1.1796167055939568,50.199866076969336,-6575.330494213151
10.50365336673912,5.911542369092388,1.2380231937390525,48.936830184564535,-6577.834901561608
10.50365336673912,5.911542369092388,1.2380231937390525,48.936830184564535,-6577.834901561608
10.50365336673912,5.911542369092388,1.2380231937390525,48.936830184564535,-6577.834901561608
10.50365336673912,5.911542369092388,1.2380231937390525,48.936830184564535,-6577.834901561608
9.658740047477403,7.840799089026084,1.225807920074181,49.25735356710965,-6576.545377369653
9.658740047477403,7.840799089026084,1.225807920074181,49.25735356710965,-6576.545377369653
9.658740047477403,7.840799089026084,1.225807920074181,49.25735356710965,-6576.545377369653
9.658740047477403,7.840799089026084,1.225807920074181,49.25735356710965,-6576.545377369653
10.425724893787313,6.962035761633427,1.114005404076337,48.85666635370133,-6576.450025446964
10.425724893787313,6.962035761633427,1.114005404076337,48.85666635370133,-6576.450025446964
10.425724893787313,6.962035761633427,1.114005404076337,48.85666635370133,-6576.450025446964
9.565254153475689,5.605893217863269,1.1028206439258366,49.696911689044846,-6576.158504321842
8.515924805555889,9.374747933541286,1.151846281081305,50.479261113987334,-6575.129243970665
8.515924805555889,9.374747933541286,1.151846281081305,50.479261113987334,-6575.129243970665
8.310656949105352,9.864479638576809,0.9431913116363135,50.61170108025952,-6573.9577936616315
8.310656949105352,9.864479638576809,0.9431913116363135,50.61170108025952,-6573.9577936616315
9.261270556527345,10.284907971013478,0.8754115179884845,49.96611347398685,-6571.547107460778
9.261270556527345,10.284907971013478,0.8754115179884845,49.96611347398685,-6571.547107460778
9.261270556527345,10.284907971013478,0.8754115179884845,49.96611347398685,-6571.547107460778
9.273130825764047,9.03102994189609,0.8359449962586347,50.22627507113409,-6570.973705501282
9.273130825764047,9.03102994189609,0.8359449962586347,50.22627507113409,-6570.973705501282
9.273130825764047,9.03102994189609,0.8359449962586347,50.22627507113409,-6570.973705501282
9.273130825764047,9.03102994189609,0.8359449962586347,50.22627507113409,-6570.973705501282
9.273130825764047,9.03102994189609,0.8359449962586347,50.22627507113409,-6570.973705501282
9.273130825764047,9.03102994189609,0.8359449962586347,50.22627507113409,-6570.973705501282
9.273130825764047,9.03102994189609,0.8359449962586347,50.22627507113409,-6570.973705501282
9.273130825764047,9.03102994189609,0.8359449962586347,50.22627507113409,-6570.973705501282
9.273130825764047,9.03102994189609,0.8359449962586347,50.22627507113409,-6570.973705501282
10.481754085334567,7.133065680758214,0.6826676193660227,50.605412354273156,-6571.553478732736
10.481754085334567,7.133065680758214,0.6826676193660227,50.605412354273156,-6571.553478732736
10.59735159479716,7.319964649704044,0.6507993318150272,50.40121829938896,-6571.510612836511
10.59735159479716,7.319964649704044,0.6507993318150272,50.40121829938896,-6571.510612836511
10.59735159479716,7.319964649704044,0.6507993318150272,50.40121829938896,-6571.510612836511
10.59735159479716,7.319964649704044,0.6507993318150272,50.40121829938896,-6571.510612836511
10.59735159479716,7.319964649704044,0.6507993318150272,50.40121829938896,-6571.510612836511
10.59735159479716,7.319964649704044,0.6507993318150272,50.40121829938896,-6571.510612836511
10.59735159479716,7.319964649704044,0.6507993318150272,50.40121829938896,-6571.510612836511
10.59735159479716,7.319964649704044,0.6507993318150272,50.40121829938896,-6571.510612836511
10.59735159479716,7.319964649704044,0.6507993318150272,50.40121829938896,-6571.510612836511
10.897862145647965,8.022377956660382,0.7802562843047541,50.61951441832428,-6570.984816071299
10.897862145647965,8.022377956660382,0.7802562843047541,50.61951441832428,-6570.984816071299
10.897862145647965,8.022377956660382,0.7802562843047541,50.61951441832428,-6570.984816071299
10.897862145647965,8.022377956660382,0.7802562843047541,50.61951441832428,-6570.984816071299
10.897862145647965,8.022377956660382,0.7802562843047541,50.61951441832428,-6570.984816071299
10.855739866528639,6.771528111691222,0.7735861924155916,50.204134280404844,-6570.658312310271
10.855739866528639,6.771528111691222,0.7735861924155916,50.204134280404844,-6570.658312310271
10.678947948031116,5.988438894641221,0.7134642348785972,49.92684349030117,-6573.23667323702
10.678947948031116,5.988438894641221,0.7134642348785972,49.92684349030117,-6573.23667323702
11.256454957891432,6.343493053420155,0.6510961495801031,49.94668745659118,-6572.431465330632
11.256454957891432,6.343493053420155,0.6510961495801031,49.94668745659118,-6572.431465330632
11.256454957891432,6.343493053420155,0.6510961495801031,49.94668745659118,-6572.431465330632
11.256454957891432,6.343493053420155,0.6510961495801031,49.94668745659118,-6572.431465330632
11.256454957891432,6.343493053420155,0.6510961495801031,49.94668745659118,-6572.431465330632
11.256454957891432,6.343493053420155,0.6510961495801031,49.94668745659118,-6572.431465330632
11.256454957891432,6.343493053420155,0.6510961495801031,49.94668745659118,-6572.431465330632
11.256454957891432,6.343493053420155,0.6510961495801031,49.94668745659118,-6572.431465330632
11.256454957891432,6.343493053420155,0.6510961495801031,49.94668745659118,-6572.431465330632
11.256454957891432,6.343493053420155,0.6510961495801031,49.94668745659118,-6572.431465330632
11.367476483415494,9.519844519521486,0.6409380220862121,50.82760916321228,-6573.801123546298
11.367476483415494,9.519844519521486,0.6409380220862121,50.82760916321228,-6573.801123546298
11.212867044546904,7.442409024988582,0.7454688567071825,50.902510156998446,-6571.321945005142
11.212867044546904,7.442409024988582,0.7454688567071825,50.902510156998446,-6571.321945005142
11.212867044546904,7.442409024988582,0.7454688567071825,50.902510156998446,-6571.321945005142
11.212867044546904,7.442409024988582,0.7454688567071825,50.902510156998446,-6571.321945005142
11.212867044546904,7.442409024988582,0.7454688567071825,50.902510156998446,-6571.321945005142
11.212867044546904,7.442409024988582,0.7454688567071825,50.902510156998446,-6571.321945005142
11.212867044546904,7.442409024988582,0.7454688567071825,50.902510156998446,-6571.321945005142
10.444228754572807,8.886174791882462,0.688652161477347,51.07469382082141,-6571.039068835163
10.444228754572807,8.886174791882462,0.688652161477347,51.07469382082141,-6571.039068835163
10.444228754572807,8.886174791882462,0.688652161477347,51.07469382082141,-6571.039068835163
10.444228754572807,8.886174791882462,0.688652161477347,51.07469382082141,-6571.039068835163
10.444228754572807,8.886174791882462,0.688652161477347,51.07469382082141,-6571.039068835163
10.444228754572807,8.886174791882462,0.688652161477347,51.07469382082141,-6571.039068835163
10.444228754572807,8.886174791882462,0.688652161477347,51.07469382082141,-6571.039068835163
10.444228754572807,8.886174791882462,0.688652161477347,51.07469382082141,-6571.039068835163
10.4334961602061,9.199182324002733,0.6286205541159016,50.49455140648496,-6570.7255491162505
10.4334961602061,9.199182324002733,0.6286205541159016,50.49455140648496,-6570.7255491162505
10.4334961602061,9.199182324002733,0.6286205541159016,50.49455140648496,-6570.7255491162505
10.4334961602061,9.199182324002733,0.6286205541159016,50.49455140648496,-6570.7255491162505
10.4334961602061,9.199182324002733,0.6286205541159016,50.49455140648496,-6570.7255491162505
10.4334961602061,9.199182324002733,0.6286205541159016,50.49455140648496,-6570.7255491162505
10.4334961602061,9.199182324002733,0.6286205541159016,50.49455140648496,-6570.7255491162505
9.422264082111786,9.806032245612718,0.6700582374290864,50.48222770732347,-6571.078152820424
9.422264082111786,9.806032245612718,0.6700582374290864,50.48222770732347,-6571.078152820424
9.422264082111786,9.806032245612718,0.6700582374290864,50.48222770732347,-6571.078152820424
10.432784084497383,9.068621142882272,0.7038622085458682,50.606404926229274,-6570.527931908807
10.432784084497383,9.068621142882272,0.7038622085458682,50.606404926229274,-6570.527931908807
10.432784084497383,9.068621142882272,0.7038622085458682,50.606404926229274,-6570.527931908807
10.432784084497383,9.068621142882272,0.7038622085458682,50.606404926229274,-6570.527931908807
10.432784084497383,9.068621142882272,0.7038622085458682,50.606404926229274,-6570.527931908807
10.76158224850159,8.124675844133039,0.7726031383026705,50.70074417838884,-6570.771087234021
10.76158224850159,8.124675844133039,0.7726031383026705,50.70074417838884,-6570.771087234021
10.76158224850159,8.124675844133039,0.7726031383026705,50.70074417838884,-6570.771087234021
10.76158224850159,8.124675844133039,0.7726031383026705,50.70074417838884,-6570.771087234021
10.76158224850159,8.124675844133039,0.7726031383026705,50.70074417838884,-6570.771087234021
10.76158224850159,8.124675844133039,0.7726031383026705,50.70074417838884,-6570.771087234021
10.76158224850159,8.124675844133039,0.7726031383026705,50.70074417838884,-6570.771087234021
10.76158224850159,8.124675844133039,0.7726031383026705,50.70074417838884,-6570.771087234021
11.330838444623549,6.924493655808188,0.8301770612326955,50.74232878663643,-6571.693181250182
11.330838444623549,6.924493655808188,0.8301770612326955,50.74232878663643,-6571.693181250182
11.330838444623549,6.924493655808188,0.8301770612326955,50.74232878663643,-6571.693181250182
11.302414697784018,5.940230536274317,0.7316299590307818,51.05980531834933,-6571.985256745456
9.676840500030984,7.648844705571988,0.8758143214242986,50.79496010486031,-6571.499282155504
9.676840500030984,7.648844705571988,0.8758143214242986,50.79496010486031,-6571.499282155504
9.676840500030984,7.648844705571988,0.8758143214242986,50.79496010486031,-6571.499282155504
9.676840500030984,7.648844705571988,0.8758143214242986,50.79496010486031,-6571.499282155504
9.989448207702987,9.418988456864819,0.8328116447889805,50.65354605832069,-6571.019571202172
9.661505328738668,8.571021448162147,0.746991341295528,49.47829844562765,-6572.016065876858
9.661505328738668,8.571021448162147,0.746991341295528,49.47829844562765,-6572.016065876858
10.66485729559671,5.414109385848558,1.0166141463713658,49.79437258945826,-6572.792249825845
11.209420241734785,5.756372517686067,0.9747837366407929,49.88488999057544,-6572.513366849634
11.209420241734785,5.756372517686067,0.9747837366407929,49.88488999057544,-6572.513366849634
10.959249521116112,5.447292990242739,0.9141004928140293,49.72270378340061,-6572.299489680452
10.959249521116112,5.447292990242739,0.9141004928140293,49.72270378340061,-6572.299489680452
10.959249521116112,5.447292990242739,0.9141004928140293,49.72270378340061,-6572.299489680452
11.211370527539737,7.972040504596935,0.7762716949711479,50.09228564775982,-6571.945620937798
10.622504467871874,6.980228887141799,0.8738243763587156,50.54584660732136,-6570.683083464593
10.622504467871874,6.980228887141799,0.8738243763587156,50.54584660732136,-6570.683083464593
10.68749665682043,6.902451194037797,0.8654506590995963,50.935231180447595,-6571.101065813667
10.68749665682043,6.902451194037797,0.8654506590995963,50.935231180447595,-6571.101065813667
10.68749665682043,6.902451194037797,0.8654506590995963,50.935231180447595,-6571.101065813667
10.68749665682043,6.902451194037797,0.8654506590995963,50.935231180447595,-6571.101065813667
10.68749665682043,6.902451194037797,0.8654506590995963,50.935231180447595,-6571.101065813667
11.466281576264166,5.094562601248606,0.8375472520728217,50.98648025842112,-6572.266137372815
11.466281576264166,5.094562601248606,0.8375472520728217,50.98648025842112,-6572.266137372815
10.299472708964528,5.182104400852181,0.9892993135523059,51.11269820113255,-6574.294515576716
10.299472708964528,5.182104400852181,0.9892993135523059,51.11269820113255,-6574.294515576716
11.255310261277977,7.221295543789445,0.7837829048810999,51.83914555107578,-6574.015557119668
11.255310261277977,7.221295543789445,0.7837829048810999,51.83914555107578,-6574.015557119668
11.255310261277977,7.221295543789445,0.7837829048810999,51.83914555107578,-6574.015557119668
11.255310261277977,7.221295543789445,0.7837829048810999,51.83914555107578,-6574.015557119668
11.255310261277977,7.221295543789445,0.7837829048810999,51.83914555107578,-6574.015557119668
11.255310261277977,7.221295543789445,0.7837829048810999,51.83914555107578,-6574.015557119668
11.255310261277977,7.221295543789445,0.7837829048810999,51.83914555107578,-6574.015557119668
11.255310261277977,7.221295543789445,0.7837829048810999,51.83914555107578,-6574.015557119668
11.255310261277977,7.221295543789445,0.7837829048810999,51.83914555107578,-6574.015557119668
11.255310261277977,7.221295543789445,0.7837829048810999,51.83914555107578,-6574.015557119668
10.67898372804424,8.151891173868329,0.9989880654909707,51.09744353582751,-6574.436873012732
10.67898372804424,8.151891173868329,0.9989880654909707,51.09744353582751,-6574.436873012732
10.237353651056038,7.352226340964239,1.0349656871278476,50.537825342339005,-6572.158183622206
10.237353651056038,7.352226340964239,1.0349656871278476,50.537825342339005,-6572.158183622206
10.237353651056038,7.352226340964239,1.0349656871278476,50.537825342339005,-6572.158183622206
11.557354162452004,8.345506054590217,0.7618773810614096,50.18125343968975,-6573.829913368534
11.557354162452004,8.345506054590217,0.7618773810614096,50.18125343968975,-6573.829913368534
11.557354162452004,8.345506054590217,0.7618773810614096,50.18125343968975,-6573.829913368534
11.281223701545128,8.768299322988478,0.7239912656349463,49.45813822383271,-6574.123037775989
11.281223701545128,8.768299322988478,0.7239912656349463,49.45813822383271,-6574.123037775989
11.281223701545128,8.768299322988478,0.7239912656349463,49.45813822383271,-6574.123037775989
11.281223701545128,8.768299322988478,0.7239912656349463,49.45813822383271,-6574.123037775989
11.687896155488584,5.528647882724443,0.9468981617042765,49.73872320303498,-6573.532850993445
11.687896155488584,5.528647882724443,0.9468981617042765,49.73872320303498,-6573.532850993445
11.687896155488584,5.528647882724443,0.9468981617042765,49.73872320303498,-6573.532850993445
11.687896155488584,5.528647882724443,0.9468981617042765,49.73872320303498,-6573.532850993445
11.687896155488584,5.528647882724443,0.9468981617042765,49.73872320303498,-6573.532850993445
11.687896155488584,5.528647882724443,0.9468981617042765,49.73872320303498,-6573.532850993445
10.629637661995222,6.112719756416891,0.9278164122146426,49.37692808394108,-6572.746577748383
10.233673363226588,6.781683498457847,0.9628960020293565,49.320259136559024,-6572.8300680472585
10.233673363226588,6.781683498457847,0.9628960020293565,49.320259136559024,-6572.8300680472585
10.233673363226588,6.781683498457847,0.9628960020293565,49.320259136559024,-6572.8300680472585
10.233673363226588,6.781683498457847,0.9628960020293565,49.320259136559024,-6572.8300680472585
10.233673363226588,6.781683498457847,0.9628960020293565,49.320259136559024,-6572.8300680472585
10.233673363226588,6.781683498457847,0.9628960020293565,49.320259136559024,-6572.8300680472585
10.233673363226588,6.781683498457847,0.9628960020293565,49.320259136559024,-6572.8300680472585
9.8173010213501,7.59226530128986,0.8747582890711333,49.60168843209844,-6571.73533724715
9.8173010213501,7.59226530128986,0.8747582890711333,49.60168843209844,-6571.73533724715
9.8173010213501,7.59226530128986,0.8747582890711333,49.60168843209844,-6571.73533724715
9.8173010213501,7.59226530128986,0.8747582890711333,49.60168843209844,-6571.73533724715
9.8173010213501,7.59226530128986,0.8747582890711333,49.60168843209844,-6571.73533724715
9.8173010213501,7.59226530128986,0.8747582890711333,49.60168843209844,-6571.73533724715
9.8173010213501,7.59226530128986,0.8747582890711333,49.60168843209844,-6571.73533724715
10.102402079302049,6.344340044865672,0.8566633026502201,49.56639684545461,-6573.092647173917
10.102402079302049,6.344340044865672,0.8566633026502201,49.56639684545461,-6573.092647173917
10.102402079302049,6.344340044865672,0.8566633026502201,49.56639684545461,-6573.092647173917
10.102402079302049,6.344340044865672,0.8566633026502201,49.56639684545461,-6573.092647173917
10.102402079302049,6.344340044865672,0.8566633026502201,49.56639684545461,-6573.092647173917
10.102402079302049,6.344340044865672,0.8566633026502201,49.56639684545461,-6573.092647173917
10.949300690851732,5.704691914243997,0.8695288717111176,49.357705464282134,-6572.973023405189
10.949300690851732,5.704691914243997,0.8695288717111176,49.357705464282134,-6572.973023405189
10.949300690851732,5.704691914243997,0.8695288717111176,49.357705464282134,-6572.973023405189
10.949300690851732,5.704691914243997,0.8695288717111176,49.357705464282134,-6572.973023405189
10.949300690851732,5.704691914243997,0.8695288717111176,49.357705464282134,-6572.973023405189
10.949300690851732,5.704691914243997,0.8695288717111176,49.357705464282134,-6572.973023405189
10.949300690851732,5.704691914243997,0.8695288717111176,49.357705464282134,-6572.973023405189
10.949300690851732,5.704691914243997,0.8695288717111176,49.357705464282134,-6572.973023405189
10.949300690851732,5.704691914243997,0.8695288717111176,49.357705464282134,-6572.973023405189
10.949300690851732,5.704691914243997,0.8695288717111176,49.357705464282134,-6572.973023405189
10.949300690851732,5.704691914243997,0.8695288717111176,49.357705464282134,-6572.973023405189
11.11923290381128,6.37184837547543,0.8392697628899612,49.97556609519439,-6571.2257406906965
11.11923290381128,6.37184837547543,0.8392697628899612,49.97556609519439,-6571.2257406906965
11.11923290381128,6.37184837547543,0.8392697628899612,49.97556609519439,-6571.2257406906965
11.11923290381128,6.37184837547543,0.8392697628899612,49.97556609519439,-6571.2257406906965
11.11923290381128,6.37184837547543,0.8392697628899612,49.97556609519439,-6571.2257406906965
11.356355364166864,6.750836692310692,0.8505092220028051,50.37915340937061,-6571.686212650533
11.356355364166864,6.750836692310692,0.8505092220028051,50.37915340937061,-6571.686212650533
10.439145905727125,7.494149823420439,0.8078052035090058,50.10561870456684,-6570.390745993722
10.439145905727125,7.494149823420439,0.8078052035090058,50.10561870456684,-6570.390745993722
10.439145905727125,7.494149823420439,0.8078052035090058,50.10561870456684,-6570.390745993722
10.439145905727125,7.494149823420439,0.8078052035090058,50.10561870456684,-6570.390745993722
10.439145905727125,7.494149823420439,0.8078052035090058,50.10561870456684,-6570.390745993722
10.439145905727125,7.494149823420439,0.8078052035090058,50.10561870456684,-6570.390745993722
10.439145905727125,7.494149823420439,0.8078052035090058,50.10561870456684,-6570.390745993722
10.743494340784247,10.589541841888297,0.6692143467656733,50.8900546030563,-6573.617569443835
10.743494340784247,10.589541841888297,0.6692143467656733,50.8900546030563,-6573.617569443835
12.013212785513792,7.950085357577775,0.5830231948960226,50.07716674532851,-6573.982181168163
11.378275015641705,8.7501027748787,0.562872285064965,49.76739451369256,-6573.329715589392
11.904638180640601,8.321477118731924,0.5137463581518948,50.71774475692483,-6573.975074905996
11.904638180640601,8.321477118731924,0.5137463581518948,50.71774475692483,-6573.975074905996
11.904638180640601,8.321477118731924,0.5137463581518948,50.71774475692483,-6573.975074905996
11.904638180640601,8.321477118731924,0.5137463581518948,50.71774475692483,-6573.975074905996
11.904638180640601,8.321477118731924,0.5137463581518948,50.71774475692483,-6573.975074905996
11.191939215659454,7.323211943400116,0.5902989681142239,50.22746833478582,-6572.073395730675
11.050958955702606,6.241888058688094,0.5949902240895407,50.59625709834146,-6574.040903468845
10.289150840447682,8.254581262437679,0.5703890609725921,50.396275596924504,-6572.63127665243
10.289150840447682,8.254581262437679,0.5703890609725921,50.396275596924504,-6572.63127665243
9.703011023937783,8.088370878815121,0.7079303941679995,50.55415131710186,-6571.894591356212
10.780600598454233,8.114430320994437,0.860809774106932,49.98487013975947,-6571.78837000146
10.780600598454233,8.114430320994437,0.860809774106932,49.98487013975947,-6571.78837000146
10.780600598454233,8.114430320994437,0.860809774106932,49.98487013975947,-6571.78837000146
10.780600598454233,8.114430320994437,0.860809774106932,49.98487013975947,-6571.78837000146
10.390136048873428,6.817622648649024,0.8182691435467355,49.77146786852526,-6571.350460007795
10.390136048873428,6.817622648649024,0.8182691435467355,49.77146786852526,-6571.350460007795
10.390136048873428,6.817622648649024,0.8182691435467355,49.77146786852526,-6571.350460007795
10.390136048873428,6.817622648649024,0.8182691435467355,49.77146786852526,-6571.350460007795
10.540404391604493,8.619466999444416,0.8439871807485051,50.36757821283515,-6571.301030778997
9.872648992527804,7.499320512906816,0.9839213125204163,50.477462986134526,-6571.414528584088
9.872648992527804,7.499320512906816,0.9839213125204163,50.477462986134526,-6571.414528584088
9.872648992527804,7.499320512906816,0.9839213125204163,50.477462986134526,-6571.414528584088
9.872648992527804,7.499320512906816,0.9839213125204163,50.477462986134526,-6571.414528584088
9.872648992527804,7.499320512906816,0.9839213125204163,50.477462986134526,-6571.414528584088
9.872648992527804,7.499320512906816,0.9839213125204163,50.477462986134526,-6571.414528584088
9.872648992527804,7.499320512906816,0.9839213125204163,50.477462986134526,-6571.414528584088
10.164500203435765,8.035998670433244,0.8187485532261978,50.07965519989202,-6570.339661907226
10.164500203435765,8.035998670433244,0.8187485532261978,50.07965519989202,-6570.339661907226
10.164500203435765,8.035998670433244,0.8187485532261978,50.07965519989202,-6570.339661907226
10.164500203435765,8.035998670433244,0.8187485532261978,50.07965519989202,-6570.339661907226
10.164500203435765,8.035998670433244,0.8187485532261978,50.07965519989202,-6570.339661907226
10.164500203435765,8.035998670433244,0.8187485532261978,50.07965519989202,-6570.339661907226
10.164500203435765,8.035998670433244,0.8187485532261978,50.07965519989202,-6570.339661907226
10.164500203435765,8.035998670433244,0.8187485532261978,50.07965519989202,-6570.339661907226
10.164500203435765,8.035998670433244,0.8187485532261978,50.07965519989202,-6570.339661907226
10.164500203435765,8.035998670433244,0.8187485532261978,50.07965519989202,-6570.339661907226
10.164500203435765,8.035998670433244,0.8187485532261978,50.07965519989202,-6570.339661907226
10.164500203435765,8.035998670433244,0.8187485532261978,50.07965519989202,-6570.339661907226
10.164500203435765,8.035998670433244,0.8187485532261978,50.07965519989202,-6570.339661907226
10.312933945420411,7.715289920973606,0.7700651374208022,50.06048429231504,-6570.429439539374
10.312933945420411,7.715289920973606,0.7700651374208022,50.06048429231504,-6570.429439539374
11.420021233315921,7.4586079345300345,0.6856290100819166,50.31658586489095,-6571.412920195072
11.420021233315921,7.4586079345300345,0.6856290100819166,50.31658586489095,-6571.412920195072
11.420021233315921,7.4586079345300345,0.6856290100819166,50.31658586489095,-6571.412920195072
11.420021233315921,7.4586079345300345,0.6856290100819166,50.31658586489095,-6571.412920195072
11.420021233315921,7.4586079345300345,0.6856290100819166,50.31658586489095,-6571.412920195072
11.420021233315921,7.4586079345300345,0.6856290100819166,50.31658586489095,-6571.412920195072
11.420021233315921,7.4586079345300345,0.6856290100819166,50.31658586489095,-6571.412920195072
11.420021233315921,7.4586079345300345,0.6856290100819166,50.31658586489095,-6571.412920195072
11.420021233315921,7.4586079345300345,0.6856290100819166,50.31658586489095,-6571.412920195072
11.420021233315921,7.4586079345300345,0.6856290100819166,50.31658586489095,-6571.412920195072
11.420021233315921,7.4586079345300345,0.6856290100819166,50.31658586489095,-6571.412920195072
11.038368172333225,8.652885883707592,0.6751192439595685,50.04514961683841,-6571.58389412659
11.038368172333225,8.652885883707592,0.6751192439595685,50.04514961683841,-6571.58389412659
11.038368172333225,8.652885883707592,0.6751192439595685,50.04514961683841,-6571.58389412659
11.038368172333225,8.652885883707592,0.6751192439595685,50.04514961683841,-6571.58389412659
11.038368172333225,8.652885883707592,0.6751192439595685,50.04514961683841,-6571.58389412659
11.038368172333225,8.652885883707592,0.6751192439595685,50.04514961683841,-6571.58389412659
11.038368172333225,8.652885883707592,0.6751192439595685,50.04514961683841,-6571.58389412659
11.038368172333225,8.652885883707592,0.6751192439595685,50.04514961683841,-6571.58389412659
11.038368172333225,8.652885883707592,0.6751192439595685,50.04514961683841,-6571.58389412659
11.038368172333225,8.652885883707592,0.6751192439595685,50.04514961683841,-6571.58389412659
11.038368172333225,8.652885883707592,0.6751192439595685,50.04514961683841,-6571.58389412659
11.038368172333225,8.652885883707592,0.6751192439595685,50.04514961683841,-6571.58389412659
11.038368172333225,8.652885883707592,0.6751192439595685,50.04514961683841,-6571.58389412659
11.038368172333225,8.652885883707592,0.6751192439595685,50.04514961683841,-6571.58389412659
11.038368172333225,8.652885883707592,0.6751192439595685,50.04514961683841,-6571.58389412659
11.038368172333225,8.652885883707592,0.6751192439595685,50.04514961683841,-6571.58389412659
11.038368172333225,8.652885883707592,0.6751192439595685,50.04514961683841,-6571.58389412659
11.038368172333225,8.652885883707592,0.6751192439595685,50.04514961683841,-6571.58389412659
11.038368172333225,8.652885883707592,0.6751192439595685,50.04514961683841,-6571.58389412659
11.038368172333225,8.652885883707592,0.6751192439595685,50.04514961683841,-6571.58389412659
11.038368172333225,8.652885883707592,0.6751192439595685,50.04514961683841,-6571.58389412659
11.038368172333225,8.652885883707592,0.6751192439595685,50.04514961683841,-6571.58389412659
10.338232070060332,9.336696645069587,0.7250302003425345,49.492533086722375,-6571.8205487225105
10.338232070060332,9.336696645069587,0.7250302003425345,49.492533086722375,-6571.8205487225105
10.338232070060332,9.336696645069587,0.7250302003425345,49.492533086722375,-6571.8205487225105
10.338232070060332,9.336696645069587,0.7250302003425345,49.492533086722375,-6571.8205487225105
10.338232070060332,9.336696645069587,0.7250302003425345,49.492533086722375,-6571.8205487225105
10.338232070060332,9.336696645069587,0.7250302003425345,49.492533086722375,-6571.8205487225105
10.337204791557689,9.633059815036797,0.7198865392804263,50.05844551994565,-6571.045816220345
10.337204791557689,9.633059815036797,0.7198865392804263,50.05844551994565,-6571.045816220345
11.276402903800008,8.34747852085286,0.7310785781013092,50.16620939606493,-6572.211265266038
9.712453677221179,10.314461280768224,0.552063873155874,50.08906677330779,-6572.218098990574
9.712453677221179,10.314461280768224,0.552063873155874,50.08906677330779,-6572.218098990574
9.712453677221179,10.314461280768224,0.552063873155874,50.08906677330779,-6572.218098990574
9.712453677221179,10.314461280768224,0.552063873155874,50.08906677330779,-6572.218098990574
9.712453677221179,10.314461280768224,0.552063873155874,50.08906677330779,-6572.218098990574
9.712453677221179,10.314461280768224,0.552063873155874,50.08906677330779,-6572.218098990574
8.53721557638375,11.51013795278823,0.7724377493916792,50.51999153394522,-6572.179493516984
8.53721557638375,11.51013795278823,0.7724377493916792,50.51999153394522,-6572.179493516984
8.53721557638375,11.51013795278823,0.7724377493916792,50.51999153394522,-6572.179493516984
8.53721557638375,11.51013795278823,0.7724377493916792,50.51999153394522,-6572.179493516984
8.53721557638375,11.51013795278823,0.7724377493916792,50.51999153394522,-6572.179493516984
8.637200049403607,13.823429221662185,0.5360553912168187,50.84381875944184,-6574.5340041413165
8.637200049403607,13.823429221662185,0.5360553912168187,50.84381875944184,-6574.5340041413165
8.637200049403607,13.823429221662185,0.5360553912168187,50.84381875944184,-6574.5340041413165
8.637200049403607,13.823429221662185,0.5360553912168187,50.84381875944184,-6574.5340041413165
8.637200049403607,13.823429221662185,0.5360553912168187,50.84381875944184,-6574.5340041413165
8.637200049403607,13.823429221662185,0.5360553912168187,50.84381875944184,-6574.5340041413165
8.637200049403607,13.823429221662185,0.5360553912168187,50.84381875944184,-6574.5340041413165
8.637200049403607,13.823429221662185,0.5360553912168187,50.84381875944184,-6574.5340041413165
8.637200049403607,13.823429221662185,0.5360553912168187,50.84381875944184,-6574.5340041413165
9.813500679366898,13.33655139177322,0.45905972200925305,51.19649437775339,-6575.632911866598
9.813500679366898,13.33655139177322,0.45905972200925305,51.19649437775339,-6575.632911866598
9.813500679366898,13.33655139177322,0.45905972200925305,51.19649437775339,-6575.632911866598
9.813500679366898,13.33655139177322,0.45905972200925305,51.19649437775339,-6575.632911866598
9.548536868669437,12.475685283008417,0.6584021543570913,50.585215524504676,-6572.9634062267705
9.548536868669437,12.475685283008417,0.6584021543570913,50.585215524504676,-6572.9634062267705
9.548536868669437,12.475685283008417,0.6584021543570913,50.585215524504676,-6572.9634062267705
9.548536868669437,12.475685283008417,0.6584021543570913,50.585215524504676,-6572.9634062267705
9.548536868669437,12.475685283008417,0.6584021543570913,50.585215524504676,-6572.9634062267705
9.548536868669437,12.475685283008417,0.6584021543570913,50.585215524504676,-6572.9634062267705
8.361227712001538,12.221391593559039,0.729776722049912,50.40519997013111,-6572.68669599338
8.361227712001538,12.221391593559039,0.729776722049912,50.40519997013111,-6572.68669599338
8.020560418915228,12.381518156317032,0.7885337617335354,50.69100207068918,-6573.910827328225
8.020560418915228,12.381518156317032,0.7885337617335354,50.69100207068918,-6573.910827328225
8.020560418915228,12.381518156317032,0.7885337617335354,50.69100207068918,-6573.910827328225
8.286241168520595,11.972055241606357,0.6314698981044192,50.35803763115296,-6573.992994917171
8.286241168520595,11.972055241606357,0.6314698981044192,50.35803763115296,-6573.992994917171
8.286241168520595,11.972055241606357,0.6314698981044192,50.35803763115296,-6573.992994917171
8.286241168520595,11.972055241606357,0.6314698981044192,50.35803763115296,-6573.992994917171
8.286241168520595,11.972055241606357,0.6314698981044192,50.35803763115296,-6573.992994917171
8.286241168520595,11.972055241606357,0.6314698981044192,50.35803763115296,-6573.992994917171
8.286241168520595,11.972055241606357,0.6314698981044192,50.35803763115296,-6573.992994917171
8.286241168520595,11.972055241606357,0.6314698981044192,50.35803763115296,-6573.992994917171
8.286241168520595,11.972055241606357,0.6314698981044192,50.35803763115296,-6573.992994917171
8.286241168520595,11.972055241606357,0.6314698981044192,50.35803763115296,-6573.992994917171
8.573811639298613,13.238422294692805,0.6924766468014704,50.3633957620555,-6573.08570382411
8.573811639298613,13.238422294692805,0.6924766468014704,50.3633957620555,-6573.08570382411
8.616004287948778,12.98617698294191,0.7018778225008184,50.116558674974335,-6572.879365264502
8.616004287948778,12.98617698294191,0.7018778225008184,50.116558674974335,-6572.879365264502
9.005014423539068,10.234270071549707,0.9105221981594482,50.02397890973224,-6571.809743996241
9.005014423539068,10.234270071549707,0.9105221981594482,50.02397890973224,-6571.809743996241
9.005014423539068,10.234270071549707,0.9105221981594482,50.02397890973224,-6571.809743996241
9.005014423539068,10.234270071549707,0.9105221981594482,50.02397890973224,-6571.809743996241
9.005014423539068,10.234270071549707,0.9105221981594482,50.02397890973224,-6571.809743996241
9.005014423539068,10.234270071549707,0.9105221981594482,50.02397890973224,-6571.809743996241
10.275949796821699,8.525111152141253,0.9205581124840145,49.020831356921946,-6574.044742872662
10.275949796821699,8.525111152141253,0.9205581124840145,49.020831356921946,-6574.044742872662
10.275949796821699,8.525111152141253,0.9205581124840145,49.020831356921946,-6574.044742872662
10.275949796821699,8.525111152141253,0.9205581124840145,49.020831356921946,-6574.044742872662
10.275949796821699,8.525111152141253,0.9205581124840145,49.020831356921946,-6574.044742872662
10.275949796821699,8.525111152141253,0.9205581124840145,49.020831356921946,-6574.044742872662
10.275949796821699,8.525111152141253,0.9205581124840145,49.020831356921946,-6574.044742872662
10.275949796821699,8.525111152141253,0.9205581124840145,49.020831356921946,-6574.044742872662
10.275949796821699,8.525111152141253,0.9205581124840145,49.020831356921946,-6574.044742872662
10.275949796821699,8.525111152141253,0.9205581124840145,49.020831356921946,-6574.044742872662
9.682996871476279,9.54978421213543,0.9874724195060437,49.376241795080524,-6573.857715185672
9.682996871476279,9.54978421213543,0.9874724195060437,49.376241795080524,-6573.857715185672
10.868280442326505,8.675342405567628,0.8537296122353664,49.57289279408304,-6573.591645842345
10.868280442326505,8.675342405567628,0.8537296122353664,49.57289279408304,-6573.591645842345
10.868280442326505,8.675342405567628,0.8537296122353664,49.57289279408304,-6573.591645842345
9.613484079432176,9.929497314915809,0.8749251642536615,50.77196272159221,-6571.64928216615
9.613484079432176,9.929497314915809,0.8749251642536615,50.77196272159221,-6571.64928216615
9.613484079432176,9.929497314915809,0.8749251642536615,50.77196272159221,-6571.64928216615
9.90524828382675,8.466863838941775,0.7433492659893598,50.72021113611266,-6570.58043520776
9.90524828382675,8.466863838941775,0.7433492659893598,50.72021113611266,-6570.58043520776
9.90524828382675,8.466863838941775,0.7433492659893598,50.72021113611266,-6570.58043520776
9.90524828382675,8.466863838941775,0.7433492659893598,50.72021113611266,-6570.58043520776
9.90524828382675,8.466863838941775,0.7433492659893598,50.72021113611266,-6570.58043520776
9.90524828382675,8.466863838941775,0.7433492659893598,50.72021113611266,-6570.58043520776
9.90524828382675,8.466863838941775,0.7433492659893598,50.72021113611266,-6570.58043520776
9.90524828382675,8.466863838941775,0.7433492659893598,50.72021113611266,-6570.58043520776
9.90524828382675,8.466863838941775,0.7433492659893598,50.72021113611266,-6570.58043520776
9.883103846870213,10.066558024652117,0.5975781779859073,50.21774170557971,-6571.172693747646
9.466229200012217,11.813082818957374,0.6154092947213372,50.445553207209024,-6571.74330421308
9.466229200012217,11.813082818957374,0.6154092947213372,50.445553207209024,-6571.74330421308
9.466229200012217,11.813082818957374,0.6154092947213372,50.445553207209024,-6571.74330421308
9.466229200012217,11.813082818957374,0.6154092947213372,50.445553207209024,-6571.74330421308
9.466229200012217,11.813082818957374,0.6154092947213372,50.445553207209024,-6571.74330421308
9.466229200012217,11.813082818957374,0.6154092947213372,50.445553207209024,-6571.74330421308
9.466229200012217,11.813082818957374,0.6154092947213372,50.445553207209024,-6571.74330421308
9.466229200012217,11.813082818957374,0.6154092947213372,50.445553207209024,-6571.74330421308
10.588826841309555,8.213566389623198,0.6433236579480099,50.672171675928176,-6570.818722550644
10.376857347401145,7.655187596234464,0.7751427054105018,51.17341838586115,-6571.208338910758
10.376857347401145,7.655187596234464,0.7751427054105018,51.17341838586115,-6571.208338910758
10.376857347401145,7.655187596234464,0.7751427054105018,51.17341838586115,-6571.208338910758
10.376857347401145,7.655187596234464,0.7751427054105018,51.17341838586115,-6571.208338910758
10.376857347401145,7.655187596234464,0.7751427054105018,51.17341838586115,-6571.208338910758
10.376857347401145,7.655187596234464,0.7751427054105018,51.17341838586115,-6571.208338910758
10.376857347401145,7.655187596234464,0.7751427054105018,51.17341838586115,-6571.208338910758
10.376857347401145,7.655187596234464,0.7751427054105018,51.17341838586115,-6571.208338910758
10.376857347401145,7.655187596234464,0.7751427054105018,51.17341838586115,-6571.208338910758
10.376857347401145,7.655187596234464,0.7751427054105018,51.17341838586115,-6571.208338910758
10.376857347401145,7.655187596234464,0.7751427054105018,51.17341838586115,-6571.208338910758
10.376857347401145,7.655187596234464,0.7751427054105018,51.17341838586115,-6571.208338910758
10.376857347401145,7.655187596234464,0.7751427054105018,51.17341838586115,-6571.208338910758
10.376857347401145,7.655187596234464,0.7751427054105018,51.17341838586115,-6571.208338910758
10.376857347401145,7.655187596234464,0.7751427054105018,51.17341838586115,-6571.208338910758
10.376857347401145,7.655187596234464,0.7751427054105018,51.17341838586115,-6571.208338910758
10.376857347401145,7.655187596234464,0.7751427054105018,51.17341838586115,-6571.208338910758
10.376857347401145,7.655187596234464,0.7751427054105018,51.17341838586115,-6571.208338910758
10.376857347401145,7.655187596234464,0.7751427054105018,51.17341838586115,-6571.208338910758
10.376857347401145,7.655187596234464,0.7751427054105018,51.17341838586115,-6571.208338910758
10.872244623882372,6.512783848038497,0.6988149781299093,51.02924734663375,-6572.006532925181
10.854891087452733,6.968111090029494,0.9089740064209128,51.21403578476452,-6572.258819750738
10.854891087452733,6.968111090029494,0.9089740064209128,51.21403578476452,-6572.258819750738
10.854891087452733,6.968111090029494,0.9089740064209128,51.21403578476452,-6572.258819750738
10.854891087452733,6.968111090029494,0.9089740064209128,51.21403578476452,-6572.258819750738
10.854891087452733,6.968111090029494,0.9089740064209128,51.21403578476452,-6572.258819750738
10.854891087452733,6.968111090029494,0.9089740064209128,51.21403578476452,-6572.258819750738
10.854891087452733,6.968111090029494,0.9089740064209128,51.21403578476452,-6572.258819750738
11.748971523391287,6.275546367016531,0.8546072197236316,50.65998781786174,-6572.632542551564
11.748971523391287,6.275546367016531,0.8546072197236316,50.65998781786174,-6572.632542551564
11.748971523391287,6.275546367016531,0.8546072197236316,50.65998781786174,-6572.632542551564
11.748971523391287,6.275546367016531,0.8546072197236316,50.65998781786174,-6572.632542551564
12.231956483075628,6.107291508629764,0.7589477695715269,50.40763548862783,-6573.244530610335
12.231956483075628,6.107291508629764,0.7589477695715269,50.40763548862783,-6573.244530610335
11.204518487161494,6.998937229591056,0.8027833466053517,50.27031350517246,-6571.085972817763
11.204518487161494,6.998937229591056,0.8027833466053517,50.27031350517246,-6571.085972817763
11.204518487161494,6.998937229591056,0.8027833466053517,50.27031350517246,-6571.085972817763
11.204518487161494,6.998937229591056,0.8027833466053517,50.27031350517246,-6571.085972817763
11.07062673389804,6.161790915432138,0.7364029919366716,50.52931416426607,-6571.277910681916
11.07062673389804,6.161790915432138,0.7364029919366716,50.52931416426607,-6571.277910681916
10.897643205937465,7.367239554987034,0.6993324938654649,49.561709715515924,-6571.813581454318
10.897643205937465,7.367239554987034,0.6993324938654649,49.561709715515924,-6571.813581454318
10.897643205937465,7.367239554987034,0.6993324938654649,49.561709715515924,-6571.813581454318
10.897643205937465,7.367239554987034,0.6993324938654649,49.561709715515924,-6571.813581454318
10.897643205937465,7.367239554987034,0.6993324938654649,49.561709715515924,-6571.813581454318
10.897643205937465,7.367239554987034,0.6993324938654649,49.561709715515924,-6571.813581454318
11.622864685997882,6.663160916966692,0.6807507517229523,49.83576517964692,-6572.222895361148
11.622864685997882,6.663160916966692,0.6807507517229523,49.83576517964692,-6572.222895361148
11.622864685997882,6.663160916966692,0.6807507517229523,49.83576517964692,-6572.222895361148
12.2341730004215,6.437758444529791,0.7291291581626156,49.91312561912278,-6573.851678853782
11.369577169901312,6.728528953055473,0.6585422920031918,49.61569104486044,-6572.606341835366
11.369577169901312,6.728528953055473,0.6585422920031918,49.61569104486044,-6572.606341835366
11.369577169901312,6.728528953055473,0.6585422920031918,49.61569104486044,-6572.606341835366
11.369577169901312,6.728528953055473,0.6585422920031918,49.61569104486044,-6572.606341835366
11.369577169901312,6.728528953055473,0.6585422920031918,49.61569104486044,-6572.606341835366
11.369577169901312,6.728528953055473,0.6585422920031918,49.61569104486044,-6572.606341835366
9.445292589882223,8.675012073708416,0.6360364337890092,49.69255449665798,-6574.208268107628
10.976423314855221,6.345674557650111,0.6033610720432097,49.89699320851646,-6574.295133909867
10.976423314855221,6.345674557650111,0.6033610720432097,49.89699320851646,-6574.295133909867
11.006804904454546,5.558937752463432,0.7858449090826268,50.1276012323215,-6571.9487261012655
11.006804904454546,5.558937752463432,0.7858449090826268,50.1276012323215,-6571.9487261012655
11.006804904454546,5.558937752463432,0.7858449090826268,50.1276012323215,-6571.9487261012655
11.006804904454546,5.558937752463432,0.7858449090826268,50.1276012323215,-6571.9487261012655
11.006804904454546,5.558937752463432,0.7858449090826268,50.1276012323215,-6571.9487261012655
11.006804904454546,5.558937752463432,0.7858449090826268,50.1276012323215,-6571.9487261012655
11.006804904454546,5.558937752463432,0.7858449090826268,50.1276012323215,-6571.9487261012655
11.006804904454546,5.558937752463432,0.7858449090826268,50.1276012323215,-6571.9487261012655
11.006804904454546,5.558937752463432,0.7858449090826268,50.1276012323215,-6571.9487261012655
11.795415440059788,5.326136503875955,0.7195370137986475,50.32171866120392,-6572.250571761053
11.795415440059788,5.326136503875955,0.7195370137986475,50.32171866120392,-6572.250571761053
11.795415440059788,5.326136503875955,0.7195370137986475,50.32171866120392,-6572.250571761053
11.795415440059788,5.326136503875955,0.7195370137986475,50.32171866120392,-6572.250571761053
11.795415440059788,5.326136503875955,0.7195370137986475,50.32171866120392,-6572.250571761053
11.795415440059788,5.326136503875955,0.7195370137986475,50.32171866120392,-6572.250571761053
11.795415440059788,5.326136503875955,0.7195370137986475,50.32171866120392,-6572.250571761053
11.795415440059788,5.326136503875955,0.7195370137986475,50.32171866120392,-6572.250571761053
11.795415440059788,5.326136503875955,0.7195370137986475,50.32171866120392,-6572.250571761053
11.795415440059788,5.326136503875955,0.7195370137986475,50.32171866120392,-6572.250571761053
11.795415440059788,5.326136503875955,0.7195370137986475,50.32171866120392,-6572.250571761053
11.795415440059788,5.326136503875955,0.7195370137986475,50.32171866120392,-6572.250571761053
11.795415440059788,5.326136503875955,0.7195370137986475,50.32171866120392,-6572.250571761053
11.795415440059788,5.326136503875955,0.7195370137986475,50.32171866120392,-6572.250571761053
11.795415440059788,5.326136503875955,0.7195370137986475,50.32171866120392,-6572.250571761053
11.977014147941032,5.299490634082526,0.6037584074596235,50.780054581720684,-6574.143054286023
11.977014147941032,5.299490634082526,0.6037584074596235,50.780054581720684,-6574.143054286023
11.977014147941032,5.299490634082526,0.6037584074596235,50.780054581720684,-6574.143054286023
11.977014147941032,5.299490634082526,0.6037584074596235,50.780054581720684,-6574.143054286023
11.977014147941032,5.299490634082526,0.6037584074596235,50.780054581720684,-6574.143054286023
11.977014147941032,5.299490634082526,0.6037584074596235,50.780054581720684,-6574.143054286023
11.94298383391835,6.959107909249746,0.5048445339601608,50.36652328325131,-6574.3574874452825
11.94298383391835,6.959107909249746,0.5048445339601608,50.36652328325131,-6574.3574874452825
12.1608824108389,5.71865521512983,0.6764387272292528,49.53890687562765,-6574.120180047382
10.703902739565395,8.717015255572566,0.8816862695417191,49.65133736663401,-6573.281602306365
10.703902739565395,8.717015255572566,0.8816862695417191,49.65133736663401,-6573.281602306365
9.161669005523093,9.297637878333008,0.6961025910680579,49.35690925003266,-6573.83627713336
9.161669005523093,9.297637878333008,0.6961025910680579,49.35690925003266,-6573.83627713336
10.757348964882844,9.694455521394744,0.6141923676158854,50.248077231318554,-6571.690140505328
10.757348964882844,9.694455521394744,0.6141923676158854,50.248077231318554,-6571.690140505328
10.757348964882844,9.694455521394744,0.6141923676158854,50.248077231318554,-6571.690140505328
10.757348964882844,9.694455521394744,0.6141923676158854,50.248077231318554,-6571.690140505328
10.757348964882844,9.694455521394744,0.6141923676158854,50.248077231318554,-6571.690140505328
10.757348964882844,9.694455521394744,0.6141923676158854,50.248077231318554,-6571.690140505328
10.757348964882844,9.694455521394744,0.6141923676158854,50.248077231318554,-6571.690140505328
11.199490019260622,8.256003807329945,0.5150334091824126,50.65851241316872,-6572.83801993879
10.246537466309597,8.579999930926657,0.757155196236099,50.22381128073204,-6570.189200621544
10.246537466309597,8.579999930926657,0.757155196236099,50.22381128073204,-6570.189200621544
10.246537466309597,8.579999930926657,0.757155196236099,50.22381128073204,-6570.189200621544
10.246537466309597,8.579999930926657,0.757155196236099,50.22381128073204,-6570.189200621544
10.246537466309597,8.579999930926657,0.757155196236099,50.22381128073204,-6570.189200621544
10.246537466309597,8.579999930926657,0.757155196236099,50.22381128073204,-6570.189200621544
10.246537466309597,8.579999930926657,0.757155196236099,50.22381128073204,-6570.189200621544
10.246537466309597,8.579999930926657,0.757155196236099,50.22381128073204,-6570.189200621544
10.246537466309597,8.579999930926657,0.757155196236099,50.22381128073204,-6570.189200621544
10.246537466309597,8.579999930926657,0.757155196236099,50.22381128073204,-6570.189200621544
11.069095909415191,7.6137767597733506,0.8562313417395466,50.36976630260865,-6571.78082518645
10.541567407447909,8.201047412970105,0.9365431798878374,50.277017404304516,-6572.090956355245
10.541567407447909,8.201047412970105,0.9365431798878374,50.277017404304516,-6572.090956355245
10.541567407447909,8.201047412970105,0.9365431798878374,50.277017404304516,-6572.090956355245
10.28909416197475,6.193687597975856,0.9537681899425718,50.122581668908545,-6571.689609660815
10.28909416197475,6.193687597975856,0.9537681899425718,50.122581668908545,-6571.689609660815
10.28909416197475,6.193687597975856,0.9537681899425718,50.122581668908545,-6571.689609660815
10.28909416197475,6.193687597975856,0.9537681899425718,50.122581668908545,-6571.689609660815
10.28909416197475,6.193687597975856,0.9537681899425718,50.122581668908545,-6571.689609660815
10.28909416197475,6.193687597975856,0.9537681899425718,50.122581668908545,-6571.689609660815
10.28909416197475,6.193687597975856,0.9537681899425718,50.122581668908545,-6571.689609660815
10.28909416197475,6.193687597975856,0.9537681899425718,50.122581668908545,-6571.689609660815
10.330314289673815,6.302642990711823,0.9304013779269819,50.32685497897459,-6571.3613544118525
10.330314289673815,6.302642990711823,0.9304013779269819,50.32685497897459,-6571.3613544118525
10.330314289673815,6.302642990711823,0.9304013779269819,50.32685497897459,-6571.3613544118525
10.330314289673815,6.302642990711823,0.9304013779269819,50.32685497897459,-6571.3613544118525
10.330314289673815,6.302642990711823,0.9304013779269819,50.32685497897459,-6571.3613544118525
10.330314289673815,6.302642990711823,0.9304013779269819,50.32685497897459,-6571.3613544118525
9.680640464413926,7.6642538893412695,0.8164223734125426,49.59516276169967,-6572.280965262384
9.680640464413926,7.6642538893412695,0.8164223734125426,49.59516276169967,-6572.280965262384
9.680640464413926,7.6642538893412695,0.8164223734125426,49.59516276169967,-6572.280965262384
10.68038255893893,7.918893895055609,0.9166119875065858,50.06892704695353,-6571.926874078622
10.68038255893893,7.918893895055609,0.9166119875065858,50.06892704695353,-6571.926874078622
10.68038255893893,7.918893895055609,0.9166119875065858,50.06892704695353,-6571.926874078622
10.68038255893893,7.918893895055609,0.9166119875065858,50.06892704695353,-6571.926874078622
10.68038255893893,7.918893895055609,0.9166119875065858,50.06892704695353,-6571.926874078622
10.212983783103645,8.284903526073757,0.6596107231246664,49.99662219453244,-6571.1403032766875
10.212983783103645,8.284903526073757,0.6596107231246664,49.99662219453244,-6571.1403032766875
10.164136455548501,6.745910548486492,0.8031505138653106,50.468970645612515,-6571.504437601741
10.164136455548501,6.745910548486492,0.8031505138653106,50.468970645612515,-6571.504437601741
10.428177929022427,8.413476955390971,0.7327094635443747,50.591001044778864,-6570.26046560549
10.428177929022427,8.413476955390971,0.7327094635443747,50.591001044778864,-6570.26046560549
10.428177929022427,8.413476955390971,0.7327094635443747,50.591001044778864,-6570.26046560549
10.428177929022427,8.413476955390971,0.7327094635443747,50.591001044778864,-6570.26046560549
10.428177929022427,8.413476955390971,0.7327094635443747,50.591001044778864,-6570.26046560549
10.05932997816448,9.736562738132626,0.7207464916414199,50.64274994897446,-6570.601948264997
10.05932997816448,9.736562738132626,0.7207464916414199,50.64274994897446,-6570.601948264997
10.05932997816448,9.736562738132626,0.7207464916414199,50.64274994897446,-6570.601948264997
10.05932997816448,9.736562738132626,0.7207464916414199,50.64274994897446,-6570.601948264997
10.05932997816448,9.736562738132626,0.7207464916414199,50.64274994897446,-6570.601948264997
10.05932997816448,9.736562738132626,0.7207464916414199,50.64274994897446,-6570.601948264997
10.05932997816448,9.736562738132626,0.7207464916414199,50.64274994897446,-6570.601948264997
10.05932997816448,9.736562738132626,0.7207464916414199,50.64274994897446,-6570.601948264997
10.600258182946751,8.239967161843408,0.7370713481572059,50.96658669634057,-6570.780212896598
10.600258182946751,8.239967161843408,0.7370713481572059,50.96658669634057,-6570.780212896598
10.600258182946751,8.239967161843408,0.7370713481572059,50.96658669634057,-6570.780212896598
10.600258182946751,8.239967161843408,0.7370713481572059,50.96658669634057,-6570.780212896598
10.600258182946751,8.239967161843408,0.7370713481572059,50.96658669634057,-6570.780212896598
10.600258182946751,8.239967161843408,0.7370713481572059,50.96658669634057,-6570.780212896598
10.600258182946751,8.239967161843408,0.7370713481572059,50.96658669634057,-6570.780212896598
10.600258182946751,8.239967161843408,0.7370713481572059,50.96658669634057,-6570.780212896598
10.600258182946751,8.239967161843408,0.7370713481572059,50.96658669634057,-6570.780212896598
10.600258182946751,8.239967161843408,0.7370713481572059,50.96658669634057,-6570.780212896598
8.957625926670813,10.50581976500599,0.6165593846578549,50.24854573801818,-6572.841542032218
8.957625926670813,10.50581976500599,0.6165593846578549,50.24854573801818,-6572.841542032218
8.957625926670813,10.50581976500599,0.6165593846578549,50.24854573801818,-6572.841542032218
8.957625926670813,10.50581976500599,0.6165593846578549,50.24854573801818,-6572.841542032218
9.226646656984189,9.5611726264967,0.7035677548425879,51.24150004951121,-6572.801102914722
9.226646656984189,9.5611726264967,0.7035677548425879,51.24150004951121,-6572.801102914722
10.087788182755808,7.658157537425385,0.6110716714383087,51.058894653871704,-6574.184493000614
10.087788182755808,7.658157537425385,0.6110716714383087,51.058894653871704,-6574.184493000614
10.37184242178558,10.361490821877858,0.40405147230886995,51.00562569176513,-6575.72763876331
10.37184242178558,10.361490821877858,0.40405147230886995,51.00562569176513,-6575.72763876331
10.37184242178558,10.361490821877858,0.40405147230886995,51.00562569176513,-6575.72763876331
10.004326618540043,11.432671351396877,0.4248977556134968,50.7329947903838,-6574.556458375748
10.004326618540043,11.432671351396877,0.4248977556134968,50.7329947903838,-6574.556458375748
10.375422596108157,11.657344914837424,0.47797725133550345,50.80354991593219,-6573.767311815367
10.375422596108157,11.657344914837424,0.47797725133550345,50.80354991593219,-6573.767311815367
10.375422596108157,11.657344914837424,0.47797725133550345,50.80354991593219,-6573.767311815367
10.375422596108157,11.657344914837424,0.47797725133550345,50.80354991593219,-6573.767311815367
10.375422596108157,11.657344914837424,0.47797725133550345,50.80354991593219,-6573.767311815367
9.000265970046739,9.851807360891979,0.6273015488584632,50.85744527762268,-6573.892427192262
9.000265970046739,9.851807360891979,0.6273015488584632,50.85744527762268,-6573.892427192262
9.000265970046739,9.851807360891979,0.6273015488584632,50.85744527762268,-6573.892427192262
9.000265970046739,9.851807360891979,0.6273015488584632,50.85744527762268,-6573.892427192262
9.000265970046739,9.851807360891979,0.6273015488584632,50.85744527762268,-6573.892427192262
9.000265970046739,9.851807360891979,0.6273015488584632,50.85744527762268,-6573.892427192262
9.1176465263176,11.14060161432625,0.5075938128416169,50.109198078476986,-6574.449434137858
9.1176465263176,11.14060161432625,0.5075938128416169,50.109198078476986,-6574.449434137858
9.1176465263176,11.14060161432625,0.5075938128416169,50.109198078476986,-6574.449434137858
9.1176465263176,11.14060161432625,0.5075938128416169,50.109198078476986,-6574.449434137858
9.1176465263176,11.14060161432625,0.5075938128416169,50.109198078476986,-6574.449434137858
9.1176465263176,11.14060161432625,0.5075938128416169,50.109198078476986,-6574.449434137858
10.558972958348111,9.997694205863917,0.6070597913272033,50.79341523969836,-6571.63475475317
11.073360785427653,8.567319435050647,0.5790715078119689,51.35325867321535,-6572.691425017043
11.073360785427653,8.567319435050647,0.5790715078119689,51.35325867321535,-6572.691425017043
11.073360785427653,8.567319435050647,0.5790715078119689,51.35325867321535,-6572.691425017043
11.073360785427653,8.567319435050647,0.5790715078119689,51.35325867321535,-6572.691425017043
11.076487597900027,9.037708025718992,0.5860215534829051,51.35340923477574,-6572.8524964996695
11.076487597900027,9.037708025718992,0.5860215534829051,51.35340923477574,-6572.8524964996695
10.4238434678017,8.061452890370996,0.7158900239756291,50.882055277517196,-6570.623250064489
10.4238434678017,8.061452890370996,0.7158900239756291,50.882055277517196,-6570.623250064489
10.4238434678017,8.061452890370996,0.7158900239756291,50.882055277517196,-6570.623250064489
11.022765569298043,7.733771254413087,0.9641479790225026,50.462397620712466,-6573.612837357507
11.864258716605901,5.594911843658316,0.7604575372946695,50.62778765658722,-6571.983110703515
11.864258716605901,5.594911843658316,0.7604575372946695,50.62778765658722,-6571.983110703515
11.864258716605901,5.594911843658316,0.7604575372946695,50.62778765658722,-6571.983110703515
11.864258716605901,5.594911843658316,0.7604575372946695,50.62778765658722,-6571.983110703515
11.864258716605901,5.594911843658316,0.7604575372946695,50.62778765658722,-6571.983110703515
11.864258716605901,5.594911843658316,0.7604575372946695,50.62778765658722,-6571.983110703515
11.624312960070066,6.51225196546887,0.771934193898864,50.854394679769975,-6571.844988478656
11.624312960070066,6.51225196546887,0.771934193898864,50.854394679769975,-6571.844988478656
11.624312960070066,6.51225196546887,0.771934193898864,50.854394679769975,-6571.844988478656
11.624312960070066,6.51225196546887,0.771934193898864,50.854394679769975,-6571.844988478656
11.624312960070066,6.51225196546887,0.771934193898864,50.854394679769975,-6571.844988478656
10.821176934098443,4.031955898333138,0.8363746147230101,50.83727771421085,-6576.61889207528
10.821176934098443,4.031955898333138,0.8363746147230101,50.83727771421085,-6576.61889207528
10.821176934098443,4.031955898333138,0.8363746147230101,50.83727771421085,-6576.61889207528
10.821176934098443,4.031955898333138,0.8363746147230101,50.83727771421085,-6576.61889207528
10.830247897659119,5.6967733238933125,0.7806003906913538,50.6322112456445,-6572.028881699722
10.830247897659119,5.6967733238933125,0.7806003906913538,50.6322112456445,-6572.028881699722
10.830247897659119,5.6967733238933125,0.7806003906913538,50.6322112456445,-6572.028881699722
10.830247897659119,5.6967733238933125,0.7806003906913538,50.6322112456445,-6572.028881699722
10.830247897659119,5.6967733238933125,0.7806003906913538,50.6322112456445,-6572.028881699722
10.830247897659119,5.6967733238933125,0.7806003906913538,50.6322112456445,-6572.028881699722
10.830247897659119,5.6967733238933125,0.7806003906913538,50.6322112456445,-6572.028881699722
10.830247897659119,5.6967733238933125,0.7806003906913538,50.6322112456445,-6572.028881699722
10.830247897659119,5.6967733238933125,0.7806003906913538,50.6322112456445,-6572.028881699722
11.075330384905481,5.329877339999087,0.9652004467605084,50.256705237399764,-6571.976178213425
11.075330384905481,5.329877339999087,0.9652004467605084,50.256705237399764,-6571.976178213425
11.075330384905481,5.329877339999087,0.9652004467605084,50.256705237399764,-6571.976178213425
11.075330384905481,5.329877339999087,0.9652004467605084,50.256705237399764,-6571.976178213425
11.075330384905481,5.329877339999087,0.9652004467605084,50.256705237399764,-6571.976178213425
11.075330384905481,5.329877339999087,0.9652004467605084,50.256705237399764,-6571.976178213425
11.075330384905481,5.329877339999087,0.9652004467605084,50.256705237399764,-6571.976178213425
11.075330384905481,5.329877339999087,0.9652004467605084,50.256705237399764,-6571.976178213425
11.075330384905481,5.329877339999087,0.9652004467605084,50.256705237399764,-6571.976178213425
11.762193497332378,6.197996882224505,0.7842188737551274,49.86258378714331,-6572.420919327495
10.626249779167324,6.166021089019521,0.7402558333848116,50.00895719440813,-6572.33595827442
11.319663604362011,5.192483034644816,0.9735327514035546,50.78984512424026,-6572.510571722249
12.256838779792279,5.536395921873874,0.6602070316823294,50.629290508140095,-6573.033836793606
12.256838779792279,5.536395921873874,0.6602070316823294,50.629290508140095,-6573.033836793606
10.853831759274353,6.388081083267615,0.7909090363499544,50.235878515535966,-6570.871797958919
10.853831759274353,6.388081083267615,0.7909090363499544,50.235878515535966,-6570.871797958919
10.853831759274353,6.388081083267615,0.7909090363499544,50.235878515535966,-6570.871797958919
10.853831759274353,6.388081083267615,0.7909090363499544,50.235878515535966,-6570.871797958919
10.853831759274353,6.388081083267615,0.7909090363499544,50.235878515535966,-6570.871797958919
10.853831759274353,6.388081083267615,0.7909090363499544,50.235878515535966,-6570.871797958919
10.853831759274353,6.388081083267615,0.7909090363499544,50.235878515535966,-6570.871797958919
10.853831759274353,6.388081083267615,0.7909090363499544,50.235878515535966,-6570.871797958919
10.853831759274353,6.388081083267615,0.7909090363499544,50.235878515535966,-6570.871797958919
10.853831759274353,6.388081083267615,0.7909090363499544,50.235878515535966,-6570.871797958919
10.853831759274353,6.388081083267615,0.7909090363499544,50.235878515535966,-6570.871797958919
10.853831759274353,6.388081083267615,0.7909090363499544,50.235878515535966,-6570.871797958919
10.853831759274353,6.388081083267615,0.7909090363499544,50.235878515535966,-6570.871797958919
10.853831759274353,6.388081083267615,0.7909090363499544,50.235878515535966,-6570.871797958919
10.853831759274353,6.388081083267615,0.7909090363499544,50.235878515535966,-6570.871797958919
10.853831759274353,6.388081083267615,0.7909090363499544,50.235878515535966,-6570.871797958919
10.853831759274353,6.388081083267615,0.7909090363499544,50.235878515535966,-6570.871797958919
10.853831759274353,6.388081083267615,0.7909090363499544,50.235878515535966,-6570.871797958919
10.853831759274353,6.388081083267615,0.7909090363499544,50.235878515535966,-6570.871797958919
10.853831759274353,6.388081083267615,0.7909090363499544,50.235878515535966,-6570.871797958919
10.57137111973502,8.985874841973715,0.675861628765627,50.59107194848793,-6570.6447242488775
10.57137111973502,8.985874841973715,0.675861628765627,50.59107194848793,-6570.6447242488775
10.466531757455554,7.897644680886575,0.7868485633996161,50.934832003244864,-6570.669925430227
10.978834596895158,6.599810397215776,0.751919063998592,50.65427827044307,-6570.845979946563
10.978834596895158,6.599810397215776,0.751919063998592,50.65427827044307,-6570.845979946563
10.978834596895158,6.599810397215776,0.751919063998592,50.65427827044307,-6570.845979946563
10.978834596895158,6.599810397215776,0.751919063998592,50.65427827044307,-6570.845979946563
10.978834596895158,6.599810397215776,0.751919063998592,50.65427827044307,-6570.845979946563
10.978834596895158,6.599810397215776,0.751919063998592,50.65427827044307,-6570.845979946563
10.978834596895158,6.599810397215776,0.751919063998592,50.65427827044307,-6570.845979946563
10.978834596895158,6.599810397215776,0.751919063998592,50.65427827044307,-6570.845979946563
10.978834596895158,6.599810397215776,0.751919063998592,50.65427827044307,-6570.845979946563
10.559251652121633,6.962409076479153,0.6965925593449928,50.841715843385245,-6571.657673289477
10.559251652121633,6.962409076479153,0.6965925593449928,50.841715843385245,-6571.657673289477
10.559251652121633,6.962409076479153,0.6965925593449928,50.841715843385245,-6571.657673289477
10.559251652121633,6.962409076479153,0.6965925593449928,50.841715843385245,-6571.657673289477
10.559251652121633,6.962409076479153,0.6965925593449928,50.841715843385245,-6571.657673289477
11.099097058830216,8.625164427410574,0.7477329822468539,50.065163294494845,-6572.215947790616
11.099097058830216,8.625164427410574,0.7477329822468539,50.065163294494845,-6572.215947790616
11.271124583836185,8.44749316906605,0.7444580763360643,50.48801996340397,-6572.3722273420035
11.265115356891663,7.121934450555248,0.8270203568088104,50.26502084486651,-6571.540018909754
11.265115356891663,7.121934450555248,0.8270203568088104,50.26502084486651,-6571.540018909754
11.315178525115012,4.321538342643908,0.8132757648985767,50.03374468117545,-6573.877614747702
11.315178525115012,4.321538342643908,0.8132757648985767,50.03374468117545,-6573.877614747702
11.315178525115012,4.321538342643908,0.8132757648985767,50.03374468117545,-6573.877614747702
11.315178525115012,4.321538342643908,0.8132757648985767,50.03374468117545,-6573.877614747702
11.315178525115012,4.321538342643908,0.8132757648985767,50.03374468117545,-6573.877614747702
11.315178525115012,4.321538342643908,0.8132757648985767,50.03374468117545,-6573.877614747702
11.315178525115012,4.321538342643908,0.8132757648985767,50.03374468117545,-6573.877614747702
11.315178525115012,4.321538342643908,0.8132757648985767,50.03374468117545,-6573.877614747702
11.315178525115012,4.321538342643908,0.8132757648985767,50.03374468117545,-6573.877614747702
11.130669537589894,5.120953505829211,0.9276852982036137,50.30836432431282,-6571.929133736621
11.130669537589894,5.120953505829211,0.9276852982036137,50.30836432431282,-6571.929133736621
9.994429393036127,8.16833201591769,0.8663648692749504,50.557213555970165,-6570.497421132215
9.994429393036127,8.16833201591769,0.8663648692749504,50.557213555970165,-6570.497421132215
9.994429393036127,8.16833201591769,0.8663648692749504,50.557213555970165,-6570.497421132215
9.994429393036127,8.16833201591769,0.8663648692749504,50.557213555970165,-6570.497421132215
9.994429393036127,8.16833201591769,0.8663648692749504,50.557213555970165,-6570.497421132215
9.994429393036127,8.16833201591769,0.8663648692749504,50.557213555970165,-6570.497421132215
9.994429393036127,8.16833201591769,0.8663648692749504,50.557213555970165,-6570.497421132215
9.994429393036127,8.16833201591769,0.8663648692749504,50.557213555970165,-6570.497421132215
9.994429393036127,8.16833201591769,0.8663648692749504,50.557213555970165,-6570.497421132215
9.994429393036127,8.16833201591769,0.8663648692749504,50.557213555970165,-6570.497421132215
9.994429393036127,8.16833201591769,0.8663648692749504,50.557213555970165,-6570.497421132215
10.747433207103573,8.74647719142753,0.7313275131314176,51.141123026201775,-6571.670689949609
10.747433207103573,8.74647719142753,0.7313275131314176,51.141123026201775,-6571.670689949609
10.964273996962232,10.780932722437187,0.5318028137543209,51.34459642704571,-6574.659544794147
10.964273996962232,10.780932722437187,0.5318028137543209,51.34459642704571,-6574.659544794147
10.964273996962232,10.780932722437187,0.5318028137543209,51.34459642704571,-6574.659544794147
10.964273996962232,10.780932722437187,0.5318028137543209,51.34459642704571,-6574.659544794147
10.964273996962232,10.780932722437187,0.5318028137543209,51.34459642704571,-6574.659544794147
10.964273996962232,10.780932722437187,0.5318028137543209,51.34459642704571,-6574.659544794147
10.964273996962232,10.780932722437187,0.5318028137543209,51.34459642704571,-6574.659544794147
10.964273996962232,10.780932722437187,0.5318028137543209,51.34459642704571,-6574.659544794147
11.211991140982956,7.606799950326835,0.7145968076255104,51.33345316452669,-6572.13244789728
11.211991140982956,7.606799950326835,0.7145968076255104,51.33345316452669,-6572.13244789728
11.729476605686145,6.081274952246463,0.7432848139642538,50.201458884537814,-6571.775818307292
11.729476605686145,6.081274952246463,0.7432848139642538,50.201458884537814,-6571.775818307292
11.729476605686145,6.081274952246463,0.7432848139642538,50.201458884537814,-6571.775818307292
11.729476605686145,6.081274952246463,0.7432848139642538,50.201458884537814,-6571.775818307292
11.729476605686145,6.081274952246463,0.7432848139642538,50.201458884537814,-6571.775818307292
12.08175082187209,5.225029046755662,0.7528059932038518,50.732751191472175,-6572.511162607263
12.08175082187209,5.225029046755662,0.7528059932038518,50.732751191472175,-6572.511162607263
12.08175082187209,5.225029046755662,0.7528059932038518,50.732751191472175,-6572.511162607263
13.040997180433104,4.333613657764864,0.734326882427466,50.525959391150124,-6574.991311671092
12.302013092170563,7.194713692927651,0.7209018191977097,50.53262444848711,-6574.732157412335
12.302013092170563,7.194713692927651,0.7209018191977097,50.53262444848711,-6574.732157412335
11.10678955697022,8.334408160091296,0.7530802291004601,50.789158118024815,-6571.8438613959715
11.10678955697022,8.334408160091296,0.7530802291004601,50.789158118024815,-6571.8438613959715
11.10678955697022,8.334408160091296,0.7530802291004601,50.789158118024815,-6571.8438613959715
11.10678955697022,8.334408160091296,0.7530802291004601,50.789158118024815,-6571.8438613959715
11.10678955697022,8.334408160091296,0.7530802291004601,50.789158118024815,-6571.8438613959715
11.10678955697022,8.334408160091296,0.7530802291004601,50.789158118024815,-6571.8438613959715
11.326559389596113,7.757584774093729,0.798549060368504,50.95975335139931,-6572.542174633255
11.528564227991605,8.213912136962506,0.7802590232773859,50.86993505956615,-6573.821504045312
11.528564227991605,8.213912136962506,0.7802590232773859,50.86993505956615,-6573.821504045312
11.528564227991605,8.213912136962506,0.7802590232773859,50.86993505956615,-6573.821504045312
11.528564227991605,8.213912136962506,0.7802590232773859,50.86993505956615,-6573.821504045312
11.528564227991605,8.213912136962506,0.7802590232773859,50.86993505956615,-6573.821504045312
11.528564227991605,8.213912136962506,0.7802590232773859,50.86993505956615,-6573.821504045312
11.528564227991605,8.213912136962506,0.7802590232773859,50.86993505956615,-6573.821504045312
11.252923984920743,9.38695495093257,0.656229092123811,50.282283229104735,-6573.104101536702
11.252923984920743,9.38695495093257,0.656229092123811,50.282283229104735,-6573.104101536702
10.497747799535015,10.418164975204732,0.656455293121328,50.261564444888755,-6572.053090701077
10.497747799535015,10.418164975204732,0.656455293121328,50.261564444888755,-6572.053090701077
10.497747799535015,10.418164975204732,0.656455293121328,50.261564444888755,-6572.053090701077
10.497747799535015,10.418164975204732,0.656455293121328,50.261564444888755,-6572.053090701077
10.497747799535015,10.418164975204732,0.656455293121328,50.261564444888755,-6572.053090701077
10.103085383890381,8.725415854404565,0.6253754967764922,50.16949083381118,-6571.254765722648
10.103085383890381,8.725415854404565,0.6253754967764922,50.16949083381118,-6571.254765722648
10.103085383890381,8.725415854404565,0.6253754967764922,50.16949083381118,-6571.254765722648
11.18783438190358,9.201152607590844,0.5375058562645038,50.19596503475808,-6572.702699872476
11.18783438190358,9.201152607590844,0.5375058562645038,50.19596503475808,-6572.702699872476
11.18783438190358,9.201152607590844,0.5375058562645038,50.19596503475808,-6572.702699872476
10.891233728326831,8.729145387787723,0.6040016386269017,50.49665830519611,-6571.215714234571
10.891233728326831,8.729145387787723,0.6040016386269017,50.49665830519611,-6571.215714234571
10.891233728326831,8.729145387787723,0.6040016386269017,50.49665830519611,-6571.215714234571
10.891233728326831,8.729145387787723,0.6040016386269017,50.49665830519611,-6571.215714234571
10.475756420856053,9.843879704326428,0.536842916950568,50.563514762875855,-6571.8615937440845
10.475756420856053,9.843879704326428,0.536842916950568,50.563514762875855,-6571.8615937440845
10.507866064037579,9.159308581492482,0.6970663420586236,50.985115347806264,-6571.117535999605
10.507866064037579,9.159308581492482,0.6970663420586236,50.985115347806264,-6571.117535999605
10.791648278137133,7.882031859401744,0.7049347084951585,50.66601379083942,-6570.5347403925225
9.417125821914865,10.839001461458711,0.8138709641888682,50.385068812791644,-6571.487184687776
9.417125821914865,10.839001461458711,0.8138709641888682,50.385068812791644,-6571.487184687776
9.417125821914865,10.839001461458711,0.8138709641888682,50.385068812791644,-6571.487184687776
9.417125821914865,10.839001461458711,0.8138709641888682,50.385068812791644,-6571.487184687776
9.417125821914865,10.839001461458711,0.8138709641888682,50.385068812791644,-6571.487184687776
9.417125821914865,10.839001461458711,0.8138709641888682,50.385068812791644,-6571.487184687776
9.417125821914865,10.839001461458711,0.8138709641888682,50.385068812791644,-6571.487184687776
9.417125821914865,10.839001461458711,0.8138709641888682,50.385068812791644,-6571.487184687776
9.417125821914865,10.839001461458711,0.8138709641888682,50.385068812791644,-6571.487184687776
9.417125821914865,10.839001461458711,0.8138709641888682,50.385068812791644,-6571.487184687776
9.417125821914865,10.839001461458711,0.8138709641888682,50.385068812791644,-6571.487184687776
9.417125821914865,10.839001461458711,0.8138709641888682,50.385068812791644,-6571.487184687776
9.417125821914865,10.839001461458711,0.8138709641888682,50.385068812791644,-6571.487184687776
9.417125821914865,10.839001461458711,0.8138709641888682,50.385068812791644,-6571.487184687776
9.417125821914865,10.839001461458711,0.8138709641888682,50.385068812791644,-6571.487184687776
9.417125821914865,10.839001461458711,0.8138709641888682,50.385068812791644,-6571.487184687776
9.417125821914865,10.839001461458711,0.8138709641888682,50.385068812791644,-6571.487184687776
9.417125821914865,10.839001461458711,0.8138709641888682,50.385068812791644,-6571.487184687776
9.417125821914865,10.839001461458711,0.8138709641888682,50.385068812791644,-6571.487184687776
9.417125821914865,10.839001461458711,0.8138709641888682,50.385068812791644,-6571.487184687776
8.63121619825776,12.475493003786795,0.7428955676075417,50.2927051501966,-6572.4336834328105
8.63121619825776,12.475493003786795,0.7428955676075417,50.2927051501966,-6572.4336834328105
8.63121619825776,12.475493003786795,0.7428955676075417,50.2927051501966,-6572.4336834328105
9.487092840861504,8.888504944336763,0.6442632856176445,50.39151802609719,-6572.4980444067205
9.487092840861504,8.888504944336763,0.6442632856176445,50.39151802609719,-6572.4980444067205
9.487092840861504,8.888504944336763,0.6442632856176445,50.39151802609719,-6572.4980444067205
9.487092840861504,8.888504944336763,0.6442632856176445,50.39151802609719,-6572.4980444067205
9.487092840861504,8.888504944336763,0.6442632856176445,50.39151802609719,-6572.4980444067205
9.41877289208466,10.66055177434507,0.7605504720081475,50.726551180837724,-6571.113688396759
9.946114512705728,10.783698078948314,0.7721396119582342,50.87311684490835,-6572.42510090719
9.946114512705728,10.783698078948314,0.7721396119582342,50.87311684490835,-6572.42510090719
9.946114512705728,10.783698078948314,0.7721396119582342,50.87311684490835,-6572.42510090719
9.946114512705728,10.783698078948314,0.7721396119582342,50.87311684490835,-6572.42510090719
9.946114512705728,10.783698078948314,0.7721396119582342,50.87311684490835,-6572.42510090719
10.605236702974993,7.741683838382254,0.6864550008378888,51.259452004995175,-6571.636341419115
10.067704155937042,8.431543678907422,0.7213189530819935,51.340518181544695,-6571.773375943696
9.319002593673996,9.431613884770295,0.8017484576576824,51.34916516367216,-6572.401125906577
9.319002593673996,9.431613884770295,0.8017484576576824,51.34916516367216,-6572.401125906577
9.319002593673996,9.431613884770295,0.8017484576576824,51.34916516367216,-6572.401125906577
9.319002593673996,9.431613884770295,0.8017484576576824,51.34916516367216,-6572.401125906577
10.567337857723132,7.700752863678387,0.7221467131568327,50.84672936016035,-6570.637643279088
10.567337857723132,7.700752863678387,0.7221467131568327,50.84672936016035,-6570.637643279088
10.567337857723132,7.700752863678387,0.7221467131568327,50.84672936016035,-6570.637643279088
10.567337857723132,7.700752863678387,0.7221467131568327,50.84672936016035,-6570.637643279088
10.567337857723132,7.700752863678387,0.7221467131568327,50.84672936016035,-6570.637643279088
9.668055170925092,10.252497431669905,0.6840475307190816,50.30971336841335,-6570.580703828655
9.668055170925092,10.252497431669905,0.6840475307190816,50.30971336841335,-6570.580703828655
9.668055170925092,10.252497431669905,0.6840475307190816,50.30971336841335,-6570.580703828655
9.668055170925092,10.252497431669905,0.6840475307190816,50.30971336841335,-6570.580703828655
9.668055170925092,10.252497431669905,0.6840475307190816,50.30971336841335,-6570.580703828655
9.668055170925092,10.252497431669905,0.6840475307190816,50.30971336841335,-6570.580703828655
9.668055170925092,10.252497431669905,0.6840475307190816,50.30971336841335,-6570.580703828655
9.668055170925092,10.252497431669905,0.6840475307190816,50.30971336841335,-6570.580703828655
9.668055170925092,10.252497431669905,0.6840475307190816,50.30971336841335,-6570.580703828655
8.885184225959808,10.769620100548677,0.8760323294066946,50.36382109883763,-6571.802378044645
8.885184225959808,10.769620100548677,0.8760323294066946,50.36382109883763,-6571.802378044645
9.564452759086837,9.27632900272855,0.8971378054163291,50.93275160682217,-6571.564645744909
9.564452759086837,9.27632900272855,0.8971378054163291,50.93275160682217,-6571.564645744909
9.564452759086837,9.27632900272855,0.8971378054163291,50.93275160682217,-6571.564645744909
9.564452759086837,9.27632900272855,0.8971378054163291,50.93275160682217,-6571.564645744909
10.38180529089156,8.454386998863276,0.9753098132949518,49.90200751838512,-6572.894379814921
10.135354542463013,8.327088511438168,1.0679735404794028,50.043863753611596,-6573.572435765534
10.741041061592863,8.058626493622498,0.9900670219338705,49.879731629013975,-6573.838065328529
10.741041061592863,8.058626493622498,0.9900670219338705,49.879731629013975,-6573.838065328529
10.741041061592863,8.058626493622498,0.9900670219338705,49.879731629013975,-6573.838065328529
11.277326451619514,7.840894340563571,0.9075058161543601,49.32305465051049,-6575.403680009514
11.277326451619514,7.840894340563571,0.9075058161543601,49.32305465051049,-6575.403680009514
11.277326451619514,7.840894340563571,0.9075058161543601,49.32305465051049,-6575.403680009514
10.228454658425404,9.349992516166175,0.9591564601420446,49.8506807049052,-6573.705446901919
10.228454658425404,9.349992516166175,0.9591564601420446,49.8506807049052,-6573.705446901919
10.228454658425404,9.349992516166175,0.9591564601420446,49.8506807049052,-6573.705446901919
10.074302469033595,7.080733191862942,1.0845813920576317,49.04577835008339,-6574.892691469175
10.074302469033595,7.080733191862942,1.0845813920576317,49.04577835008339,-6574.892691469175
10.074302469033595,7.080733191862942,1.0845813920576317,49.04577835008339,-6574.892691469175
10.816319858807065,5.128306528612441,1.1805206372241257,49.7759347794849,-6574.842596105065
10.816319858807065,5.128306528612441,1.1805206372241257,49.7759347794849,-6574.842596105065
10.816319858807065,5.128306528612441,1.1805206372241257,49.7759347794849,-6574.842596105065
11.028385675764891,4.199214948484503,1.2062278114465943,50.19027623381768,-6575.295340592444
11.028385675764891,4.199214948484503,1.2062278114465943,50.19027623381768,-6575.295340592444
10.15758855393525,6.17746133068096,0.9896556898454679,50.6259522923182,-6572.120475270921
10.15758855393525,6.17746133068096,0.9896556898454679,50.6259522923182,-6572.120475270921
10.15758855393525,6.17746133068096,0.9896556898454679,50.6259522923182,-6572.120475270921
10.15758855393525,6.17746133068096,0.9896556898454679,50.6259522923182,-6572.120475270921
10.15758855393525,6.17746133068096,0.9896556898454679,50.6259522923182,-6572.120475270921
10.15758855393525,6.17746133068096,0.9896556898454679,50.6259522923182,-6572.120475270921
10.15758855393525,6.17746133068096,0.9896556898454679,50.6259522923182,-6572.120475270921
10.15758855393525,6.17746133068096,0.9896556898454679,50.6259522923182,-6572.120475270921
11.098290830802267,4.750680189806753,0.7835889948184248,50.639448002851786,-6573.543403548625
12.054954020159856,5.114717443832879,0.9327760099296936,50.40463347904382,-6573.61511509648
12.054954020159856,5.114717443832879,0.9327760099296936,50.40463347904382,-6573.61511509648
12.054954020159856,5.114717443832879,0.9327760099296936,50.40463347904382,-6573.61511509648
12.054954020159856,5.114717443832879,0.9327760099296936,50.40463347904382,-6573.61511509648
12.054954020159856,5.114717443832879,0.9327760099296936,50.40463347904382,-6573.61511509648
12.176809273924622,4.609630043634391,0.9462218068976309,50.38996047531157,-6573.8761325734085
12.176809273924622,4.609630043634391,0.9462218068976309,50.38996047531157,-6573.8761325734085
12.176809273924622,4.609630043634391,0.9462218068976309,50.38996047531157,-6573.8761325734085
12.176809273924622,4.609630043634391,0.9462218068976309,50.38996047531157,-6573.8761325734085
12.176809273924622,4.609630043634391,0.9462218068976309,50.38996047531157,-6573.8761325734085
12.176809273924622,4.609630043634391,0.9462218068976309,50.38996047531157,-6573.8761325734085
12.579188288840577,5.0608224979865355,0.8897742171901418,50.32426528622057,-6575.164756624154
12.579188288840577,5.0608224979865355,0.8897742171901418,50.32426528622057,-6575.164756624154
12.579188288840577,5.0608224979865355,0.8897742171901418,50.32426528622057,-6575.164756624154
12.579188288840577,5.0608224979865355,0.8897742171901418,50.32426528622057,-6575.164756624154
12.579188288840577,5.0608224979865355,0.8897742171901418,50.32426528622057,-6575.164756624154
12.579188288840577,5.0608224979865355,0.8897742171901418,50.32426528622057,-6575.164756624154
12.171629087951104,4.984298105414763,0.956647908121804,50.122664580080254,-6574.428001580128
12.253731169406304,5.258026773686536,0.9938872046427089,49.4100104412982,-6577.051395680836
12.253731169406304,5.258026773686536,0.9938872046427089,49.4100104412982,-6577.051395680836
12.253731169406304,5.258026773686536,0.9938872046427089,49.4100104412982,-6577.051395680836
10.498301167345268,5.993687447318167,0.8295750264503232,49.88852676758325,-6572.140257824355
10.498301167345268,5.993687447318167,0.8295750264503232,49.88852676758325,-6572.140257824355
10.498301167345268,5.993687447318167,0.8295750264503232,49.88852676758325,-6572.140257824355
10.498301167345268,5.993687447318167,0.8295750264503232,49.88852676758325,-6572.140257824355
10.498301167345268,5.993687447318167,0.8295750264503232,49.88852676758325,-6572.140257824355
10.498301167345268,5.993687447318167,0.8295750264503232,49.88852676758325,-6572.140257824355
10.498301167345268,5.993687447318167,0.8295750264503232,49.88852676758325,-6572.140257824355
10.498301167345268,5.993687447318167,0.8295750264503232,49.88852676758325,-6572.140257824355
10.498301167345268,5.993687447318167,0.8295750264503232,49.88852676758325,-6572.140257824355
10.6545055760314,6.210501925965565,0.9751213929843586,49.70035295250248,-6572.15757061886
10.6545055760314,6.210501925965565,0.9751213929843586,49.70035295250248,-6572.15757061886
10.6545055760314,6.210501925965565,0.9751213929843586,49.70035295250248,-6572.15757061886
9.956050751726998,8.628648019702952,0.7536174838910094,49.817546568156075,-6570.673405682411
9.956050751726998,8.628648019702952,0.7536174838910094,49.817546568156075,-6570.673405682411
9.956050751726998,8.628648019702952,0.7536174838910094,49.817546568156075,-6570.673405682411
9.956050751726998,8.628648019702952,0.7536174838910094,49.817546568156075,-6570.673405682411
9.956050751726998,8.628648019702952,0.7536174838910094,49.817546568156075,-6570.673405682411
9.295245759156375,11.498936040397245,0.6625671394868764,49.98537141387376,-6571.549721503117
9.295245759156375,11.498936040397245,0.6625671394868764,49.98537141387376,-6571.549721503117
9.307593485959508,11.027541248077055,0.797611729613697,49.750866975075496,-6571.915116577768
9.307593485959508,11.027541248077055,0.797611729613697,49.750866975075496,-6571.915116577768
9.307593485959508,11.027541248077055,0.797611729613697,49.750866975075496,-6571.915116577768
9.307593485959508,11.027541248077055,0.797611729613697,49.750866975075496,-6571.915116577768
9.307593485959508,11.027541248077055,0.797611729613697,49.750866975075496,-6571.915116577768
9.307593485959508,11.027541248077055,0.797611729613697,49.750866975075496,-6571.915116577768
9.307593485959508,11.027541248077055,0.797611729613697,49.750866975075496,-6571.915116577768
9.307593485959508,11.027541248077055,0.797611729613697,49.750866975075496,-6571.915116577768
9.505025352123276,7.156354138889955,0.8035493817849857,50.10516990646367,-6573.5627034701865
9.922623547037414,9.652704221757899,0.8607981602247389,50.17231608041534,-6571.395983772305
9.922623547037414,9.652704221757899,0.8607981602247389,50.17231608041534,-6571.395983772305
9.922623547037414,9.652704221757899,0.8607981602247389,50.17231608041534,-6571.395983772305
9.922623547037414,9.652704221757899,0.8607981602247389,50.17231608041534,-6571.395983772305
9.922623547037414,9.652704221757899,0.8607981602247389,50.17231608041534,-6571.395983772305
9.922623547037414,9.652704221757899,0.8607981602247389,50.17231608041534,-6571.395983772305
9.922623547037414,9.652704221757899,0.8607981602247389,50.17231608041534,-6571.395983772305
9.922623547037414,9.652704221757899,0.8607981602247389,50.17231608041534,-6571.395983772305
9.922623547037414,9.652704221757899,0.8607981602247389,50.17231608041534,-6571.395983772305
9.922623547037414,9.652704221757899,0.8607981602247389,50.17231608041534,-6571.395983772305
9.922623547037414,9.652704221757899,0.8607981602247389,50.17231608041534,-6571.395983772305
9.922623547037414,9.652704221757899,0.8607981602247389,50.17231608041534,-6571.395983772305
9.922623547037414,9.652704221757899,0.8607981602247389,50.17231608041534,-6571.395983772305
9.922623547037414,9.652704221757899,0.8607981602247389,50.17231608041534,-6571.395983772305
9.922623547037414,9.652704221757899,0.8607981602247389,50.17231608041534,-6571.395983772305
9.922623547037414,9.652704221757899,0.8607981602247389,50.17231608041534,-6571.395983772305
9.922623547037414,9.652704221757899,0.8607981602247389,50.17231608041534,-6571.395983772305
9.922623547037414,9.652704221757899,0.8607981602247389,50.17231608041534,-6571.395983772305
9.922623547037414,9.652704221757899,0.8607981602247389,50.17231608041534,-6571.395983772305
9.495599612821447,9.668289881853095,0.8506368942735419,50.3239033241088,-6570.775124738713
9.495599612821447,9.668289881853095,0.8506368942735419,50.3239033241088,-6570.775124738713
10.015298497329617,9.005318748510176,0.6393126242878944,50.454495578963495,-6570.849558013682
10.015298497329617,9.005318748510176,0.6393126242878944,50.454495578963495,-6570.849558013682
10.015298497329617,9.005318748510176,0.6393126242878944,50.454495578963495,-6570.849558013682
8.80364719713167,10.81158710400461,0.7149597443830545,50.41758102303193,-6571.72813694574
8.80364719713167,10.81158710400461,0.7149597443830545,50.41758102303193,-6571.72813694574
8.80364719713167,10.81158710400461,0.7149597443830545,50.41758102303193,-6571.72813694574
10.39072770722825,8.998501398956446,0.6259157361053607,50.008716021450375,-6571.013972425728
10.39072770722825,8.998501398956446,0.6259157361053607,50.008716021450375,-6571.013972425728
10.39072770722825,8.998501398956446,0.6259157361053607,50.008716021450375,-6571.013972425728
10.39072770722825,8.998501398956446,0.6259157361053607,50.008716021450375,-6571.013972425728
10.39072770722825,8.998501398956446,0.6259157361053607,50.008716021450375,-6571.013972425728
10.39072770722825,8.998501398956446,0.6259157361053607,50.008716021450375,-6571.013972425728
10.39072770722825,8.998501398956446,0.6259157361053607,50.008716021450375,-6571.013972425728
10.39072770722825,8.998501398956446,0.6259157361053607,50.008716021450375,-6571.013972425728
10.39072770722825,8.998501398956446,0.6259157361053607,50.008716021450375,-6571.013972425728
10.39072770722825,8.998501398956446,0.6259157361053607,50.008716021450375,-6571.013972425728
10.39072770722825,8.998501398956446,0.6259157361053607,50.008716021450375,-6571.013972425728
10.39072770722825,8.998501398956446,0.6259157361053607,50.008716021450375,-6571.013972425728
10.39072770722825,8.998501398956446,0.6259157361053607,50.008716021450375,-6571.013972425728
10.39072770722825,8.998501398956446,0.6259157361053607,50.008716021450375,-6571.013972425728
10.68773622709942,10.584423609042668,0.573119730555423,50.47116823029061,-6572.565817911671
10.68773622709942,10.584423609042668,0.573119730555423,50.47116823029061,-6572.565817911671
10.68773622709942,10.584423609042668,0.573119730555423,50.47116823029061,-6572.565817911671
11.040798125794534,10.240047157231922,0.46492749324316707,50.689830754719424,-6573.837808574362
11.040798125794534,10.240047157231922,0.46492749324316707,50.689830754719424,-6573.837808574362
11.040798125794534,10.240047157231922,0.46492749324316707,50.689830754719424,-6573.837808574362
11.040798125794534,10.240047157231922,0.46492749324316707,50.689830754719424,-6573.837808574362
11.040798125794534,10.240047157231922,0.46492749324316707,50.689830754719424,-6573.837808574362
11.040798125794534,10.240047157231922,0.46492749324316707,50.689830754719424,-6573.837808574362
10.723733874560555,8.528186377409954,0.545067102192409,50.267295022895354,-6572.18360604193
10.723733874560555,8.528186377409954,0.545067102192409,50.267295022895354,-6572.18360604193
10.723733874560555,8.528186377409954,0.545067102192409,50.267295022895354,-6572.18360604193
11.104703976289517,8.388868238356796,0.639749704197499,49.435898246237045,-6572.865345990929
11.104703976289517,8.388868238356796,0.639749704197499,49.435898246237045,-6572.865345990929
11.104703976289517,8.388868238356796,0.639749704197499,49.435898246237045,-6572.865345990929
11.104703976289517,8.388868238356796,0.639749704197499,49.435898246237045,-6572.865345990929
11.104703976289517,8.388868238356796,0.639749704197499,49.435898246237045,-6572.865345990929
11.104703976289517,8.388868238356796,0.639749704197499,49.435898246237045,-6572.865345990929
11.104703976289517,8.388868238356796,0.639749704197499,49.435898246237045,-6572.865345990929
11.104703976289517,8.388868238356796,0.639749704197499,49.435898246237045,-6572.865345990929
11.104703976289517,8.388868238356796,0.639749704197499,49.435898246237045,-6572.865345990929
11.104703976289517,8.388868238356796,0.639749704197499,49.435898246237045,-6572.865345990929
11.104703976289517,8.388868238356796,0.639749704197499,49.435898246237045,-6572.865345990929
11.10174803946923,6.252014373304226,0.7957840018300595,49.19577286299511,-6573.179242108705
11.10174803946923,6.252014373304226,0.7957840018300595,49.19577286299511,-6573.179242108705
11.10174803946923,6.252014373304226,0.7957840018300595,49.19577286299511,-6573.179242108705
11.10174803946923,6.252014373304226,0.7957840018300595,49.19577286299511,-6573.179242108705
11.400770255578589,4.93833734120326,0.8756029104426022,50.47737392848497,-6571.97063053198
11.400770255578589,4.93833734120326,0.8756029104426022,50.47737392848497,-6571.97063053198
11.67022130917839,4.917020446926001,0.8261205278593828,50.659460758944164,-6572.124117354237
11.67022130917839,4.917020446926001,0.8261205278593828,50.659460758944164,-6572.124117354237
11.67022130917839,4.917020446926001,0.8261205278593828,50.659460758944164,-6572.124117354237
11.67022130917839,4.917020446926001,0.8261205278593828,50.659460758944164,-6572.124117354237
11.67022130917839,4.917020446926001,0.8261205278593828,50.659460758944164,-6572.124117354237
11.67022130917839,4.917020446926001,0.8261205278593828,50.659460758944164,-6572.124117354237
11.67022130917839,4.917020446926001,0.8261205278593828,50.659460758944164,-6572.124117354237
11.67022130917839,4.917020446926001,0.8261205278593828,50.659460758944164,-6572.124117354237
11.67022130917839,4.917020446926001,0.8261205278593828,50.659460758944164,-6572.124117354237
11.67022130917839,4.917020446926001,0.8261205278593828,50.659460758944164,-6572.124117354237
11.67022130917839,4.917020446926001,0.8261205278593828,50.659460758944164,-6572.124117354237
11.67022130917839,4.917020446926001,0.8261205278593828,50.659460758944164,-6572.124117354237
11.67022130917839,4.917020446926001,0.8261205278593828,50.659460758944164,-6572.124117354237
11.753333660158951,4.916805631551124,0.8640129565346208,50.42292074482149,-6572.196517669738
11.753333660158951,4.916805631551124,0.8640129565346208,50.42292074482149,-6572.196517669738
11.753333660158951,4.916805631551124,0.8640129565346208,50.42292074482149,-6572.196517669738
11.753333660158951,4.916805631551124,0.8640129565346208,50.42292074482149,-6572.196517669738
11.753333660158951,4.916805631551124,0.8640129565346208,50.42292074482149,-6572.196517669738
11.753333660158951,4.916805631551124,0.8640129565346208,50.42292074482149,-6572.196517669738
11.753333660158951,4.916805631551124,0.8640129565346208,50.42292074482149,-6572.196517669738
11.753333660158951,4.916805631551124,0.8640129565346208,50.42292074482149,-6572.196517669738
11.753333660158951,4.916805631551124,0.8640129565346208,50.42292074482149,-6572.196517669738
10.633249660156917,5.285766919141201,1.001997742041921,50.12675473413877,-6572.487102647812
10.633249660156917,5.285766919141201,1.001997742041921,50.12675473413877,-6572.487102647812
10.633249660156917,5.285766919141201,1.001997742041921,50.12675473413877,-6572.487102647812
10.633249660156917,5.285766919141201,1.001997742041921,50.12675473413877,-6572.487102647812
10.633249660156917,5.285766919141201,1.001997742041921,50.12675473413877,-6572.487102647812
10.633249660156917,5.285766919141201,1.001997742041921,50.12675473413877,-6572.487102647812
10.633249660156917,5.285766919141201,1.001997742041921,50.12675473413877,-6572.487102647812
10.633249660156917,5.285766919141201,1.001997742041921,50.12675473413877,-6572.487102647812
10.633249660156917,5.285766919141201,1.001997742041921,50.12675473413877,-6572.487102647812
10.633249660156917,5.285766919141201,1.001997742041921,50.12675473413877,-6572.487102647812
10.633249660156917,5.285766919141201,1.001997742041921,50.12675473413877,-6572.487102647812
10.633249660156917,5.285766919141201,1.001997742041921,50.12675473413877,-6572.487102647812
10.633249660156917,5.285766919141201,1.001997742041921,50.12675473413877,-6572.487102647812
10.633249660156917,5.285766919141201,1.001997742041921,50.12675473413877,-6572.487102647812
10.633249660156917,5.285766919141201,1.001997742041921,50.12675473413877,-6572.487102647812
10.633249660156917,5.285766919141201,1.001997742041921,50.12675473413877,-6572.487102647812
10.633249660156917,5.285766919141201,1.001997742041921,50.12675473413877,-6572.487102647812
10.633249660156917,5.285766919141201,1.001997742041921,50.12675473413877,-6572.487102647812
10.633249660156917,5.285766919141201,1.001997742041921,50.12675473413877,-6572.487102647812
10.633249660156917,5.285766919141201,1.001997742041921,50.12675473413877,-6572.487102647812
10.633249660156917,5.285766919141201,1.001997742041921,50.12675473413877,-6572.487102647812
10.633249660156917,5.285766919141201,1.001997742041921,50.12675473413877,-6572.487102647812
10.633249660156917,5.285766919141201,1.001997742041921,50.12675473413877,-6572.487102647812
10.633249660156917,5.285766919141201,1.001997742041921,50.12675473413877,-6572.487102647812
10.633249660156917,5.285766919141201,1.001997742041921,50.12675473413877,-6572.487102647812
10.633249660156917,5.285766919141201,1.001997742041921,50.12675473413877,-6572.487102647812
10.633249660156917,5.285766919141201,1.001997742041921,50.12675473413877,-6572.487102647812
10.633249660156917,5.285766919141201,1.001997742041921,50.12675473413877,-6572.487102647812
10.633249660156917,5.285766919141201,1.001997742041921,50.12675473413877,-6572.487102647812
10.633249660156917,5.285766919141201,1.001997742041921,50.12675473413877,-6572.487102647812
10.633249660156917,5.285766919141201,1.001997742041921,50.12675473413877,-6572.487102647812
10.633249660156917,5.285766919141201,1.001997742041921,50.12675473413877,-6572.487102647812
10.633249660156917,5.285766919141201,1.001997742041921,50.12675473413877,-6572.487102647812
10.633249660156917,5.285766919141201,1.001997742041921,50.12675473413877,-6572.487102647812
10.633249660156917,5.285766919141201,1.001997742041921,50.12675473413877,-6572.487102647812
11.00646742325994,5.480103454622921,1.0675490359750728,49.77031186178957,-6573.451173812653
11.00646742325994,5.480103454622921,1.0675490359750728,49.77031186178957,-6573.451173812653
9.643914660681244,7.8238283087389675,0.8031236322931712,49.79676155221206,-6571.8265044043255
10.754426068003374,7.773616443273609,0.7646358243698161,49.79367959025289,-6570.976593408648
10.754426068003374,7.773616443273609,0.7646358243698161,49.79367959025289,-6570.976593408648
10.249889504031753,8.58370471562365,0.6490272633023779,50.43489358587794,-6570.700756797152
10.249889504031753,8.58370471562365,0.6490272633023779,50.43489358587794,-6570.700756797152
10.249889504031753,8.58370471562365,0.6490272633023779,50.43489358587794,-6570.700756797152
10.524667775357315,7.311104397789359,0.72071377638055,50.22509093374599,-6570.729831475404
10.524667775357315,7.311104397789359,0.72071377638055,50.22509093374599,-6570.729831475404
10.524667775357315,7.311104397789359,0.72071377638055,50.22509093374599,-6570.729831475404
12.29938798267861,6.1787454180663,0.5966350842952843,50.12539475118261,-6573.796048735465
12.29938798267861,6.1787454180663,0.5966350842952843,50.12539475118261,-6573.796048735465
12.29938798267861,6.1787454180663,0.5966350842952843,50.12539475118261,-6573.796048735465
12.29938798267861,6.1787454180663,0.5966350842952843,50.12539475118261,-6573.796048735465
12.52410216382745,5.959449940417975,0.6135135246844984,50.36597416343903,-6573.967885886263
12.52410216382745,5.959449940417975,0.6135135246844984,50.36597416343903,-6573.967885886263
12.52410216382745,5.959449940417975,0.6135135246844984,50.36597416343903,-6573.967885886263
11.498231825056596,7.4208344164377,0.6848559014940498,49.59729560439406,-6572.689151115457
11.498231825056596,7.4208344164377,0.6848559014940498,49.59729560439406,-6572.689151115457
11.498231825056596,7.4208344164377,0.6848559014940498,49.59729560439406,-6572.689151115457
11.498231825056596,7.4208344164377,0.6848559014940498,49.59729560439406,-6572.689151115457
11.498231825056596,7.4208344164377,0.6848559014940498,49.59729560439406,-6572.689151115457
11.498231825056596,7.4208344164377,0.6848559014940498,49.59729560439406,-6572.689151115457
11.498231825056596,7.4208344164377,0.6848559014940498,49.59729560439406,-6572.689151115457
11.498231825056596,7.4208344164377,0.6848559014940498,49.59729560439406,-6572.689151115457
11.447338535514403,7.422095830764465,0.6435692526852188,50.44561992434814,-6571.510308292834
11.447338535514403,7.422095830764465,0.6435692526852188,50.44561992434814,-6571.510308292834
11.447338535514403,7.422095830764465,0.6435692526852188,50.44561992434814,-6571.510308292834
11.447338535514403,7.422095830764465,0.6435692526852188,50.44561992434814,-6571.510308292834
11.447338535514403,7.422095830764465,0.6435692526852188,50.44561992434814,-6571.510308292834
10.893994400356823,8.77382280381964,0.6744664748972806,51.55434507051976,-6572.825567515637
10.893994400356823,8.77382280381964,0.6744664748972806,51.55434507051976,-6572.825567515637
10.893994400356823,8.77382280381964,0.6744664748972806,51.55434507051976,-6572.825567515637
10.893994400356823,8.77382280381964,0.6744664748972806,51.55434507051976,-6572.825567515637
10.893994400356823,8.77382280381964,0.6744664748972806,51.55434507051976,-6572.825567515637
10.893994400356823,8.77382280381964,0.6744664748972806,51.55434507051976,-6572.825567515637
10.893994400356823,8.77382280381964,0.6744664748972806,51.55434507051976,-6572.825567515637
10.893994400356823,8.77382280381964,0.6744664748972806,51.55434507051976,-6572.825567515637
10.893994400356823,8.77382280381964,0.6744664748972806,51.55434507051976,-6572.825567515637
10.893994400356823,8.77382280381964,0.6744664748972806,51.55434507051976,-6572.825567515637
10.893994400356823,8.77382280381964,0.6744664748972806,51.55434507051976,-6572.825567515637
10.311175980327771,8.524850548869727,0.5241337767702907,50.79851775310716,-6573.722787530571
10.843287322929829,7.83505412133456,0.6465661414263243,49.783238571079565,-6571.554692648828
10.843287322929829,7.83505412133456,0.6465661414263243,49.783238571079565,-6571.554692648828
10.843287322929829,7.83505412133456,0.6465661414263243,49.783238571079565,-6571.554692648828
10.843287322929829,7.83505412133456,0.6465661414263243,49.783238571079565,-6571.554692648828
10.843287322929829,7.83505412133456,0.6465661414263243,49.783238571079565,-6571.554692648828
10.06506646678149,9.325679514481408,0.7986913979186308,49.55181396060147,-6571.5658096527795
10.06506646678149,9.325679514481408,0.7986913979186308,49.55181396060147,-6571.5658096527795
10.06506646678149,9.325679514481408,0.7986913979186308,49.55181396060147,-6571.5658096527795
10.81160016338887,8.765093713261807,0.6292491968845874,49.821593044562725,-6571.595216661803
11.033013801104866,6.963504922680874,0.7159937679472547,49.83625623845302,-6571.309272658853
11.033013801104866,6.963504922680874,0.7159937679472547,49.83625623845302,-6571.309272658853
11.033013801104866,6.963504922680874,0.7159937679472547,49.83625623845302,-6571.309272658853
11.033013801104866,6.963504922680874,0.7159937679472547,49.83625623845302,-6571.309272658853
11.033013801104866,6.963504922680874,0.7159937679472547,49.83625623845302,-6571.309272658853
11.033013801104866,6.963504922680874,0.7159937679472547,49.83625623845302,-6571.309272658853
11.033013801104866,6.963504922680874,0.7159937679472547,49.83625623845302,-6571.309272658853
11.033013801104866,6.963504922680874,0.7159937679472547,49.83625623845302,-6571.309272658853
11.033013801104866,6.963504922680874,0.7159937679472547,49.83625623845302,-6571.309272658853
11.033013801104866,6.963504922680874,0.7159937679472547,49.83625623845302,-6571.309272658853
11.033013801104866,6.963504922680874,0.7159937679472547,49.83625623845302,-6571.309272658853
9.47467417026081,8.573418708929216,0.8545505206485318,49.63265710480712,-6571.5545677389
9.47467417026081,8.573418708929216,0.8545505206485318,49.63265710480712,-6571.5545677389
9.47467417026081,8.573418708929216,0.8545505206485318,49.63265710480712,-6571.5545677389
9.47467417026081,8.573418708929216,0.8545505206485318,49.63265710480712,-6571.5545677389
9.47467417026081,8.573418708929216,0.8545505206485318,49.63265710480712,-6571.5545677389
9.47467417026081,8.573418708929216,0.8545505206485318,49.63265710480712,-6571.5545677389
9.47467417026081,8.573418708929216,0.8545505206485318,49.63265710480712,-6571.5545677389
9.47467417026081,8.573418708929216,0.8545505206485318,49.63265710480712,-6571.5545677389
9.47467417026081,8.573418708929216,0.8545505206485318,49.63265710480712,-6571.5545677389
9.47467417026081,8.573418708929216,0.8545505206485318,49.63265710480712,-6571.5545677389
9.47467417026081,8.573418708929216,0.8545505206485318,49.63265710480712,-6571.5545677389
9.47467417026081,8.573418708929216,0.8545505206485318,49.63265710480712,-6571.5545677389
9.47467417026081,8.573418708929216,0.8545505206485318,49.63265710480712,-6571.5545677389
10.424965253050736,9.690443040486938,0.7439428405865367,49.514152710841515,-6572.486407619075
10.512649718511584,8.519295512885202,0.7803695523915503,50.19250171253078,-6570.5770679333455
10.512649718511584,8.519295512885202,0.7803695523915503,50.19250171253078,-6570.5770679333455
9.993554317011514,8.998215283416615,0.7360190850197614,50.56838293177462,-6570.225303226
9.993554317011514,8.998215283416615,0.7360190850197614,50.56838293177462,-6570.225303226
9.993554317011514,8.998215283416615,0.7360190850197614,50.56838293177462,-6570.225303226
9.993554317011514,8.998215283416615,0.7360190850197614,50.56838293177462,-6570.225303226
10.961300197250416,6.002954169559475,0.8456123373271431,50.39479165422028,-6571.020499931966
10.961300197250416,6.002954169559475,0.8456123373271431,50.39479165422028,-6571.020499931966
10.961300197250416,6.002954169559475,0.8456123373271431,50.39479165422028,-6571.020499931966
10.961300197250416,6.002954169559475,0.8456123373271431,50.39479165422028,-6571.020499931966
10.961300197250416,6.002954169559475,0.8456123373271431,50.39479165422028,-6571.020499931966
10.961300197250416,6.002954169559475,0.8456123373271431,50.39479165422028,-6571.020499931966
10.961300197250416,6.002954169559475,0.8456123373271431,50.39479165422028,-6571.020499931966
10.961300197250416,6.002954169559475,0.8456123373271431,50.39479165422028,-6571.020499931966
10.961300197250416,6.002954169559475,0.8456123373271431,50.39479165422028,-6571.020499931966
10.961300197250416,6.002954169559475,0.8456123373271431,50.39479165422028,-6571.020499931966
10.961300197250416,6.002954169559475,0.8456123373271431,50.39479165422028,-6571.020499931966
10.961300197250416,6.002954169559475,0.8456123373271431,50.39479165422028,-6571.020499931966
10.961300197250416,6.002954169559475,0.8456123373271431,50.39479165422028,-6571.020499931966
10.961300197250416,6.002954169559475,0.8456123373271431,50.39479165422028,-6571.020499931966
10.961300197250416,6.002954169559475,0.8456123373271431,50.39479165422028,-6571.020499931966
10.961300197250416,6.002954169559475,0.8456123373271431,50.39479165422028,-6571.020499931966
11.303220798270127,6.258906299904535,0.8817101964967424,50.85494111267368,-6571.8193963257345
11.303220798270127,6.258906299904535,0.8817101964967424,50.85494111267368,-6571.8193963257345
10.410446663345907,8.079436032982612,0.8182169745700466,50.818680988150426,-6570.6385095119895
10.410446663345907,8.079436032982612,0.8182169745700466,50.818680988150426,-6570.6385095119895
10.410446663345907,8.079436032982612,0.8182169745700466,50.818680988150426,-6570.6385095119895
10.410446663345907,8.079436032982612,0.8182169745700466,50.818680988150426,-6570.6385095119895
10.410446663345907,8.079436032982612,0.8182169745700466,50.818680988150426,-6570.6385095119895
10.410446663345907,8.079436032982612,0.8182169745700466,50.818680988150426,-6570.6385095119895
10.410446663345907,8.079436032982612,0.8182169745700466,50.818680988150426,-6570.6385095119895
9.71874789946798,8.027362896464913,0.7695929670633516,50.59695914480144,-6571.170795304652
10.47357842767408,6.707118758031459,0.8484277052766892,50.34567724443667,-6570.711158338232
10.47357842767408,6.707118758031459,0.8484277052766892,50.34567724443667,-6570.711158338232
10.47357842767408,6.707118758031459,0.8484277052766892,50.34567724443667,-6570.711158338232
10.632556150680049,7.670136572707124,0.7397599014681564,50.27756515003982,-6570.322693817745
10.632556150680049,7.670136572707124,0.7397599014681564,50.27756515003982,-6570.322693817745
9.852366133572637,8.56687957348553,0.8359019727746667,51.23658243224129,-6571.575676243627
9.852366133572637,8.56687957348553,0.8359019727746667,51.23658243224129,-6571.575676243627
9.852366133572637,8.56687957348553,0.8359019727746667,51.23658243224129,-6571.575676243627
9.852366133572637,8.56687957348553,0.8359019727746667,51.23658243224129,-6571.575676243627
9.852366133572637,8.56687957348553,0.8359019727746667,51.23658243224129,-6571.575676243627
9.852366133572637,8.56687957348553,0.8359019727746667,51.23658243224129,-6571.575676243627
9.796572881190894,9.276805147993228,0.8154800377870793,50.817961154835714,-6570.763224504215
9.796572881190894,9.276805147993228,0.8154800377870793,50.817961154835714,-6570.763224504215
9.796572881190894,9.276805147993228,0.8154800377870793,50.817961154835714,-6570.763224504215
9.796572881190894,9.276805147993228,0.8154800377870793,50.817961154835714,-6570.763224504215
9.796572881190894,9.276805147993228,0.8154800377870793,50.817961154835714,-6570.763224504215
9.796572881190894,9.276805147993228,0.8154800377870793,50.817961154835714,-6570.763224504215
9.796572881190894,9.276805147993228,0.8154800377870793,50.817961154835714,-6570.763224504215
9.812762919206378,8.178082839179025,0.8060246095419487,50.84741687286148,-6570.879672349024
9.812762919206378,8.178082839179025,0.8060246095419487,50.84741687286148,-6570.879672349024
9.812762919206378,8.178082839179025,0.8060246095419487,50.84741687286148,-6570.879672349024
9.812762919206378,8.178082839179025,0.8060246095419487,50.84741687286148,-6570.879672349024
9.812762919206378,8.178082839179025,0.8060246095419487,50.84741687286148,-6570.879672349024
9.812762919206378,8.178082839179025,0.8060246095419487,50.84741687286148,-6570.879672349024
9.812762919206378,8.178082839179025,0.8060246095419487,50.84741687286148,-6570.879672349024
10.815098988495068,8.215563988605895,0.7084564595151659,51.19946412869549,-6571.437707815708
10.815098988495068,8.215563988605895,0.7084564595151659,51.19946412869549,-6571.437707815708
10.815098988495068,8.215563988605895,0.7084564595151659,51.19946412869549,-6571.437707815708
10.815098988495068,8.215563988605895,0.7084564595151659,51.19946412869549,-6571.437707815708
10.59041991077339,7.952659056688008,0.6691344910804764,51.27443560557044,-6571.703878608192
10.59041991077339,7.952659056688008,0.6691344910804764,51.27443560557044,-6571.703878608192
10.59041991077339,7.952659056688008,0.6691344910804764,51.27443560557044,-6571.703878608192
10.59041991077339,7.952659056688008,0.6691344910804764,51.27443560557044,-6571.703878608192
10.59041991077339,7.952659056688008,0.6691344910804764,51.27443560557044,-6571.703878608192
10.59041991077339,7.952659056688008,0.6691344910804764,51.27443560557044,-6571.703878608192
10.59041991077339,7.952659056688008,0.6691344910804764,51.27443560557044,-6571.703878608192
10.59041991077339,7.952659056688008,0.6691344910804764,51.27443560557044,-6571.703878608192
10.59041991077339,7.952659056688008,0.6691344910804764,51.27443560557044,-6571.703878608192
10.59041991077339,7.952659056688008,0.6691344910804764,51.27443560557044,-6571.703878608192
10.463802310771893,7.142536842327184,0.798222148678702,50.524836887802905,-6570.470528599644
10.463802310771893,7.142536842327184,0.798222148678702,50.524836887802905,-6570.470528599644
10.463802310771893,7.142536842327184,0.798222148678702,50.524836887802905,-6570.470528599644
10.463802310771893,7.142536842327184,0.798222148678702,50.524836887802905,-6570.470528599644
10.463802310771893,7.142536842327184,0.798222148678702,50.524836887802905,-6570.470528599644
10.463802310771893,7.142536842327184,0.798222148678702,50.524836887802905,-6570.470528599644
10.463802310771893,7.142536842327184,0.798222148678702,50.524836887802905,-6570.470528599644
10.463802310771893,7.142536842327184,0.798222148678702,50.524836887802905,-6570.470528599644
10.463802310771893,7.142536842327184,0.798222148678702,50.524836887802905,-6570.470528599644
10.463802310771893,7.142536842327184,0.798222148678702,50.524836887802905,-6570.470528599644
10.463802310771893,7.142536842327184,0.798222148678702,50.524836887802905,-6570.470528599644
10.463802310771893,7.142536842327184,0.798222148678702,50.524836887802905,-6570.470528599644
10.463802310771893,7.142536842327184,0.798222148678702,50.524836887802905,-6570.470528599644
10.463802310771893,7.142536842327184,0.798222148678702,50.524836887802905,-6570.470528599644
10.463802310771893,7.142536842327184,0.798222148678702,50.524836887802905,-6570.470528599644
10.463802310771893,7.142536842327184,0.798222148678702,50.524836887802905,-6570.470528599644
10.463802310771893,7.142536842327184,0.798222148678702,50.524836887802905,-6570.470528599644
10.463802310771893,7.142536842327184,0.798222148678702,50.524836887802905,-6570.470528599644
10.463802310771893,7.142536842327184,0.798222148678702,50.524836887802905,-6570.470528599644
10.463802310771893,7.142536842327184,0.798222148678702,50.524836887802905,-6570.470528599644
10.463802310771893,7.142536842327184,0.798222148678702,50.524836887802905,-6570.470528599644
10.463802310771893,7.142536842327184,0.798222148678702,50.524836887802905,-6570.470528599644
10.463802310771893,7.142536842327184,0.798222148678702,50.524836887802905,-6570.470528599644
10.463802310771893,7.142536842327184,0.798222148678702,50.524836887802905,-6570.470528599644
10.463802310771893,7.142536842327184,0.798222148678702,50.524836887802905,-6570.470528599644
10.463802310771893,7.142536842327184,0.798222148678702,50.524836887802905,-6570.470528599644
10.463802310771893,7.142536842327184,0.798222148678702,50.524836887802905,-6570.470528599644
10.463802310771893,7.142536842327184,0.798222148678702,50.524836887802905,-6570.470528599644
10.463802310771893,7.142536842327184,0.798222148678702,50.524836887802905,-6570.470528599644
10.463802310771893,7.142536842327184,0.798222148678702,50.524836887802905,-6570.470528599644
10.463802310771893,7.142536842327184,0.798222148678702,50.524836887802905,-6570.470528599644
10.463802310771893,7.142536842327184,0.798222148678702,50.524836887802905,-6570.470528599644
10.875017898599777,6.103281218279083,0.8367213902101851,50.4646220943195,-6570.970711230646
11.080403334595859,5.889619647263742,0.8715240550510402,50.31599708700782,-6571.174247016288
11.080403334595859,5.889619647263742,0.8715240550510402,50.31599708700782,-6571.174247016288
11.080403334595859,5.889619647263742,0.8715240550510402,50.31599708700782,-6571.174247016288
10.87781363524299,5.720048620472431,0.9380131843085326,50.818486897717314,-6571.7922195574765
10.87781363524299,5.720048620472431,0.9380131843085326,50.818486897717314,-6571.7922195574765
10.87781363524299,5.720048620472431,0.9380131843085326,50.818486897717314,-6571.7922195574765
10.87781363524299,5.720048620472431,0.9380131843085326,50.818486897717314,-6571.7922195574765
10.87781363524299,5.720048620472431,0.9380131843085326,50.818486897717314,-6571.7922195574765
10.87781363524299,5.720048620472431,0.9380131843085326,50.818486897717314,-6571.7922195574765
10.87781363524299,5.720048620472431,0.9380131843085326,50.818486897717314,-6571.7922195574765
10.87781363524299,5.720048620472431,0.9380131843085326,50.818486897717314,-6571.7922195574765
10.87781363524299,5.720048620472431,0.9380131843085326,50.818486897717314,-6571.7922195574765
10.87781363524299,5.720048620472431,0.9380131843085326,50.818486897717314,-6571.7922195574765
10.87781363524299,5.720048620472431,0.9380131843085326,50.818486897717314,-6571.7922195574765
10.87781363524299,5.720048620472431,0.9380131843085326,50.818486897717314,-6571.7922195574765
10.87781363524299,5.720048620472431,0.9380131843085326,50.818486897717314,-6571.7922195574765
11.553054828217306,5.5254698853927335,1.018639236690645,50.38431005428278,-6573.5447242761875
10.512016844264043,5.123611427759617,1.1207982292242202,50.8624380936794,-6574.027554722188
10.512016844264043,5.123611427759617,1.1207982292242202,50.8624380936794,-6574.027554722188
10.512016844264043,5.123611427759617,1.1207982292242202,50.8624380936794,-6574.027554722188
10.68667298025212,6.33999906417544,1.0030413174754744,50.02702720482544,-6571.9753360255945
10.68667298025212,6.33999906417544,1.0030413174754744,50.02702720482544,-6571.9753360255945
10.68667298025212,6.33999906417544,1.0030413174754744,50.02702720482544,-6571.9753360255945
10.250340991031475,8.770121708010896,0.8662824523517131,50.064112982726726,-6571.16490062013
10.250340991031475,8.770121708010896,0.8662824523517131,50.064112982726726,-6571.16490062013
10.654306027068621,9.172514188703893,0.8622582347280362,50.45747386018928,-6572.904856788136
10.654306027068621,9.172514188703893,0.8622582347280362,50.45747386018928,-6572.904856788136
11.188408848833863,9.761509506449254,0.6964430255515083,51.00438870076489,-6574.34635023047
11.188408848833863,9.761509506449254,0.6964430255515083,51.00438870076489,-6574.34635023047
11.188408848833863,9.761509506449254,0.6964430255515083,51.00438870076489,-6574.34635023047
11.188408848833863,9.761509506449254,0.6964430255515083,51.00438870076489,-6574.34635023047
11.188408848833863,9.761509506449254,0.6964430255515083,51.00438870076489,-6574.34635023047
11.188408848833863,9.761509506449254,0.6964430255515083,51.00438870076489,-6574.34635023047
11.188408848833863,9.761509506449254,0.6964430255515083,51.00438870076489,-6574.34635023047
9.955915995113916,7.615477026559769,0.7389272169657151,51.20799922597605,-6572.4531155318855
9.955915995113916,7.615477026559769,0.7389272169657151,51.20799922597605,-6572.4531155318855
9.955915995113916,7.615477026559769,0.7389272169657151,51.20799922597605,-6572.4531155318855
9.760153267084759,8.004427054606392,0.7901359693315948,50.99235111842666,-6571.499574811049
10.841341680073548,9.013660326813884,0.8115431239209331,50.352992821590846,-6572.523348716411
10.841341680073548,9.013660326813884,0.8115431239209331,50.352992821590846,-6572.523348716411
11.35207954530365,7.443070689388728,0.6439466763296773,50.569166166598244,-6571.357027275285
11.35207954530365,7.443070689388728,0.6439466763296773,50.569166166598244,-6571.357027275285
12.366905890366633,6.330302008762758,0.6842410339866245,50.54428309428971,-6573.504063481243
12.366905890366633,6.330302008762758,0.6842410339866245,50.54428309428971,-6573.504063481243
12.366905890366633,6.330302008762758,0.6842410339866245,50.54428309428971,-6573.504063481243
12.366905890366633,6.330302008762758,0.6842410339866245,50.54428309428971,-6573.504063481243
12.366905890366633,6.330302008762758,0.6842410339866245,50.54428309428971,-6573.504063481243
12.366905890366633,6.330302008762758,0.6842410339866245,50.54428309428971,-6573.504063481243
12.366905890366633,6.330302008762758,0.6842410339866245,50.54428309428971,-6573.504063481243
11.662745297193355,5.690223679376684,0.6690236718145088,50.63585870685363,-6572.3668657049075
11.662745297193355,5.690223679376684,0.6690236718145088,50.63585870685363,-6572.3668657049075
11.662745297193355,5.690223679376684,0.6690236718145088,50.63585870685363,-6572.3668657049075
11.662745297193355,5.690223679376684,0.6690236718145088,50.63585870685363,-6572.3668657049075
11.662745297193355,5.690223679376684,0.6690236718145088,50.63585870685363,-6572.3668657049075
11.662745297193355,5.690223679376684,0.6690236718145088,50.63585870685363,-6572.3668657049075
11.662745297193355,5.690223679376684,0.6690236718145088,50.63585870685363,-6572.3668657049075
10.446602611374228,6.466778259196536,0.8409693286991695,50.603667082356786,-6571.096452889101
9.704706099984861,8.174708381548966,0.6851448880531135,49.755453802448095,-6572.736822146287
9.704706099984861,8.174708381548966,0.6851448880531135,49.755453802448095,-6572.736822146287
9.704706099984861,8.174708381548966,0.6851448880531135,49.755453802448095,-6572.736822146287
9.704706099984861,8.174708381548966,0.6851448880531135,49.755453802448095,-6572.736822146287
9.434714042213837,8.26676765457373,0.8600684683107371,49.05388190759818,-6573.745189993668
11.047419687401458,7.365846772037876,0.654953426049012,49.217032123806526,-6573.422842885281
11.047419687401458,7.365846772037876,0.654953426049012,49.217032123806526,-6573.422842885281
11.047419687401458,7.365846772037876,0.654953426049012,49.217032123806526,-6573.422842885281
11.047419687401458,7.365846772037876,0.654953426049012,49.217032123806526,-6573.422842885281
11.047419687401458,7.365846772037876,0.654953426049012,49.217032123806526,-6573.422842885281
11.047419687401458,7.365846772037876,0.654953426049012,49.217032123806526,-6573.422842885281
11.047419687401458,7.365846772037876,0.654953426049012,49.217032123806526,-6573.422842885281
11.047419687401458,7.365846772037876,0.654953426049012,49.217032123806526,-6573.422842885281
11.047419687401458,7.365846772037876,0.654953426049012,49.217032123806526,-6573.422842885281
11.047419687401458,7.365846772037876,0.654953426049012,49.217032123806526,-6573.422842885281
10.729633820650141,7.962820239745893,0.6137480838035885,49.45393937572796,-6572.840823851284
10.729633820650141,7.962820239745893,0.6137480838035885,49.45393937572796,-6572.840823851284
10.729633820650141,7.962820239745893,0.6137480838035885,49.45393937572796,-6572.840823851284
10.729633820650141,7.962820239745893,0.6137480838035885,49.45393937572796,-6572.840823851284
10.483402872678784,7.065637391595017,0.7147491314686881,49.603271611429335,-6572.180350037119
12.014471814859146,6.0004820947863955,0.6781198897164841,50.155602211643426,-6572.544078782482
12.014471814859146,6.0004820947863955,0.6781198897164841,50.155602211643426,-6572.544078782482
12.014471814859146,6.0004820947863955,0.6781198897164841,50.155602211643426,-6572.544078782482
12.014471814859146,6.0004820947863955,0.6781198897164841,50.155602211643426,-6572.544078782482
12.310054445439361,5.388264814667081,0.7227344384166682,49.74362210024306,-6573.7966406038695
12.310054445439361,5.388264814667081,0.7227344384166682,49.74362210024306,-6573.7966406038695
12.310054445439361,5.388264814667081,0.7227344384166682,49.74362210024306,-6573.7966406038695
12.310054445439361,5.388264814667081,0.7227344384166682,49.74362210024306,-6573.7966406038695
12.310054445439361,5.388264814667081,0.7227344384166682,49.74362210024306,-6573.7966406038695
12.310054445439361,5.388264814667081,0.7227344384166682,49.74362210024306,-6573.7966406038695
12.310054445439361,5.388264814667081,0.7227344384166682,49.74362210024306,-6573.7966406038695
12.310054445439361,5.388264814667081,0.7227344384166682,49.74362210024306,-6573.7966406038695
12.310054445439361,5.388264814667081,0.7227344384166682,49.74362210024306,-6573.7966406038695
12.310054445439361,5.388264814667081,0.7227344384166682,49.74362210024306,-6573.7966406038695
12.310054445439361,5.388264814667081,0.7227344384166682,49.74362210024306,-6573.7966406038695
12.095395543048488,5.951520880184315,0.7339866912880273,49.85887596398997,-6573.095788214633
12.095395543048488,5.951520880184315,0.7339866912880273,49.85887596398997,-6573.095788214633
12.095395543048488,5.951520880184315,0.7339866912880273,49.85887596398997,-6573.095788214633
12.095395543048488,5.951520880184315,0.7339866912880273,49.85887596398997,-6573.095788214633
12.095395543048488,5.951520880184315,0.7339866912880273,49.85887596398997,-6573.095788214633
12.095395543048488,5.951520880184315,0.7339866912880273,49.85887596398997,-6573.095788214633
12.095395543048488,5.951520880184315,0.7339866912880273,49.85887596398997,-6573.095788214633
12.095395543048488,5.951520880184315,0.7339866912880273,49.85887596398997,-6573.095788214633
12.095395543048488,5.951520880184315,0.7339866912880273,49.85887596398997,-6573.095788214633
10.700331108717329,6.352101810282308,0.9770925520161827,50.47442266721573,-6571.567434547098
10.654391053958522,4.280424680759051,1.0888738870367471,49.94062645182386,-6574.73739560904
10.654391053958522,4.280424680759051,1.0888738870367471,49.94062645182386,-6574.73739560904
9.97474850156054,5.37120722108968,0.9924449477211197,49.88777572986142,-6574.586966022736
9.97474850156054,5.37120722108968,0.9924449477211197,49.88777572986142,-6574.586966022736
9.97474850156054,5.37120722108968,0.9924449477211197,49.88777572986142,-6574.586966022736
9.97474850156054,5.37120722108968,0.9924449477211197,49.88777572986142,-6574.586966022736
9.97474850156054,5.37120722108968,0.9924449477211197,49.88777572986142,-6574.586966022736
9.97474850156054,5.37120722108968,0.9924449477211197,49.88777572986142,-6574.586966022736
9.97474850156054,5.37120722108968,0.9924449477211197,49.88777572986142,-6574.586966022736
9.97474850156054,5.37120722108968,0.9924449477211197,49.88777572986142,-6574.586966022736
9.935386474764307,6.30638285144007,0.9035785249377631,50.55617393389121,-6572.5283908464835
9.935386474764307,6.30638285144007,0.9035785249377631,50.55617393389121,-6572.5283908464835
10.100293533307735,9.372545362802457,0.6974706303227756,50.40816188953549,-6570.309261597983
10.100293533307735,9.372545362802457,0.6974706303227756,50.40816188953549,-6570.309261597983
10.100293533307735,9.372545362802457,0.6974706303227756,50.40816188953549,-6570.309261597983
10.100293533307735,9.372545362802457,0.6974706303227756,50.40816188953549,-6570.309261597983
10.100293533307735,9.372545362802457,0.6974706303227756,50.40816188953549,-6570.309261597983
10.100293533307735,9.372545362802457,0.6974706303227756,50.40816188953549,-6570.309261597983
10.100293533307735,9.372545362802457,0.6974706303227756,50.40816188953549,-6570.309261597983
10.100293533307735,9.372545362802457,0.6974706303227756,50.40816188953549,-6570.309261597983
10.100293533307735,9.372545362802457,0.6974706303227756,50.40816188953549,-6570.309261597983
10.100293533307735,9.372545362802457,0.6974706303227756,50.40816188953549,-6570.309261597983
10.000117701151066,10.701640262035067,0.7501828769532085,50.780048395333424,-6572.043838151749
10.000117701151066,10.701640262035067,0.7501828769532085,50.780048395333424,-6572.043838151749
9.942616281934754,10.416936465428206,0.8305189849092967,50.30121371206251,-6572.1927927713
9.942616281934754,10.416936465428206,0.8305189849092967,50.30121371206251,-6572.1927927713
9.447888567574518,10.533898021823042,0.8301853528101674,49.70052280672494,-6571.885156947568
9.447888567574518,10.533898021823042,0.8301853528101674,49.70052280672494,-6571.885156947568
9.447888567574518,10.533898021823042,0.8301853528101674,49.70052280672494,-6571.885156947568
9.447888567574518,10.533898021823042,0.8301853528101674,49.70052280672494,-6571.885156947568
9.447888567574518,10.533898021823042,0.8301853528101674,49.70052280672494,-6571.885156947568
9.447888567574518,10.533898021823042,0.8301853528101674,49.70052280672494,-6571.885156947568
9.447888567574518,10.533898021823042,0.8301853528101674,49.70052280672494,-6571.885156947568
9.447888567574518,10.533898021823042,0.8301853528101674,49.70052280672494,-6571.885156947568
9.447888567574518,10.533898021823042,0.8301853528101674,49.70052280672494,-6571.885156947568
9.447888567574518,10.533898021823042,0.8301853528101674,49.70052280672494,-6571.885156947568
9.447888567574518,10.533898021823042,0.8301853528101674,49.70052280672494,-6571.885156947568
9.628393745765301,10.678275622343648,0.5105994555800359,49.84253397751787,-6573.581300928005
9.628393745765301,10.678275622343648,0.5105994555800359,49.84253397751787,-6573.581300928005
9.41070919509416,11.715473323128727,0.7440639327133258,49.875384147585685,-6572.359358734732
9.41070919509416,11.715473323128727,0.7440639327133258,49.875384147585685,-6572.359358734732
9.41070919509416,11.715473323128727,0.7440639327133258,49.875384147585685,-6572.359358734732
9.41070919509416,11.715473323128727,0.7440639327133258,49.875384147585685,-6572.359358734732
9.41070919509416,11.715473323128727,0.7440639327133258,49.875384147585685,-6572.359358734732
9.41070919509416,11.715473323128727,0.7440639327133258,49.875384147585685,-6572.359358734732
9.990486499793258,8.375679320394877,0.7725662961715238,49.357100429499205,-6571.808125638556
10.678824446167974,8.020673018051275,0.6663095341502516,49.58164510741169,-6571.729053652585
10.678824446167974,8.020673018051275,0.6663095341502516,49.58164510741169,-6571.729053652585
10.678824446167974,8.020673018051275,0.6663095341502516,49.58164510741169,-6571.729053652585
10.678824446167974,8.020673018051275,0.6663095341502516,49.58164510741169,-6571.729053652585
8.957521354375226,11.222496681797212,0.6407836065187044,49.73360792385696,-6572.4492964888595
8.957521354375226,11.222496681797212,0.6407836065187044,49.73360792385696,-6572.4492964888595
8.957521354375226,11.222496681797212,0.6407836065187044,49.73360792385696,-6572.4492964888595
8.957521354375226,11.222496681797212,0.6407836065187044,49.73360792385696,-6572.4492964888595
8.957521354375226,11.222496681797212,0.6407836065187044,49.73360792385696,-6572.4492964888595
8.957521354375226,11.222496681797212,0.6407836065187044,49.73360792385696,-6572.4492964888595
8.957521354375226,11.222496681797212,0.6407836065187044,49.73360792385696,-6572.4492964888595
8.957521354375226,11.222496681797212,0.6407836065187044,49.73360792385696,-6572.4492964888595
8.468648199585704,11.77896651142559,0.7413652120512451,49.9056301982985,-6572.561608885242
8.468648199585704,11.77896651142559,0.7413652120512451,49.9056301982985,-6572.561608885242
8.468648199585704,11.77896651142559,0.7413652120512451,49.9056301982985,-6572.561608885242
8.468648199585704,11.77896651142559,0.7413652120512451,49.9056301982985,-6572.561608885242
9.011840124415603,9.94663279390471,0.7547140118410459,50.01535213299683,-6571.471174342051
8.615572350980806,10.878022278542378,0.8510383286252106,50.210826234387824,-6572.022842634323
8.615572350980806,10.878022278542378,0.8510383286252106,50.210826234387824,-6572.022842634323
8.615572350980806,10.878022278542378,0.8510383286252106,50.210826234387824,-6572.022842634323
8.615572350980806,10.878022278542378,0.8510383286252106,50.210826234387824,-6572.022842634323
8.615572350980806,10.878022278542378,0.8510383286252106,50.210826234387824,-6572.022842634323
9.838214879907285,10.169267269815304,0.6557092019866134,50.14027921703057,-6570.741335862211
9.838214879907285,10.169267269815304,0.6557092019866134,50.14027921703057,-6570.741335862211
9.838214879907285,10.169267269815304,0.6557092019866134,50.14027921703057,-6570.741335862211
9.838214879907285,10.169267269815304,0.6557092019866134,50.14027921703057,-6570.741335862211
9.838214879907285,10.169267269815304,0.6557092019866134,50.14027921703057,-6570.741335862211
9.838214879907285,10.169267269815304,0.6557092019866134,50.14027921703057,-6570.741335862211
9.838214879907285,10.169267269815304,0.6557092019866134,50.14027921703057,-6570.741335862211
9.838214879907285,10.169267269815304,0.6557092019866134,50.14027921703057,-6570.741335862211
9.838214879907285,10.169267269815304,0.6557092019866134,50.14027921703057,-6570.741335862211
9.838214879907285,10.169267269815304,0.6557092019866134,50.14027921703057,-6570.741335862211
9.838214879907285,10.169267269815304,0.6557092019866134,50.14027921703057,-6570.741335862211
9.838214879907285,10.169267269815304,0.6557092019866134,50.14027921703057,-6570.741335862211
9.838214879907285,10.169267269815304,0.6557092019866134,50.14027921703057,-6570.741335862211
9.838214879907285,10.169267269815304,0.6557092019866134,50.14027921703057,-6570.741335862211
9.838214879907285,10.169267269815304,0.6557092019866134,50.14027921703057,-6570.741335862211
9.838214879907285,10.169267269815304,0.6557092019866134,50.14027921703057,-6570.741335862211
8.974898617227446,10.98577622933076,0.6406449491497488,50.34598889137103,-6571.881898235108
8.974898617227446,10.98577622933076,0.6406449491497488,50.34598889137103,-6571.881898235108
8.974898617227446,10.98577622933076,0.6406449491497488,50.34598889137103,-6571.881898235108
8.974898617227446,10.98577622933076,0.6406449491497488,50.34598889137103,-6571.881898235108
10.42904232634162,9.237410119993342,0.67250357924827,50.897398965718224,-6570.896185285559
10.42904232634162,9.237410119993342,0.67250357924827,50.897398965718224,-6570.896185285559
10.42904232634162,9.237410119993342,0.67250357924827,50.897398965718224,-6570.896185285559
10.42904232634162,9.237410119993342,0.67250357924827,50.897398965718224,-6570.896185285559
10.42904232634162,9.237410119993342,0.67250357924827,50.897398965718224,-6570.896185285559
10.686729744118583,7.247250895244878,0.6280128111872372,50.88873946258555,-6572.197894416366
10.686729744118583,7.247250895244878,0.6280128111872372,50.88873946258555,-6572.197894416366
10.686729744118583,7.247250895244878,0.6280128111872372,50.88873946258555,-6572.197894416366
11.267060893445883,9.489594204776028,0.7634835886119655,50.82117157000226,-6575.011797833942
11.267060893445883,9.489594204776028,0.7634835886119655,50.82117157000226,-6575.011797833942
11.267060893445883,9.489594204776028,0.7634835886119655,50.82117157000226,-6575.011797833942
11.267060893445883,9.489594204776028,0.7634835886119655,50.82117157000226,-6575.011797833942
11.425717829002528,8.573823679143441,0.8302339017644742,50.223662727655025,-6574.796978296921
11.425717829002528,8.573823679143441,0.8302339017644742,50.223662727655025,-6574.796978296921
11.425717829002528,8.573823679143441,0.8302339017644742,50.223662727655025,-6574.796978296921
11.425717829002528,8.573823679143441,0.8302339017644742,50.223662727655025,-6574.796978296921
10.0773709600889,7.649236379081532,0.6174728403221601,50.6676922592488,-6573.473466284602
10.0773709600889,7.649236379081532,0.6174728403221601,50.6676922592488,-6573.473466284602
10.0773709600889,7.649236379081532,0.6174728403221601,50.6676922592488,-6573.473466284602
10.699584822355433,6.467717412171799,0.6242657421615867,50.70905621887131,-6573.828710024751
10.699584822355433,6.467717412171799,0.6242657421615867,50.70905621887131,-6573.828710024751
10.699584822355433,6.467717412171799,0.6242657421615867,50.70905621887131,-6573.828710024751
10.631412909390338,5.965808739258798,0.7655392299186868,51.197421271543405,-6573.107607278187
9.953782101687825,7.004507330813491,0.729813630137617,50.36410582996989,-6572.8183963896745
9.953782101687825,7.004507330813491,0.729813630137617,50.36410582996989,-6572.8183963896745
9.953782101687825,7.004507330813491,0.729813630137617,50.36410582996989,-6572.8183963896745
10.583345669493447,9.42465823058689,0.6647576430636706,50.91613114427732,-6571.2980249822585
10.583345669493447,9.42465823058689,0.6647576430636706,50.91613114427732,-6571.2980249822585
10.583345669493447,9.42465823058689,0.6647576430636706,50.91613114427732,-6571.2980249822585
10.583345669493447,9.42465823058689,0.6647576430636706,50.91613114427732,-6571.2980249822585
9.892596684116521,8.108811243850683,0.9124064469521233,50.665982344211166,-6570.915158255159
10.418069486768887,6.76993563281974,0.8663869164104614,51.216775786482124,-6571.834061330677
10.418069486768887,6.76993563281974,0.8663869164104614,51.216775786482124,-6571.834061330677
10.418069486768887,6.76993563281974,0.8663869164104614,51.216775786482124,-6571.834061330677
10.418069486768887,6.76993563281974,0.8663869164104614,51.216775786482124,-6571.834061330677
10.196046649143568,8.772512116835394,0.7297096810193036,51.133027250540266,-6571.0130721927635
10.196046649143568,8.772512116835394,0.7297096810193036,51.133027250540266,-6571.0130721927635
10.196046649143568,8.772512116835394,0.7297096810193036,51.133027250540266,-6571.0130721927635
10.196046649143568,8.772512116835394,0.7297096810193036,51.133027250540266,-6571.0130721927635
10.471416093578927,8.512971724408363,0.7697009837021127,50.80251176931047,-6570.635694988141
10.471416093578927,8.512971724408363,0.7697009837021127,50.80251176931047,-6570.635694988141
10.471416093578927,8.512971724408363,0.7697009837021127,50.80251176931047,-6570.635694988141
10.025496110519827,10.533143078979794,0.6233695695090445,50.60994680233845,-6571.126315131218
10.025496110519827,10.533143078979794,0.6233695695090445,50.60994680233845,-6571.126315131218
10.2607679520115,9.87543844672007,0.824467142808138,50.26527632191196,-6572.148784853098
10.864348174518346,8.314359836735834,0.7516129426127643,49.44348036295451,-6572.30243081279
10.864348174518346,8.314359836735834,0.7516129426127643,49.44348036295451,-6572.30243081279
10.864348174518346,8.314359836735834,0.7516129426127643,49.44348036295451,-6572.30243081279
10.864348174518346,8.314359836735834,0.7516129426127643,49.44348036295451,-6572.30243081279
10.966829851888093,8.172619500127906,0.7187341573099398,50.44390842271497,-6570.8623649490455
10.966829851888093,8.172619500127906,0.7187341573099398,50.44390842271497,-6570.8623649490455
10.966829851888093,8.172619500127906,0.7187341573099398,50.44390842271497,-6570.8623649490455
10.966829851888093,8.172619500127906,0.7187341573099398,50.44390842271497,-6570.8623649490455
10.966829851888093,8.172619500127906,0.7187341573099398,50.44390842271497,-6570.8623649490455
10.966829851888093,8.172619500127906,0.7187341573099398,50.44390842271497,-6570.8623649490455
10.966829851888093,8.172619500127906,0.7187341573099398,50.44390842271497,-6570.8623649490455
10.966829851888093,8.172619500127906,0.7187341573099398,50.44390842271497,-6570.8623649490455
10.966829851888093,8.172619500127906,0.7187341573099398,50.44390842271497,-6570.8623649490455
10.403512494697216,8.028924384386105,0.729225917139403,50.202526231960135,-6570.291454721755
10.403512494697216,8.028924384386105,0.729225917139403,50.202526231960135,-6570.291454721755
10.403512494697216,8.028924384386105,0.729225917139403,50.202526231960135,-6570.291454721755
10.403512494697216,8.028924384386105,0.729225917139403,50.202526231960135,-6570.291454721755
10.403512494697216,8.028924384386105,0.729225917139403,50.202526231960135,-6570.291454721755
10.403512494697216,8.028924384386105,0.729225917139403,50.202526231960135,-6570.291454721755
10.403512494697216,8.028924384386105,0.729225917139403,50.202526231960135,-6570.291454721755
10.403512494697216,8.028924384386105,0.729225917139403,50.202526231960135,-6570.291454721755
10.403512494697216,8.028924384386105,0.729225917139403,50.202526231960135,-6570.291454721755
10.403512494697216,8.028924384386105,0.729225917139403,50.202526231960135,-6570.291454721755
10.403512494697216,8.028924384386105,0.729225917139403,50.202526231960135,-6570.291454721755
10.403512494697216,8.028924384386105,0.729225917139403,50.202526231960135,-6570.291454721755
10.403512494697216,8.028924384386105,0.729225917139403,50.202526231960135,-6570.291454721755
10.403512494697216,8.028924384386105,0.729225917139403,50.202526231960135,-6570.291454721755
10.403512494697216,8.028924384386105,0.729225917139403,50.202526231960135,-6570.291454721755
10.403512494697216,8.028924384386105,0.729225917139403,50.202526231960135,-6570.291454721755
10.403512494697216,8.028924384386105,0.729225917139403,50.202526231960135,-6570.291454721755
10.403512494697216,8.028924384386105,0.729225917139403,50.202526231960135,-6570.291454721755
10.403512494697216,8.028924384386105,0.729225917139403,50.202526231960135,-6570.291454721755
10.403512494697216,8.028924384386105,0.729225917139403,50.202526231960135,-6570.291454721755
10.403512494697216,8.028924384386105,0.729225917139403,50.202526231960135,-6570.291454721755
10.403512494697216,8.028924384386105,0.729225917139403,50.202526231960135,-6570.291454721755
10.403512494697216,8.028924384386105,0.729225917139403,50.202526231960135,-6570.291454721755
10.403512494697216,8.028924384386105,0.729225917139403,50.202526231960135,-6570.291454721755
10.403512494697216,8.028924384386105,0.729225917139403,50.202526231960135,-6570.291454721755
10.237683247310043,9.07589188608304,0.7690168940343469,50.85037943395184,-6570.767132207359
10.525789164249998,8.760836031196785,0.6559877291031975,49.83093806435291,-6571.097274589092
10.525789164249998,8.760836031196785,0.6559877291031975,49.83093806435291,-6571.097274589092
10.525789164249998,8.760836031196785,0.6559877291031975,49.83093806435291,-6571.097274589092
10.848687363545773,7.216591984494091,0.7226013015305164,49.974578867223265,-6570.870754987536
10.848687363545773,7.216591984494091,0.7226013015305164,49.974578867223265,-6570.870754987536
11.121644229756148,6.63240551999587,0.6827707732968712,49.718068580443756,-6572.125776715913
11.121644229756148,6.63240551999587,0.6827707732968712,49.718068580443756,-6572.125776715913
11.121644229756148,6.63240551999587,0.6827707732968712,49.718068580443756,-6572.125776715913
11.121644229756148,6.63240551999587,0.6827707732968712,49.718068580443756,-6572.125776715913
11.244323649161394,5.762238944263998,0.7299618580812013,50.607860701235815,-6571.755634965331
11.244323649161394,5.762238944263998,0.7299618580812013,50.607860701235815,-6571.755634965331
11.244323649161394,5.762238944263998,0.7299618580812013,50.607860701235815,-6571.755634965331
11.244323649161394,5.762238944263998,0.7299618580812013,50.607860701235815,-6571.755634965331
11.244323649161394,5.762238944263998,0.7299618580812013,50.607860701235815,-6571.755634965331
11.244323649161394,5.762238944263998,0.7299618580812013,50.607860701235815,-6571.755634965331
11.244323649161394,5.762238944263998,0.7299618580812013,50.607860701235815,-6571.755634965331
10.46162684227747,9.188997302636455,0.6989578125305055,50.89334498308331,-6570.9308987143795
11.383151274502739,6.227086038359115,0.7447941001853888,50.598720227612326,-6571.185753011709
11.383151274502739,6.227086038359115,0.7447941001853888,50.598720227612326,-6571.185753011709
11.383151274502739,6.227086038359115,0.7447941001853888,50.598720227612326,-6571.185753011709
11.383151274502739,6.227086038359115,0.7447941001853888,50.598720227612326,-6571.185753011709
11.383151274502739,6.227086038359115,0.7447941001853888,50.598720227612326,-6571.185753011709
11.383151274502739,6.227086038359115,0.7447941001853888,50.598720227612326,-6571.185753011709
11.383151274502739,6.227086038359115,0.7447941001853888,50.598720227612326,-6571.185753011709
11.383151274502739,6.227086038359115,0.7447941001853888,50.598720227612326,-6571.185753011709
11.383151274502739,6.227086038359115,0.7447941001853888,50.598720227612326,-6571.185753011709
11.383151274502739,6.227086038359115,0.7447941001853888,50.598720227612326,-6571.185753011709
11.383151274502739,6.227086038359115,0.7447941001853888,50.598720227612326,-6571.185753011709
11.383151274502739,6.227086038359115,0.7447941001853888,50.598720227612326,-6571.185753011709
11.383151274502739,6.227086038359115,0.7447941001853888,50.598720227612326,-6571.185753011709
11.383151274502739,6.227086038359115,0.7447941001853888,50.598720227612326,-6571.185753011709
11.383151274502739,6.227086038359115,0.7447941001853888,50.598720227612326,-6571.185753011709
11.383151274502739,6.227086038359115,0.7447941001853888,50.598720227612326,-6571.185753011709
11.383151274502739,6.227086038359115,0.7447941001853888,50.598720227612326,-6571.185753011709
11.383151274502739,6.227086038359115,0.7447941001853888,50.598720227612326,-6571.185753011709
11.383151274502739,6.227086038359115,0.7447941001853888,50.598720227612326,-6571.185753011709
11.383151274502739,6.227086038359115,0.7447941001853888,50.598720227612326,-6571.185753011709
11.802325094948673,5.955411556517162,0.6705342216142015,51.16628912994371,-6572.746176837694
11.802325094948673,5.955411556517162,0.6705342216142015,51.16628912994371,-6572.746176837694
10.41549546804372,6.905958839896368,0.9968799527103059,51.347169406202916,-6573.104021514551
10.41549546804372,6.905958839896368,0.9968799527103059,51.347169406202916,-6573.104021514551
10.41549546804372,6.905958839896368,0.9968799527103059,51.347169406202916,-6573.104021514551
10.41549546804372,6.905958839896368,0.9968799527103059,51.347169406202916,-6573.104021514551
10.41549546804372,6.905958839896368,0.9968799527103059,51.347169406202916,-6573.104021514551
10.41549546804372,6.905958839896368,0.9968799527103059,51.347169406202916,-6573.104021514551
10.41549546804372,6.905958839896368,0.9968799527103059,51.347169406202916,-6573.104021514551
10.41549546804372,6.905958839896368,0.9968799527103059,51.347169406202916,-6573.104021514551
10.41549546804372,6.905958839896368,0.9968799527103059,51.347169406202916,-6573.104021514551
10.41549546804372,6.905958839896368,0.9968799527103059,51.347169406202916,-6573.104021514551
10.67451614132654,7.634162337220513,0.8240618880221213,50.58287232938169,-6570.578691521932
10.67451614132654,7.634162337220513,0.8240618880221213,50.58287232938169,-6570.578691521932
10.67451614132654,7.634162337220513,0.8240618880221213,50.58287232938169,-6570.578691521932
10.67451614132654,7.634162337220513,0.8240618880221213,50.58287232938169,-6570.578691521932
10.67451614132654,7.634162337220513,0.8240618880221213,50.58287232938169,-6570.578691521932
10.685198239204546,7.056269185565192,0.824016824087653,50.536704796067966,-6570.483944971895
10.685198239204546,7.056269185565192,0.824016824087653,50.536704796067966,-6570.483944971895
10.685198239204546,7.056269185565192,0.824016824087653,50.536704796067966,-6570.483944971895
10.685198239204546,7.056269185565192,0.824016824087653,50.536704796067966,-6570.483944971895
10.685198239204546,7.056269185565192,0.824016824087653,50.536704796067966,-6570.483944971895
11.276480988501746,6.074868621607344,0.7953761774536636,50.490766266442904,-6571.068735551688
11.276480988501746,6.074868621607344,0.7953761774536636,50.490766266442904,-6571.068735551688
11.276480988501746,6.074868621607344,0.7953761774536636,50.490766266442904,-6571.068735551688
11.276480988501746,6.074868621607344,0.7953761774536636,50.490766266442904,-6571.068735551688
11.276480988501746,6.074868621607344,0.7953761774536636,50.490766266442904,-6571.068735551688
11.257319091234505,6.975326987558015,0.7724738442517193,50.597036101704035,-6571.024041871442
11.257319091234505,6.975326987558015,0.7724738442517193,50.597036101704035,-6571.024041871442
11.257319091234505,6.975326987558015,0.7724738442517193,50.597036101704035,-6571.024041871442
11.257319091234505,6.975326987558015,0.7724738442517193,50.597036101704035,-6571.024041871442
11.257319091234505,6.975326987558015,0.7724738442517193,50.597036101704035,-6571.024041871442
9.873082946785424,7.3381480404769075,0.8106358375998752,50.37915154389877,-6571.298685333639
9.873082946785424,7.3381480404769075,0.8106358375998752,50.37915154389877,-6571.298685333639
9.873082946785424,7.3381480404769075,0.8106358375998752,50.37915154389877,-6571.298685333639
9.873082946785424,7.3381480404769075,0.8106358375998752,50.37915154389877,-6571.298685333639
9.873082946785424,7.3381480404769075,0.8106358375998752,50.37915154389877,-6571.298685333639
9.873082946785424,7.3381480404769075,0.8106358375998752,50.37915154389877,-6571.298685333639
10.825502556170798,6.866062767375668,0.8119173309798839,50.32291354845365,-6570.541286968243
10.825502556170798,6.866062767375668,0.8119173309798839,50.32291354845365,-6570.541286968243
10.856678007075065,5.588447505066671,0.8221933204836548,50.88554050295819,-6572.076654942137
9.841042192947741,6.93078741791739,0.8225167773785895,50.76225277857019,-6572.370283984548
9.9879785420043,6.883950513947125,0.8660472060269111,50.60822760135219,-6571.471049536256
9.9879785420043,6.883950513947125,0.8660472060269111,50.60822760135219,-6571.471049536256
9.9879785420043,6.883950513947125,0.8660472060269111,50.60822760135219,-6571.471049536256
9.9879785420043,6.883950513947125,0.8660472060269111,50.60822760135219,-6571.471049536256
9.9879785420043,6.883950513947125,0.8660472060269111,50.60822760135219,-6571.471049536256
9.9879785420043,6.883950513947125,0.8660472060269111,50.60822760135219,-6571.471049536256
9.9879785420043,6.883950513947125,0.8660472060269111,50.60822760135219,-6571.471049536256
9.9879785420043,6.883950513947125,0.8660472060269111,50.60822760135219,-6571.471049536256
9.9879785420043,6.883950513947125,0.8660472060269111,50.60822760135219,-6571.471049536256
9.9879785420043,6.883950513947125,0.8660472060269111,50.60822760135219,-6571.471049536256
11.004635834722198,7.001685467716525,0.8609371216951978,50.26446617521468,-6571.103977785156
11.004635834722198,7.001685467716525,0.8609371216951978,50.26446617521468,-6571.103977785156
11.004635834722198,7.001685467716525,0.8609371216951978,50.26446617521468,-6571.103977785156
11.004635834722198,7.001685467716525,0.8609371216951978,50.26446617521468,-6571.103977785156
11.58072513061925,5.601651972755686,0.8349138817124847,49.81886759482085,-6572.205844761049
11.58072513061925,5.601651972755686,0.8349138817124847,49.81886759482085,-6572.205844761049
11.58072513061925,5.601651972755686,0.8349138817124847,49.81886759482085,-6572.205844761049
11.58072513061925,5.601651972755686,0.8349138817124847,49.81886759482085,-6572.205844761049
11.58072513061925,5.601651972755686,0.8349138817124847,49.81886759482085,-6572.205844761049
11.58072513061925,5.601651972755686,0.8349138817124847,49.81886759482085,-6572.205844761049
11.58072513061925,5.601651972755686,0.8349138817124847,49.81886759482085,-6572.205844761049
11.58072513061925,5.601651972755686,0.8349138817124847,49.81886759482085,-6572.205844761049
11.58072513061925,5.601651972755686,0.8349138817124847,49.81886759482085,-6572.205844761049
11.58072513061925,5.601651972755686,0.8349138817124847,49.81886759482085,-6572.205844761049
11.58072513061925,5.601651972755686,0.8349138817124847,49.81886759482085,-6572.205844761049
11.58072513061925,5.601651972755686,0.8349138817124847,49.81886759482085,-6572.205844761049
11.58072513061925,5.601651972755686,0.8349138817124847,49.81886759482085,-6572.205844761049
11.58072513061925,5.601651972755686,0.8349138817124847,49.81886759482085,-6572.205844761049
10.93834821843579,7.479988329499531,0.956701585102091,49.740947240019324,-6573.241795805983
10.93834821843579,7.479988329499531,0.956701585102091,49.740947240019324,-6573.241795805983
10.93834821843579,7.479988329499531,0.956701585102091,49.740947240019324,-6573.241795805983
10.0371277508412,6.90988207501128,0.7852156912825687,49.287831153721726,-6573.741198026544
10.0371277508412,6.90988207501128,0.7852156912825687,49.287831153721726,-6573.741198026544
10.351950127960135,6.614403559215504,0.9195330968168663,48.957153866730735,-6574.046239150746
10.351950127960135,6.614403559215504,0.9195330968168663,48.957153866730735,-6574.046239150746
10.351950127960135,6.614403559215504,0.9195330968168663,48.957153866730735,-6574.046239150746
10.351950127960135,6.614403559215504,0.9195330968168663,48.957153866730735,-6574.046239150746
10.765078870336588,5.352523055944316,0.9120709572378486,49.10109513157001,-6574.529865129975
10.765078870336588,5.352523055944316,0.9120709572378486,49.10109513157001,-6574.529865129975
10.765078870336588,5.352523055944316,0.9120709572378486,49.10109513157001,-6574.529865129975
10.765078870336588,5.352523055944316,0.9120709572378486,49.10109513157001,-6574.529865129975
11.077613075844537,5.34934209690483,0.8786750353354288,48.943714822210076,-6574.90382150247
11.077613075844537,5.34934209690483,0.8786750353354288,48.943714822210076,-6574.90382150247
11.077613075844537,5.34934209690483,0.8786750353354288,48.943714822210076,-6574.90382150247
11.077613075844537,5.34934209690483,0.8786750353354288,48.943714822210076,-6574.90382150247
11.077613075844537,5.34934209690483,0.8786750353354288,48.943714822210076,-6574.90382150247
11.95560963839349,6.219769347480354,0.8560762668416891,49.64901493575634,-6574.214364446729
11.95560963839349,6.219769347480354,0.8560762668416891,49.64901493575634,-6574.214364446729
11.95560963839349,6.219769347480354,0.8560762668416891,49.64901493575634,-6574.214364446729
11.202472800819024,8.207337876944814,0.8379034440221519,50.277448423633274,-6572.995169988402
10.859670042320142,9.279929715284428,0.6339784752518816,50.66872390775517,-6571.481647204372
10.859670042320142,9.279929715284428,0.6339784752518816,50.66872390775517,-6571.481647204372
10.859670042320142,9.279929715284428,0.6339784752518816,50.66872390775517,-6571.481647204372
10.859670042320142,9.279929715284428,0.6339784752518816,50.66872390775517,-6571.481647204372
10.78338140875455,9.420853715175706,0.6042429892167845,50.45168355502255,-6571.425725480037
10.78338140875455,9.420853715175706,0.6042429892167845,50.45168355502255,-6571.425725480037
10.78338140875455,9.420853715175706,0.6042429892167845,50.45168355502255,-6571.425725480037
10.78338140875455,9.420853715175706,0.6042429892167845,50.45168355502255,-6571.425725480037
10.78338140875455,9.420853715175706,0.6042429892167845,50.45168355502255,-6571.425725480037
10.78338140875455,9.420853715175706,0.6042429892167845,50.45168355502255,-6571.425725480037
10.78338140875455,9.420853715175706,0.6042429892167845,50.45168355502255,-6571.425725480037
10.78338140875455,9.420853715175706,0.6042429892167845,50.45168355502255,-6571.425725480037
10.78338140875455,9.420853715175706,0.6042429892167845,50.45168355502255,-6571.425725480037
10.78338140875455,9.420853715175706,0.6042429892167845,50.45168355502255,-6571.425725480037
10.78338140875455,9.420853715175706,0.6042429892167845,50.45168355502255,-6571.425725480037
10.78338140875455,9.420853715175706,0.6042429892167845,50.45168355502255,-6571.425725480037
10.78338140875455,9.420853715175706,0.6042429892167845,50.45168355502255,-6571.425725480037
10.78338140875455,9.420853715175706,0.6042429892167845,50.45168355502255,-6571.425725480037
10.78338140875455,9.420853715175706,0.6042429892167845,50.45168355502255,-6571.425725480037
10.78338140875455,9.420853715175706,0.6042429892167845,50.45168355502255,-6571.425725480037
10.78338140875455,9.420853715175706,0.6042429892167845,50.45168355502255,-6571.425725480037
10.78338140875455,9.420853715175706,0.6042429892167845,50.45168355502255,-6571.425725480037
9.61583479058808,10.831758857580834,0.6725044977793012,49.75076534989819,-6571.508307847472
9.61583479058808,10.831758857580834,0.6725044977793012,49.75076534989819,-6571.508307847472
9.61583479058808,10.831758857580834,0.6725044977793012,49.75076534989819,-6571.508307847472
9.61583479058808,10.831758857580834,0.6725044977793012,49.75076534989819,-6571.508307847472
9.61583479058808,10.831758857580834,0.6725044977793012,49.75076534989819,-6571.508307847472
8.828661716008215,11.230849079640153,0.8536363683991928,50.11417450021535,-6572.011412355852
8.828661716008215,11.230849079640153,0.8536363683991928,50.11417450021535,-6572.011412355852
8.828661716008215,11.230849079640153,0.8536363683991928,50.11417450021535,-6572.011412355852
8.828661716008215,11.230849079640153,0.8536363683991928,50.11417450021535,-6572.011412355852
8.828661716008215,11.230849079640153,0.8536363683991928,50.11417450021535,-6572.011412355852
8.828661716008215,11.230849079640153,0.8536363683991928,50.11417450021535,-6572.011412355852
8.47850072098077,12.239637129400736,0.7154303913490323,50.72943397479469,-6572.729843880424
8.47850072098077,12.239637129400736,0.7154303913490323,50.72943397479469,-6572.729843880424
8.47850072098077,12.239637129400736,0.7154303913490323,50.72943397479469,-6572.729843880424
8.47850072098077,12.239637129400736,0.7154303913490323,50.72943397479469,-6572.729843880424
7.761416235997628,13.650795867420507,0.7329390862642294,50.735876842068635,-6575.117865154026
7.761416235997628,13.650795867420507,0.7329390862642294,50.735876842068635,-6575.117865154026
7.761416235997628,13.650795867420507,0.7329390862642294,50.735876842068635,-6575.117865154026
7.761416235997628,13.650795867420507,0.7329390862642294,50.735876842068635,-6575.117865154026
8.552331255230412,11.92582716208016,0.8714347120725208,51.51482797019748,-6575.293036030816
8.496399472470683,12.068567910670637,0.984595302928291,51.16693035951983,-6575.956082961039
8.496399472470683,12.068567910670637,0.984595302928291,51.16693035951983,-6575.956082961039
8.496399472470683,12.068567910670637,0.984595302928291,51.16693035951983,-6575.956082961039
8.966242136980005,12.981361367789576,0.6674134096484221,51.53850919296168,-6574.921134349466
8.966242136980005,12.981361367789576,0.6674134096484221,51.53850919296168,-6574.921134349466
7.995284431247998,13.73050104373676,0.7201899665336212,51.12813908747219,-6575.354009582914
7.692015728693043,15.468365781453503,0.7600426099133551,50.61398997801207,-6577.161159333116
7.692015728693043,15.468365781453503,0.7600426099133551,50.61398997801207,-6577.161159333116
8.60678659873589,13.998993828990642,0.6491415767210515,51.2694916340975,-6575.271349645495
8.60678659873589,13.998993828990642,0.6491415767210515,51.2694916340975,-6575.271349645495
8.60678659873589,13.998993828990642,0.6491415767210515,51.2694916340975,-6575.271349645495
8.60678659873589,13.998993828990642,0.6491415767210515,51.2694916340975,-6575.271349645495
9.36332696078338,14.337792137225021,0.5333001865332727,51.504504440898,-6577.058785423573
9.36332696078338,14.337792137225021,0.5333001865332727,51.504504440898,-6577.058785423573
9.36332696078338,14.337792137225021,0.5333001865332727,51.504504440898,-6577.058785423573
9.36332696078338,14.337792137225021,0.5333001865332727,51.504504440898,-6577.058785423573
10.887311909689906,12.32695488055742,0.4968895395653454,50.90581067195351,-6576.686905401615
10.887311909689906,12.32695488055742,0.4968895395653454,50.90581067195351,-6576.686905401615
11.17657951163477,10.82738513906266,0.6218660985494064,50.79882770371958,-6575.570760960141
11.17657951163477,10.82738513906266,0.6218660985494064,50.79882770371958,-6575.570760960141
10.352438713478065,11.382593981290873,0.6904460738679711,50.81951186081648,-6573.915538384801
10.352438713478065,11.382593981290873,0.6904460738679711,50.81951186081648,-6573.915538384801
10.352438713478065,11.382593981290873,0.6904460738679711,50.81951186081648,-6573.915538384801
9.243819806580593,13.375115923731512,0.42621771315938617,50.2214644904275,-6575.504343234774
9.243819806580593,13.375115923731512,0.42621771315938617,50.2214644904275,-6575.504343234774
9.243819806580593,13.375115923731512,0.42621771315938617,50.2214644904275,-6575.504343234774
9.243819806580593,13.375115923731512,0.42621771315938617,50.2214644904275,-6575.504343234774
9.243819806580593,13.375115923731512,0.42621771315938617,50.2214644904275,-6575.504343234774
8.899887612387039,14.482761152014477,0.5614785191259402,49.53351970746421,-6576.071268220854
8.387473066406043,13.431988882095162,0.5212817595425369,49.77424984950861,-6575.573940747563
8.387473066406043,13.431988882095162,0.5212817595425369,49.77424984950861,-6575.573940747563
8.387473066406043,13.431988882095162,0.5212817595425369,49.77424984950861,-6575.573940747563
9.142116408344371,12.704326098295974,0.6674854988716458,49.52547971548961,-6573.64695489475
9.142116408344371,12.704326098295974,0.6674854988716458,49.52547971548961,-6573.64695489475
9.142116408344371,12.704326098295974,0.6674854988716458,49.52547971548961,-6573.64695489475
10.013735248640776,10.664924509021589,0.6497050582802693,49.58939205789651,-6572.179361511007
10.013735248640776,10.664924509021589,0.6497050582802693,49.58939205789651,-6572.179361511007
10.013735248640776,10.664924509021589,0.6497050582802693,49.58939205789651,-6572.179361511007
10.013735248640776,10.664924509021589,0.6497050582802693,49.58939205789651,-6572.179361511007
10.42851659098619,6.586538625849878,0.7923323525472756,50.04025970496187,-6571.35534424907
10.42851659098619,6.586538625849878,0.7923323525472756,50.04025970496187,-6571.35534424907
10.42851659098619,6.586538625849878,0.7923323525472756,50.04025970496187,-6571.35534424907
10.467637101702792,7.476220747283509,0.856334131963817,50.802231059083645,-6570.73912853479
10.467637101702792,7.476220747283509,0.856334131963817,50.802231059083645,-6570.73912853479
10.570830619042113,6.664912158463124,0.7924694075746371,51.19019779878585,-6571.786620446877
10.570830619042113,6.664912158463124,0.7924694075746371,51.19019779878585,-6571.786620446877
10.570830619042113,6.664912158463124,0.7924694075746371,51.19019779878585,-6571.786620446877
10.570830619042113,6.664912158463124,0.7924694075746371,51.19019779878585,-6571.786620446877
10.570830619042113,6.664912158463124,0.7924694075746371,51.19019779878585,-6571.786620446877
10.570830619042113,6.664912158463124,0.7924694075746371,51.19019779878585,-6571.786620446877
10.570830619042113,6.664912158463124,0.7924694075746371,51.19019779878585,-6571.786620446877
10.570830619042113,6.664912158463124,0.7924694075746371,51.19019779878585,-6571.786620446877
10.570830619042113,6.664912158463124,0.7924694075746371,51.19019779878585,-6571.786620446877
10.570830619042113,6.664912158463124,0.7924694075746371,51.19019779878585,-6571.786620446877
10.570830619042113,6.664912158463124,0.7924694075746371,51.19019779878585,-6571.786620446877
10.570830619042113,6.664912158463124,0.7924694075746371,51.19019779878585,-6571.786620446877
10.570830619042113,6.664912158463124,0.7924694075746371,51.19019779878585,-6571.786620446877
10.719232045655971,7.2146686251673735,0.7562357461606513,51.35858864467373,-6571.783326326013
10.719232045655971,7.2146686251673735,0.7562357461606513,51.35858864467373,-6571.783326326013
10.71394190398595,6.551922294377011,0.8386066434675856,51.420477796264,-6572.304516595862
10.71394190398595,6.551922294377011,0.8386066434675856,51.420477796264,-6572.304516595862
10.71394190398595,6.551922294377011,0.8386066434675856,51.420477796264,-6572.304516595862
10.71394190398595,6.551922294377011,0.8386066434675856,51.420477796264,-6572.304516595862
10.71394190398595,6.551922294377011,0.8386066434675856,51.420477796264,-6572.304516595862
10.067182017218949,7.460278943147608,0.872407939071721,50.680349149550935,-6570.769231290955
11.024333067264019,6.92932427531604,0.8486607693014621,49.98574926067387,-6571.226548176799
10.214051337613745,6.166875435710144,0.9043818429463543,50.046329430827306,-6571.954897890182
10.73535586611039,6.183259847703559,0.9049833534317607,50.458954525259024,-6571.076349100782
10.73535586611039,6.183259847703559,0.9049833534317607,50.458954525259024,-6571.076349100782
10.73535586611039,6.183259847703559,0.9049833534317607,50.458954525259024,-6571.076349100782
10.73535586611039,6.183259847703559,0.9049833534317607,50.458954525259024,-6571.076349100782
10.194732996235286,7.387942680835923,0.9840875467296508,49.76686020084895,-6571.849233572984
10.194732996235286,7.387942680835923,0.9840875467296508,49.76686020084895,-6571.849233572984
10.194732996235286,7.387942680835923,0.9840875467296508,49.76686020084895,-6571.849233572984
10.194732996235286,7.387942680835923,0.9840875467296508,49.76686020084895,-6571.849233572984
10.194732996235286,7.387942680835923,0.9840875467296508,49.76686020084895,-6571.849233572984
9.445711682009504,9.378685841491352,0.8452284187284763,49.93186730993283,-6570.8724144055905
9.445711682009504,9.378685841491352,0.8452284187284763,49.93186730993283,-6570.8724144055905
9.445711682009504,9.378685841491352,0.8452284187284763,49.93186730993283,-6570.8724144055905
9.445711682009504,9.378685841491352,0.8452284187284763,49.93186730993283,-6570.8724144055905
9.445711682009504,9.378685841491352,0.8452284187284763,49.93186730993283,-6570.8724144055905
9.445711682009504,9.378685841491352,0.8452284187284763,49.93186730993283,-6570.8724144055905
9.445711682009504,9.378685841491352,0.8452284187284763,49.93186730993283,-6570.8724144055905
9.445711682009504,9.378685841491352,0.8452284187284763,49.93186730993283,-6570.8724144055905
9.445711682009504,9.378685841491352,0.8452284187284763,49.93186730993283,-6570.8724144055905
9.974251135082667,9.765027243868309,0.5735211593602919,50.527993785803794,-6571.498035543214
11.159370004323643,8.095746688281729,0.6320148253929057,50.23167366007441,-6571.339485195291
11.159370004323643,8.095746688281729,0.6320148253929057,50.23167366007441,-6571.339485195291
11.159370004323643,8.095746688281729,0.6320148253929057,50.23167366007441,-6571.339485195291
11.159370004323643,8.095746688281729,0.6320148253929057,50.23167366007441,-6571.339485195291
11.159370004323643,8.095746688281729,0.6320148253929057,50.23167366007441,-6571.339485195291
10.312257698395541,9.019643307983515,0.4759523263939974,50.391097827792066,-6574.492150647783
10.312257698395541,9.019643307983515,0.4759523263939974,50.391097827792066,-6574.492150647783
11.74092855777317,9.035743709204286,0.5873501083134776,50.69206120033243,-6574.107910739816
10.798826865020251,8.84056400608928,0.6686431983858855,50.71405723601575,-6571.010113530277
10.798826865020251,8.84056400608928,0.6686431983858855,50.71405723601575,-6571.010113530277
10.798826865020251,8.84056400608928,0.6686431983858855,50.71405723601575,-6571.010113530277
10.798826865020251,8.84056400608928,0.6686431983858855,50.71405723601575,-6571.010113530277
10.798826865020251,8.84056400608928,0.6686431983858855,50.71405723601575,-6571.010113530277
10.798826865020251,8.84056400608928,0.6686431983858855,50.71405723601575,-6571.010113530277
10.798826865020251,8.84056400608928,0.6686431983858855,50.71405723601575,-6571.010113530277
10.798826865020251,8.84056400608928,0.6686431983858855,50.71405723601575,-6571.010113530277
10.798826865020251,8.84056400608928,0.6686431983858855,50.71405723601575,-6571.010113530277
10.798826865020251,8.84056400608928,0.6686431983858855,50.71405723601575,-6571.010113530277
10.798826865020251,8.84056400608928,0.6686431983858855,50.71405723601575,-6571.010113530277
10.798826865020251,8.84056400608928,0.6686431983858855,50.71405723601575,-6571.010113530277
10.798826865020251,8.84056400608928,0.6686431983858855,50.71405723601575,-6571.010113530277
10.798826865020251,8.84056400608928,0.6686431983858855,50.71405723601575,-6571.010113530277
10.798826865020251,8.84056400608928,0.6686431983858855,50.71405723601575,-6571.010113530277
10.798826865020251,8.84056400608928,0.6686431983858855,50.71405723601575,-6571.010113530277
10.798826865020251,8.84056400608928,0.6686431983858855,50.71405723601575,-6571.010113530277
10.798826865020251,8.84056400608928,0.6686431983858855,50.71405723601575,-6571.010113530277
10.798826865020251,8.84056400608928,0.6686431983858855,50.71405723601575,-6571.010113530277
10.798826865020251,8.84056400608928,0.6686431983858855,50.71405723601575,-6571.010113530277
10.798826865020251,8.84056400608928,0.6686431983858855,50.71405723601575,-6571.010113530277
9.36532318543908,10.941972511044813,0.7175817278847701,50.63943099868906,-6571.067617168977
9.36532318543908,10.941972511044813,0.7175817278847701,50.63943099868906,-6571.067617168977
9.36532318543908,10.941972511044813,0.7175817278847701,50.63943099868906,-6571.067617168977
9.6725894975416,10.924122203371748,0.6869783376569023,50.7106849769447,-6571.204833951986
9.6725894975416,10.924122203371748,0.6869783376569023,50.7106849769447,-6571.204833951986
9.6725894975416,10.924122203371748,0.6869783376569023,50.7106849769447,-6571.204833951986
9.6725894975416,10.924122203371748,0.6869783376569023,50.7106849769447,-6571.204833951986
9.6725894975416,10.924122203371748,0.6869783376569023,50.7106849769447,-6571.204833951986
10.244056053960929,9.210226484506727,0.6931539332706045,50.46102980710341,-6570.345000854231
10.244056053960929,9.210226484506727,0.6931539332706045,50.46102980710341,-6570.345000854231
10.244056053960929,9.210226484506727,0.6931539332706045,50.46102980710341,-6570.345000854231
10.07436387347136,8.303860994103239,0.5508008916456258,49.43150144047939,-6575.753329577936
10.07436387347136,8.303860994103239,0.5508008916456258,49.43150144047939,-6575.753329577936
10.659995701912136,9.701879402880007,0.4405761236733164,50.04899974073889,-6574.626204193906
11.818201121924258,6.971723812410897,0.43045223309631175,51.15944580244572,-6577.510704486005
11.818201121924258,6.971723812410897,0.43045223309631175,51.15944580244572,-6577.510704486005
11.818201121924258,6.971723812410897,0.43045223309631175,51.15944580244572,-6577.510704486005
11.818201121924258,6.971723812410897,0.43045223309631175,51.15944580244572,-6577.510704486005
12.229552914007115,8.254751089065486,0.5565690309390126,51.09714238297207,-6575.236071166165
12.229552914007115,8.254751089065486,0.5565690309390126,51.09714238297207,-6575.236071166165
12.229552914007115,8.254751089065486,0.5565690309390126,51.09714238297207,-6575.236071166165
12.229552914007115,8.254751089065486,0.5565690309390126,51.09714238297207,-6575.236071166165
12.229552914007115,8.254751089065486,0.5565690309390126,51.09714238297207,-6575.236071166165
12.229552914007115,8.254751089065486,0.5565690309390126,51.09714238297207,-6575.236071166165
12.139167274439506,6.3696909017065035,0.5169422300688428,50.21115018081066,-6574.877518166873
12.139167274439506,6.3696909017065035,0.5169422300688428,50.21115018081066,-6574.877518166873
12.139167274439506,6.3696909017065035,0.5169422300688428,50.21115018081066,-6574.877518166873
12.139167274439506,6.3696909017065035,0.5169422300688428,50.21115018081066,-6574.877518166873
12.139167274439506,6.3696909017065035,0.5169422300688428,50.21115018081066,-6574.877518166873
12.139167274439506,6.3696909017065035,0.5169422300688428,50.21115018081066,-6574.877518166873
11.889968124179342,6.478285767388536,0.6109252909722601,50.48209890845068,-6572.5641979171
11.118791613810792,10.566811464605003,0.4782574399238412,49.906021978735495,-6574.889649926906
11.256501837397563,10.486506817862269,0.43684434173083836,51.117898737945424,-6575.288811955141
9.820025156502926,9.37942537732226,0.4539251992052763,50.56779079193152,-6576.889031156865
9.820025156502926,9.37942537732226,0.4539251992052763,50.56779079193152,-6576.889031156865
9.820025156502926,9.37942537732226,0.4539251992052763,50.56779079193152,-6576.889031156865
10.427069968169466,11.914831491264447,0.43279030469017143,51.288784478648545,-6575.3848474593215
10.427069968169466,11.914831491264447,0.43279030469017143,51.288784478648545,-6575.3848474593215
10.427069968169466,11.914831491264447,0.43279030469017143,51.288784478648545,-6575.3848474593215
10.427069968169466,11.914831491264447,0.43279030469017143,51.288784478648545,-6575.3848474593215
11.73154556226587,8.703045616183129,0.6539429381917095,50.91618571724234,-6574.127613888177
10.830134958857379,10.223393071490193,0.4270276791539225,50.75867826333103,-6574.407881156181
10.849799713399406,10.601127427547606,0.4599570637871952,49.80025299317447,-6574.730926144213
9.811265980079032,11.31357703451843,0.8177951365555411,50.385440256050025,-6573.3561299372395
9.811265980079032,11.31357703451843,0.8177951365555411,50.385440256050025,-6573.3561299372395
9.811265980079032,11.31357703451843,0.8177951365555411,50.385440256050025,-6573.3561299372395
10.069139237508022,12.40449574001959,0.5751094407567543,49.7945707026905,-6574.447153118834
10.069139237508022,12.40449574001959,0.5751094407567543,49.7945707026905,-6574.447153118834
10.069139237508022,12.40449574001959,0.5751094407567543,49.7945707026905,-6574.447153118834
10.069139237508022,12.40449574001959,0.5751094407567543,49.7945707026905,-6574.447153118834
9.573130000983175,10.91054184444261,0.564937683173802,49.78077102411139,-6572.440238092667
9.121627744110972,9.81438570511132,0.6144678753798513,49.994847251062005,-6573.447497504396
9.121627744110972,9.81438570511132,0.6144678753798513,49.994847251062005,-6573.447497504396
8.85636077676536,9.585242270229942,0.7292266385252637,50.211247837172856,-6572.673970107061
9.855747521077632,8.96069076706926,0.582349850063604,49.93877971329241,-6572.850592931343
10.636484943320223,7.750753809051642,0.8187749853331874,49.73372493411752,-6571.120023661482
10.636484943320223,7.750753809051642,0.8187749853331874,49.73372493411752,-6571.120023661482
10.636484943320223,7.750753809051642,0.8187749853331874,49.73372493411752,-6571.120023661482
10.636484943320223,7.750753809051642,0.8187749853331874,49.73372493411752,-6571.120023661482
10.636484943320223,7.750753809051642,0.8187749853331874,49.73372493411752,-6571.120023661482
10.636484943320223,7.750753809051642,0.8187749853331874,49.73372493411752,-6571.120023661482
10.636484943320223,7.750753809051642,0.8187749853331874,49.73372493411752,-6571.120023661482
10.636484943320223,7.750753809051642,0.8187749853331874,49.73372493411752,-6571.120023661482
10.636484943320223,7.750753809051642,0.8187749853331874,49.73372493411752,-6571.120023661482
10.636484943320223,7.750753809051642,0.8187749853331874,49.73372493411752,-6571.120023661482
10.636484943320223,7.750753809051642,0.8187749853331874,49.73372493411752,-6571.120023661482
10.636484943320223,7.750753809051642,0.8187749853331874,49.73372493411752,-6571.120023661482
10.636484943320223,7.750753809051642,0.8187749853331874,49.73372493411752,-6571.120023661482
10.636484943320223,7.750753809051642,0.8187749853331874,49.73372493411752,-6571.120023661482
10.636484943320223,7.750753809051642,0.8187749853331874,49.73372493411752,-6571.120023661482
10.636484943320223,7.750753809051642,0.8187749853331874,49.73372493411752,-6571.120023661482
10.636484943320223,7.750753809051642,0.8187749853331874,49.73372493411752,-6571.120023661482
10.878599189172979,8.551942171903336,0.8475052006609393,50.22167099914227,-6572.428845537711
10.878599189172979,8.551942171903336,0.8475052006609393,50.22167099914227,-6572.428845537711
10.878599189172979,8.551942171903336,0.8475052006609393,50.22167099914227,-6572.428845537711
10.878599189172979,8.551942171903336,0.8475052006609393,50.22167099914227,-6572.428845537711
10.878599189172979,8.551942171903336,0.8475052006609393,50.22167099914227,-6572.428845537711
10.087568719492706,7.959647953839998,0.969853738009976,50.31903509056196,-6571.370418095128
10.477278866221512,7.2408495908064685,0.7250610516160442,49.42054777684234,-6572.337430594549
10.477278866221512,7.2408495908064685,0.7250610516160442,49.42054777684234,-6572.337430594549
10.477278866221512,7.2408495908064685,0.7250610516160442,49.42054777684234,-6572.337430594549
10.477278866221512,7.2408495908064685,0.7250610516160442,49.42054777684234,-6572.337430594549
10.477278866221512,7.2408495908064685,0.7250610516160442,49.42054777684234,-6572.337430594549
10.477278866221512,7.2408495908064685,0.7250610516160442,49.42054777684234,-6572.337430594549
9.476972517866542,9.100296087060364,0.870273615139739,49.51270720421158,-6571.710308539872
9.476972517866542,9.100296087060364,0.870273615139739,49.51270720421158,-6571.710308539872
9.476972517866542,9.100296087060364,0.870273615139739,49.51270720421158,-6571.710308539872
9.476972517866542,9.100296087060364,0.870273615139739,49.51270720421158,-6571.710308539872
9.476972517866542,9.100296087060364,0.870273615139739,49.51270720421158,-6571.710308539872
9.476972517866542,9.100296087060364,0.870273615139739,49.51270720421158,-6571.710308539872
9.476972517866542,9.100296087060364,0.870273615139739,49.51270720421158,-6571.710308539872
9.476972517866542,9.100296087060364,0.870273615139739,49.51270720421158,-6571.710308539872
9.822792509465057,9.189883230282517,0.7936954593162737,49.33237620027743,-6571.863587937763
9.822792509465057,9.189883230282517,0.7936954593162737,49.33237620027743,-6571.863587937763
9.822792509465057,9.189883230282517,0.7936954593162737,49.33237620027743,-6571.863587937763
9.822792509465057,9.189883230282517,0.7936954593162737,49.33237620027743,-6571.863587937763
9.822792509465057,9.189883230282517,0.7936954593162737,49.33237620027743,-6571.863587937763
10.028288037010945,10.89003024512855,0.7290896817563645,50.269821391316185,-6572.00889756612
10.028288037010945,10.89003024512855,0.7290896817563645,50.269821391316185,-6572.00889756612
10.028288037010945,10.89003024512855,0.7290896817563645,50.269821391316185,-6572.00889756612
10.028288037010945,10.89003024512855,0.7290896817563645,50.269821391316185,-6572.00889756612
10.028288037010945,10.89003024512855,0.7290896817563645,50.269821391316185,-6572.00889756612
10.028288037010945,10.89003024512855,0.7290896817563645,50.269821391316185,-6572.00889756612
10.028288037010945,10.89003024512855,0.7290896817563645,50.269821391316185,-6572.00889756612
10.028288037010945,10.89003024512855,0.7290896817563645,50.269821391316185,-6572.00889756612
9.087308930236027,13.064531994620957,0.690569687688415,50.53022191737541,-6573.289256885568
8.33956968412551,11.155182212801197,0.9097453742026315,50.24789265312968,-6573.003805125001
8.33956968412551,11.155182212801197,0.9097453742026315,50.24789265312968,-6573.003805125001
8.33956968412551,11.155182212801197,0.9097453742026315,50.24789265312968,-6573.003805125001
8.33956968412551,11.155182212801197,0.9097453742026315,50.24789265312968,-6573.003805125001
9.361721462300379,10.5495249695262,0.8036736561818659,49.922558232146734,-6571.264047100589
9.361721462300379,10.5495249695262,0.8036736561818659,49.922558232146734,-6571.264047100589
9.361721462300379,10.5495249695262,0.8036736561818659,49.922558232146734,-6571.264047100589
9.97515543940609,10.449068752043635,0.71556930088049,50.11458371916948,-6571.1871184700285
9.97515543940609,10.449068752043635,0.71556930088049,50.11458371916948,-6571.1871184700285
9.325279128717762,10.148803549842059,0.6110125681208208,50.616358392140484,-6572.04846318092
9.325279128717762,10.148803549842059,0.6110125681208208,50.616358392140484,-6572.04846318092
9.325279128717762,10.148803549842059,0.6110125681208208,50.616358392140484,-6572.04846318092
9.325279128717762,10.148803549842059,0.6110125681208208,50.616358392140484,-6572.04846318092
9.325279128717762,10.148803549842059,0.6110125681208208,50.616358392140484,-6572.04846318092
9.325279128717762,10.148803549842059,0.6110125681208208,50.616358392140484,-6572.04846318092
9.325279128717762,10.148803549842059,0.6110125681208208,50.616358392140484,-6572.04846318092
9.325279128717762,10.148803549842059,0.6110125681208208,50.616358392140484,-6572.04846318092
9.325279128717762,10.148803549842059,0.6110125681208208,50.616358392140484,-6572.04846318092
9.093550329879951,9.680509582392311,0.7035970658651538,50.121459589889,-6571.873229600459
9.652172757408755,11.22196269299747,0.8931549764109719,50.48871606167794,-6573.997025850916
9.56770161606681,7.141447338821764,0.8172720281709595,51.001106470556195,-6573.684071034559
9.56770161606681,7.141447338821764,0.8172720281709595,51.001106470556195,-6573.684071034559
10.354559971289747,9.543196928502105,0.7207897496767294,50.71177873879242,-6570.9502623508015
10.354559971289747,9.543196928502105,0.7207897496767294,50.71177873879242,-6570.9502623508015
10.354559971289747,9.543196928502105,0.7207897496767294,50.71177873879242,-6570.9502623508015
10.354559971289747,9.543196928502105,0.7207897496767294,50.71177873879242,-6570.9502623508015
10.354559971289747,9.543196928502105,0.7207897496767294,50.71177873879242,-6570.9502623508015
9.094807920928293,11.306306281772404,0.7023684761931682,50.740497640442605,-6571.488109270584
9.094807920928293,11.306306281772404,0.7023684761931682,50.740497640442605,-6571.488109270584
9.669047143634847,9.7791172034847,0.835661979346454,50.43665094925927,-6570.847849348993
9.669047143634847,9.7791172034847,0.835661979346454,50.43665094925927,-6570.847849348993
9.443632314693152,8.176567752814906,0.8606067178116245,49.968128228843106,-6571.417130990845
9.443632314693152,8.176567752814906,0.8606067178116245,49.968128228843106,-6571.417130990845
9.443632314693152,8.176567752814906,0.8606067178116245,49.968128228843106,-6571.417130990845
9.443632314693152,8.176567752814906,0.8606067178116245,49.968128228843106,-6571.417130990845
9.443632314693152,8.176567752814906,0.8606067178116245,49.968128228843106,-6571.417130990845
9.52742997709533,10.22251840707433,0.7163176532643856,50.24898535879005,-6570.5592656359795
9.52742997709533,10.22251840707433,0.7163176532643856,50.24898535879005,-6570.5592656359795
10.394898589619926,10.900260409865885,0.49559375123551375,50.161963752968866,-6573.013656382898
10.648052843487235,9.863439047453548,0.6063030710566857,51.266913948719115,-6572.453829428425
10.648052843487235,9.863439047453548,0.6063030710566857,51.266913948719115,-6572.453829428425
9.647862590286381,10.340202230974585,0.6483027485465416,51.46547543432326,-6572.605304939281
9.647862590286381,10.340202230974585,0.6483027485465416,51.46547543432326,-6572.605304939281
9.79978711764413,11.12312466566726,0.7242339126423006,51.2232956586783,-6572.777039565827
10.196288177327245,7.9214209950262084,0.9150496254387717,50.508091092266724,-6570.877518575848
10.196288177327245,7.9214209950262084,0.9150496254387717,50.508091092266724,-6570.877518575848
10.196288177327245,7.9214209950262084,0.9150496254387717,50.508091092266724,-6570.877518575848
10.196288177327245,7.9214209950262084,0.9150496254387717,50.508091092266724,-6570.877518575848
10.196288177327245,7.9214209950262084,0.9150496254387717,50.508091092266724,-6570.877518575848
10.196288177327245,7.9214209950262084,0.9150496254387717,50.508091092266724,-6570.877518575848
10.196288177327245,7.9214209950262084,0.9150496254387717,50.508091092266724,-6570.877518575848
11.008657330581912,6.5029221261689925,0.8541722475397495,50.42954850900566,-6570.883734978397
11.008657330581912,6.5029221261689925,0.8541722475397495,50.42954850900566,-6570.883734978397
11.008657330581912,6.5029221261689925,0.8541722475397495,50.42954850900566,-6570.883734978397
11.008657330581912,6.5029221261689925,0.8541722475397495,50.42954850900566,-6570.883734978397
11.008657330581912,6.5029221261689925,0.8541722475397495,50.42954850900566,-6570.883734978397
11.008657330581912,6.5029221261689925,0.8541722475397495,50.42954850900566,-6570.883734978397
11.396124537004447,5.874976817865543,0.9062631395750015,49.94817464913064,-6572.1330211040095
11.396124537004447,5.874976817865543,0.9062631395750015,49.94817464913064,-6572.1330211040095
11.364943087440848,7.279433464643416,0.8777426257562323,49.96263866225193,-6572.992786947903
11.198276053812023,6.718727481645215,0.7358269670280648,49.89192166727492,-6571.319262823992
11.198276053812023,6.718727481645215,0.7358269670280648,49.89192166727492,-6571.319262823992
10.444842925996461,9.038004971210263,0.8650670640309265,50.294596688094686,-6571.924907597506
10.444842925996461,9.038004971210263,0.8650670640309265,50.294596688094686,-6571.924907597506
10.518344701084482,6.203511098835797,1.0359103815211026,50.12090486426986,-6572.144831007963
10.518344701084482,6.203511098835797,1.0359103815211026,50.12090486426986,-6572.144831007963
10.518344701084482,6.203511098835797,1.0359103815211026,50.12090486426986,-6572.144831007963
10.819528207889357,5.896996202842572,1.0290868818558472,49.54140749381175,-6573.210433074533
10.819528207889357,5.896996202842572,1.0290868818558472,49.54140749381175,-6573.210433074533
10.819528207889357,5.896996202842572,1.0290868818558472,49.54140749381175,-6573.210433074533
10.819528207889357,5.896996202842572,1.0290868818558472,49.54140749381175,-6573.210433074533
10.819528207889357,5.896996202842572,1.0290868818558472,49.54140749381175,-6573.210433074533
10.819528207889357,5.896996202842572,1.0290868818558472,49.54140749381175,-6573.210433074533
11.666537852214223,4.824888743737321,0.9730419125884541,50.43373125568857,-6572.887045023788
11.666537852214223,4.824888743737321,0.9730419125884541,50.43373125568857,-6572.887045023788
11.666537852214223,4.824888743737321,0.9730419125884541,50.43373125568857,-6572.887045023788
11.666537852214223,4.824888743737321,0.9730419125884541,50.43373125568857,-6572.887045023788
11.666537852214223,4.824888743737321,0.9730419125884541,50.43373125568857,-6572.887045023788
11.666537852214223,4.824888743737321,0.9730419125884541,50.43373125568857,-6572.887045023788
11.666537852214223,4.824888743737321,0.9730419125884541,50.43373125568857,-6572.887045023788
11.977642850804907,5.0537955305702305,0.9515975974331963,50.58080768636342,-6573.588099784596
11.977642850804907,5.0537955305702305,0.9515975974331963,50.58080768636342,-6573.588099784596
11.977642850804907,5.0537955305702305,0.9515975974331963,50.58080768636342,-6573.588099784596
11.838395714292448,5.634603929072745,0.9563835602172197,50.23307386814176,-6573.709350552983
11.838395714292448,5.634603929072745,0.9563835602172197,50.23307386814176,-6573.709350552983
11.838395714292448,5.634603929072745,0.9563835602172197,50.23307386814176,-6573.709350552983
11.838395714292448,5.634603929072745,0.9563835602172197,50.23307386814176,-6573.709350552983
10.431021269182844,7.895829155633936,1.0704934658572172,49.6626881213261,-6574.356943077297
9.84296617353821,6.967430651016636,0.8433079504108905,49.7545524266776,-6572.406383252315
9.84296617353821,6.967430651016636,0.8433079504108905,49.7545524266776,-6572.406383252315
9.172047169266548,10.625952347617378,0.9634502223571787,49.17779471710373,-6574.647727491878
9.172047169266548,10.625952347617378,0.9634502223571787,49.17779471710373,-6574.647727491878
9.172047169266548,10.625952347617378,0.9634502223571787,49.17779471710373,-6574.647727491878
9.892625023074709,10.504479633794679,0.6841475765329967,49.65048468596522,-6571.703315344017
10.845527759144625,7.583527953726458,0.6297572031968832,49.75843953326605,-6572.005694117634
10.610521891378932,8.720106242976007,0.7377926839325272,50.42416583556052,-6570.626439674599
10.610521891378932,8.720106242976007,0.7377926839325272,50.42416583556052,-6570.626439674599
10.610521891378932,8.720106242976007,0.7377926839325272,50.42416583556052,-6570.626439674599
10.47646633421344,7.377079695197849,0.8470662748642676,49.39596835559314,-6571.856220050469
10.47646633421344,7.377079695197849,0.8470662748642676,49.39596835559314,-6571.856220050469
10.47646633421344,7.377079695197849,0.8470662748642676,49.39596835559314,-6571.856220050469
10.47646633421344,7.377079695197849,0.8470662748642676,49.39596835559314,-6571.856220050469
10.223966799961959,9.087471189794497,0.7877667505336382,49.57248214936728,-6571.495093905817
8.845250579739664,11.44785921182274,0.6937514511366195,50.33803661118186,-6571.621718826258
8.845250579739664,11.44785921182274,0.6937514511366195,50.33803661118186,-6571.621718826258
8.845250579739664,11.44785921182274,0.6937514511366195,50.33803661118186,-6571.621718826258
8.845250579739664,11.44785921182274,0.6937514511366195,50.33803661118186,-6571.621718826258
10.498846598142817,9.253182667802577,0.6401741989446642,50.583333773993346,-6570.76266396252
10.498846598142817,9.253182667802577,0.6401741989446642,50.583333773993346,-6570.76266396252
10.498846598142817,9.253182667802577,0.6401741989446642,50.583333773993346,-6570.76266396252
10.498846598142817,9.253182667802577,0.6401741989446642,50.583333773993346,-6570.76266396252
10.498846598142817,9.253182667802577,0.6401741989446642,50.583333773993346,-6570.76266396252
10.498846598142817,9.253182667802577,0.6401741989446642,50.583333773993346,-6570.76266396252
10.498846598142817,9.253182667802577,0.6401741989446642,50.583333773993346,-6570.76266396252
10.66201263652351,8.655288931632409,0.7593592552135355,50.75913720228313,-6570.988919563973
10.66201263652351,8.655288931632409,0.7593592552135355,50.75913720228313,-6570.988919563973
9.604538619643487,9.995842915796938,0.7042548382269324,49.745148812338996,-6571.078532027306
9.487492833262783,10.786246369170103,0.6624669208723492,50.320973717902554,-6570.893580170287
9.487492833262783,10.786246369170103,0.6624669208723492,50.320973717902554,-6570.893580170287
9.487492833262783,10.786246369170103,0.6624669208723492,50.320973717902554,-6570.893580170287
9.487492833262783,10.786246369170103,0.6624669208723492,50.320973717902554,-6570.893580170287
9.487492833262783,10.786246369170103,0.6624669208723492,50.320973717902554,-6570.893580170287
9.487492833262783,10.786246369170103,0.6624669208723492,50.320973717902554,-6570.893580170287
9.487492833262783,10.786246369170103,0.6624669208723492,50.320973717902554,-6570.893580170287
9.487492833262783,10.786246369170103,0.6624669208723492,50.320973717902554,-6570.893580170287
9.487492833262783,10.786246369170103,0.6624669208723492,50.320973717902554,-6570.893580170287
9.487492833262783,10.786246369170103,0.6624669208723492,50.320973717902554,-6570.893580170287
9.487492833262783,10.786246369170103,0.6624669208723492,50.320973717902554,-6570.893580170287
9.487492833262783,10.786246369170103,0.6624669208723492,50.320973717902554,-6570.893580170287
9.487492833262783,10.786246369170103,0.6624669208723492,50.320973717902554,-6570.893580170287
9.487492833262783,10.786246369170103,0.6624669208723492,50.320973717902554,-6570.893580170287
9.487492833262783,10.786246369170103,0.6624669208723492,50.320973717902554,-6570.893580170287
9.487492833262783,10.786246369170103,0.6624669208723492,50.320973717902554,-6570.893580170287
9.487492833262783,10.786246369170103,0.6624669208723492,50.320973717902554,-6570.893580170287
9.487492833262783,10.786246369170103,0.6624669208723492,50.320973717902554,-6570.893580170287
9.487492833262783,10.786246369170103,0.6624669208723492,50.320973717902554,-6570.893580170287
9.487492833262783,10.786246369170103,0.6624669208723492,50.320973717902554,-6570.893580170287
9.487492833262783,10.786246369170103,0.6624669208723492,50.320973717902554,-6570.893580170287
9.487492833262783,10.786246369170103,0.6624669208723492,50.320973717902554,-6570.893580170287
9.487492833262783,10.786246369170103,0.6624669208723492,50.320973717902554,-6570.893580170287
9.487492833262783,10.786246369170103,0.6624669208723492,50.320973717902554,-6570.893580170287
9.487492833262783,10.786246369170103,0.6624669208723492,50.320973717902554,-6570.893580170287
9.487492833262783,10.786246369170103,0.6624669208723492,50.320973717902554,-6570.893580170287
9.487492833262783,10.786246369170103,0.6624669208723492,50.320973717902554,-6570.893580170287
9.487492833262783,10.786246369170103,0.6624669208723492,50.320973717902554,-6570.893580170287
9.487492833262783,10.786246369170103,0.6624669208723492,50.320973717902554,-6570.893580170287
9.487492833262783,10.786246369170103,0.6624669208723492,50.320973717902554,-6570.893580170287
9.487492833262783,10.786246369170103,0.6624669208723492,50.320973717902554,-6570.893580170287
9.487492833262783,10.786246369170103,0.6624669208723492,50.320973717902554,-6570.893580170287
9.487492833262783,10.786246369170103,0.6624669208723492,50.320973717902554,-6570.893580170287
9.487492833262783,10.786246369170103,0.6624669208723492,50.320973717902554,-6570.893580170287
9.487492833262783,10.786246369170103,0.6624669208723492,50.320973717902554,-6570.893580170287
9.487492833262783,10.786246369170103,0.6624669208723492,50.320973717902554,-6570.893580170287
9.487492833262783,10.786246369170103,0.6624669208723492,50.320973717902554,-6570.893580170287
9.487492833262783,10.786246369170103,0.6624669208723492,50.320973717902554,-6570.893580170287
9.487492833262783,10.786246369170103,0.6624669208723492,50.320973717902554,-6570.893580170287
9.487492833262783,10.786246369170103,0.6624669208723492,50.320973717902554,-6570.893580170287
9.487492833262783,10.786246369170103,0.6624669208723492,50.320973717902554,-6570.893580170287
9.96067652954632,10.842545256206101,0.674582693997867,50.268599896293274,-6571.365754930182
8.767959497095601,11.20808730357696,0.626156625117964,50.25663913729663,-6572.661805360891
8.767959497095601,11.20808730357696,0.626156625117964,50.25663913729663,-6572.661805360891
8.767959497095601,11.20808730357696,0.626156625117964,50.25663913729663,-6572.661805360891
8.727391372632736,10.629041076360382,0.6774960983558315,49.918312283168284,-6572.840741288726
9.513242516942526,8.327490771440663,0.7133259370633986,50.79820910064696,-6572.411236157559
9.513242516942526,8.327490771440663,0.7133259370633986,50.79820910064696,-6572.411236157559
9.513242516942526,8.327490771440663,0.7133259370633986,50.79820910064696,-6572.411236157559
9.513242516942526,8.327490771440663,0.7133259370633986,50.79820910064696,-6572.411236157559
9.513242516942526,8.327490771440663,0.7133259370633986,50.79820910064696,-6572.411236157559
9.513242516942526,8.327490771440663,0.7133259370633986,50.79820910064696,-6572.411236157559
9.513242516942526,8.327490771440663,0.7133259370633986,50.79820910064696,-6572.411236157559
10.01338916789422,7.978522023765764,0.7643433101547773,50.377758994386134,-6570.462998247087
10.01338916789422,7.978522023765764,0.7643433101547773,50.377758994386134,-6570.462998247087
10.01338916789422,7.978522023765764,0.7643433101547773,50.377758994386134,-6570.462998247087
10.01338916789422,7.978522023765764,0.7643433101547773,50.377758994386134,-6570.462998247087
10.01338916789422,7.978522023765764,0.7643433101547773,50.377758994386134,-6570.462998247087
10.01338916789422,7.978522023765764,0.7643433101547773,50.377758994386134,-6570.462998247087
10.01338916789422,7.978522023765764,0.7643433101547773,50.377758994386134,-6570.462998247087
10.01338916789422,7.978522023765764,0.7643433101547773,50.377758994386134,-6570.462998247087
9.757063892498227,9.147058657622727,0.7738334231383941,50.914210371512155,-6570.739640211441
9.757063892498227,9.147058657622727,0.7738334231383941,50.914210371512155,-6570.739640211441
9.757063892498227,9.147058657622727,0.7738334231383941,50.914210371512155,-6570.739640211441
9.757063892498227,9.147058657622727,0.7738334231383941,50.914210371512155,-6570.739640211441
9.757063892498227,9.147058657622727,0.7738334231383941,50.914210371512155,-6570.739640211441
9.757063892498227,9.147058657622727,0.7738334231383941,50.914210371512155,-6570.739640211441
9.757063892498227,9.147058657622727,0.7738334231383941,50.914210371512155,-6570.739640211441
9.757063892498227,9.147058657622727,0.7738334231383941,50.914210371512155,-6570.739640211441
9.757063892498227,9.147058657622727,0.7738334231383941,50.914210371512155,-6570.739640211441
9.757063892498227,9.147058657622727,0.7738334231383941,50.914210371512155,-6570.739640211441
9.757063892498227,9.147058657622727,0.7738334231383941,50.914210371512155,-6570.739640211441
9.757063892498227,9.147058657622727,0.7738334231383941,50.914210371512155,-6570.739640211441
9.757063892498227,9.147058657622727,0.7738334231383941,50.914210371512155,-6570.739640211441
9.757063892498227,9.147058657622727,0.7738334231383941,50.914210371512155,-6570.739640211441
9.757063892498227,9.147058657622727,0.7738334231383941,50.914210371512155,-6570.739640211441
9.757063892498227,9.147058657622727,0.7738334231383941,50.914210371512155,-6570.739640211441
9.757063892498227,9.147058657622727,0.7738334231383941,50.914210371512155,-6570.739640211441
9.757063892498227,9.147058657622727,0.7738334231383941,50.914210371512155,-6570.739640211441
9.608005031024671,10.324161423365808,0.7676549399132158,50.34174158820348,-6570.748648519135
9.608005031024671,10.324161423365808,0.7676549399132158,50.34174158820348,-6570.748648519135
9.608005031024671,10.324161423365808,0.7676549399132158,50.34174158820348,-6570.748648519135
9.608005031024671,10.324161423365808,0.7676549399132158,50.34174158820348,-6570.748648519135
9.608005031024671,10.324161423365808,0.7676549399132158,50.34174158820348,-6570.748648519135
9.608005031024671,10.324161423365808,0.7676549399132158,50.34174158820348,-6570.748648519135
8.959623780553496,10.490130820512954,0.6769661461751763,49.79483603553496,-6572.282649581495
8.869525633037233,11.4211890311836,0.5408314404475103,50.203042150927175,-6574.018804243188
8.52229931289918,11.832450496393115,0.8498341696945246,50.61570800891622,-6572.802964799512
8.52229931289918,11.832450496393115,0.8498341696945246,50.61570800891622,-6572.802964799512
8.52229931289918,11.832450496393115,0.8498341696945246,50.61570800891622,-6572.802964799512
8.52229931289918,11.832450496393115,0.8498341696945246,50.61570800891622,-6572.802964799512
8.52229931289918,11.832450496393115,0.8498341696945246,50.61570800891622,-6572.802964799512
8.52229931289918,11.832450496393115,0.8498341696945246,50.61570800891622,-6572.802964799512
8.52229931289918,11.832450496393115,0.8498341696945246,50.61570800891622,-6572.802964799512
8.52229931289918,11.832450496393115,0.8498341696945246,50.61570800891622,-6572.802964799512
8.52229931289918,11.832450496393115,0.8498341696945246,50.61570800891622,-6572.802964799512
8.52229931289918,11.832450496393115,0.8498341696945246,50.61570800891622,-6572.802964799512
8.52229931289918,11.832450496393115,0.8498341696945246,50.61570800891622,-6572.802964799512
8.52229931289918,11.832450496393115,0.8498341696945246,50.61570800891622,-6572.802964799512
9.559256773306027,12.683485454558657,0.6650761210691842,51.26959770042107,-6574.491902360502
9.559256773306027,12.683485454558657,0.6650761210691842,51.26959770042107,-6574.491902360502
9.559256773306027,12.683485454558657,0.6650761210691842,51.26959770042107,-6574.491902360502
9.433586611413858,11.631843996126559,0.8403624128367766,50.93741747153299,-6573.735613094957
9.433586611413858,11.631843996126559,0.8403624128367766,50.93741747153299,-6573.735613094957
9.433586611413858,11.631843996126559,0.8403624128367766,50.93741747153299,-6573.735613094957
9.433586611413858,11.631843996126559,0.8403624128367766,50.93741747153299,-6573.735613094957
9.433586611413858,11.631843996126559,0.8403624128367766,50.93741747153299,-6573.735613094957
9.258551630981518,9.138819024247647,1.0407356585840217,49.461450925406645,-6573.558816335491
9.258551630981518,9.138819024247647,1.0407356585840217,49.461450925406645,-6573.558816335491
9.258551630981518,9.138819024247647,1.0407356585840217,49.461450925406645,-6573.558816335491
9.258551630981518,9.138819024247647,1.0407356585840217,49.461450925406645,-6573.558816335491
9.258551630981518,9.138819024247647,1.0407356585840217,49.461450925406645,-6573.558816335491
9.258551630981518,9.138819024247647,1.0407356585840217,49.461450925406645,-6573.558816335491
9.258551630981518,9.138819024247647,1.0407356585840217,49.461450925406645,-6573.558816335491
9.458960950419142,10.640388465543534,0.7142494779245728,50.21315601247164,-6570.7716448947485
9.458960950419142,10.640388465543534,0.7142494779245728,50.21315601247164,-6570.7716448947485
9.458960950419142,10.640388465543534,0.7142494779245728,50.21315601247164,-6570.7716448947485
9.458960950419142,10.640388465543534,0.7142494779245728,50.21315601247164,-6570.7716448947485
9.458960950419142,10.640388465543534,0.7142494779245728,50.21315601247164,-6570.7716448947485
9.458960950419142,10.640388465543534,0.7142494779245728,50.21315601247164,-6570.7716448947485
10.621030867372296,10.008138901249161,0.5780326455321685,50.13941759982729,-6571.891679993336
10.142726865052634,8.555032188768873,0.5593028090114266,50.06010603455049,-6573.127894891806
10.936140592691732,8.592547493624755,0.6586328176819755,50.148760664987336,-6571.155297651847
10.936140592691732,8.592547493624755,0.6586328176819755,50.148760664987336,-6571.155297651847
10.936140592691732,8.592547493624755,0.6586328176819755,50.148760664987336,-6571.155297651847
11.217194662545083,6.014130017847348,0.6712607624744341,50.55369504269231,-6572.209700444566
11.217194662545083,6.014130017847348,0.6712607624744341,50.55369504269231,-6572.209700444566
10.783084243116367,9.047186858955897,0.563459949988852,50.56976438729511,-6571.585345661579
10.783084243116367,9.047186858955897,0.563459949988852,50.56976438729511,-6571.585345661579
10.783084243116367,9.047186858955897,0.563459949988852,50.56976438729511,-6571.585345661579
10.783084243116367,9.047186858955897,0.563459949988852,50.56976438729511,-6571.585345661579
10.783084243116367,9.047186858955897,0.563459949988852,50.56976438729511,-6571.585345661579
10.783084243116367,9.047186858955897,0.563459949988852,50.56976438729511,-6571.585345661579
10.783084243116367,9.047186858955897,0.563459949988852,50.56976438729511,-6571.585345661579
10.770770591398838,8.417312371831375,0.5985963282018582,50.08141196941347,-6571.429500034681
10.770770591398838,8.417312371831375,0.5985963282018582,50.08141196941347,-6571.429500034681
10.534311335556206,7.1034197687915945,0.6908074386809349,50.43427574034806,-6571.2950451022125
10.534311335556206,7.1034197687915945,0.6908074386809349,50.43427574034806,-6571.2950451022125
10.534311335556206,7.1034197687915945,0.6908074386809349,50.43427574034806,-6571.2950451022125
10.534311335556206,7.1034197687915945,0.6908074386809349,50.43427574034806,-6571.2950451022125
10.534311335556206,7.1034197687915945,0.6908074386809349,50.43427574034806,-6571.2950451022125
10.534311335556206,7.1034197687915945,0.6908074386809349,50.43427574034806,-6571.2950451022125
10.534311335556206,7.1034197687915945,0.6908074386809349,50.43427574034806,-6571.2950451022125
10.534311335556206,7.1034197687915945,0.6908074386809349,50.43427574034806,-6571.2950451022125
10.534311335556206,7.1034197687915945,0.6908074386809349,50.43427574034806,-6571.2950451022125
10.534311335556206,7.1034197687915945,0.6908074386809349,50.43427574034806,-6571.2950451022125
10.534311335556206,7.1034197687915945,0.6908074386809349,50.43427574034806,-6571.2950451022125
10.534311335556206,7.1034197687915945,0.6908074386809349,50.43427574034806,-6571.2950451022125
10.534311335556206,7.1034197687915945,0.6908074386809349,50.43427574034806,-6571.2950451022125
11.098602089880734,8.903479482913534,0.6624537188270626,49.961231558886304,-6572.128150269511
10.073872807979845,8.55838315972419,0.770425376157593,50.41352328139651,-6570.134181631805
10.073872807979845,8.55838315972419,0.770425376157593,50.41352328139651,-6570.134181631805
10.271276710015782,9.972444651308349,0.7482157647695572,50.52376025569209,-6571.403230303709
10.271276710015782,9.972444651308349,0.7482157647695572,50.52376025569209,-6571.403230303709
10.271276710015782,9.972444651308349,0.7482157647695572,50.52376025569209,-6571.403230303709
10.271276710015782,9.972444651308349,0.7482157647695572,50.52376025569209,-6571.403230303709
9.388014977049071,8.964632048494838,0.7857095137370242,51.24047838632894,-6572.211548573685
9.388014977049071,8.964632048494838,0.7857095137370242,51.24047838632894,-6572.211548573685
9.388014977049071,8.964632048494838,0.7857095137370242,51.24047838632894,-6572.211548573685
9.49173235260231,9.066015100416566,0.9610319301664332,50.97708955488643,-6572.232969360561
9.49173235260231,9.066015100416566,0.9610319301664332,50.97708955488643,-6572.232969360561
9.49173235260231,9.066015100416566,0.9610319301664332,50.97708955488643,-6572.232969360561
9.49173235260231,9.066015100416566,0.9610319301664332,50.97708955488643,-6572.232969360561
9.49173235260231,9.066015100416566,0.9610319301664332,50.97708955488643,-6572.232969360561
9.360623230993086,9.693623018879398,0.7581684722660011,51.35143406260175,-6572.284699259164
9.360623230993086,9.693623018879398,0.7581684722660011,51.35143406260175,-6572.284699259164
9.360623230993086,9.693623018879398,0.7581684722660011,51.35143406260175,-6572.284699259164
10.986280427995519,8.49562125550607,0.5717477851741807,51.28887238899732,-6572.549018497989
10.986280427995519,8.49562125550607,0.5717477851741807,51.28887238899732,-6572.549018497989
10.986280427995519,8.49562125550607,0.5717477851741807,51.28887238899732,-6572.549018497989
10.986280427995519,8.49562125550607,0.5717477851741807,51.28887238899732,-6572.549018497989
10.986280427995519,8.49562125550607,0.5717477851741807,51.28887238899732,-6572.549018497989
10.986280427995519,8.49562125550607,0.5717477851741807,51.28887238899732,-6572.549018497989
10.986280427995519,8.49562125550607,0.5717477851741807,51.28887238899732,-6572.549018497989
10.986280427995519,8.49562125550607,0.5717477851741807,51.28887238899732,-6572.549018497989
10.986280427995519,8.49562125550607,0.5717477851741807,51.28887238899732,-6572.549018497989
10.986280427995519,8.49562125550607,0.5717477851741807,51.28887238899732,-6572.549018497989
10.986280427995519,8.49562125550607,0.5717477851741807,51.28887238899732,-6572.549018497989
10.986280427995519,8.49562125550607,0.5717477851741807,51.28887238899732,-6572.549018497989
10.986280427995519,8.49562125550607,0.5717477851741807,51.28887238899732,-6572.549018497989
9.818242920420756,11.05976535099002,0.6063818299551803,50.96482369083349,-6571.809620533291
9.818242920420756,11.05976535099002,0.6063818299551803,50.96482369083349,-6571.809620533291
9.818242920420756,11.05976535099002,0.6063818299551803,50.96482369083349,-6571.809620533291
9.818242920420756,11.05976535099002,0.6063818299551803,50.96482369083349,-6571.809620533291
9.818242920420756,11.05976535099002,0.6063818299551803,50.96482369083349,-6571.809620533291
9.818242920420756,11.05976535099002,0.6063818299551803,50.96482369083349,-6571.809620533291
9.818242920420756,11.05976535099002,0.6063818299551803,50.96482369083349,-6571.809620533291
9.818242920420756,11.05976535099002,0.6063818299551803,50.96482369083349,-6571.809620533291
9.818242920420756,11.05976535099002,0.6063818299551803,50.96482369083349,-6571.809620533291
9.818242920420756,11.05976535099002,0.6063818299551803,50.96482369083349,-6571.809620533291
9.818242920420756,11.05976535099002,0.6063818299551803,50.96482369083349,-6571.809620533291
9.379675633990002,10.61487979413035,0.762385363650228,50.1718695837783,-6570.879478691035
9.379675633990002,10.61487979413035,0.762385363650228,50.1718695837783,-6570.879478691035
9.379675633990002,10.61487979413035,0.762385363650228,50.1718695837783,-6570.879478691035
9.379675633990002,10.61487979413035,0.762385363650228,50.1718695837783,-6570.879478691035
9.379675633990002,10.61487979413035,0.762385363650228,50.1718695837783,-6570.879478691035
10.228839297600768,8.664635942798487,0.7474407397906511,51.17352527424752,-6571.102818146149
10.228839297600768,8.664635942798487,0.7474407397906511,51.17352527424752,-6571.102818146149
10.228839297600768,8.664635942798487,0.7474407397906511,51.17352527424752,-6571.102818146149
10.228839297600768,8.664635942798487,0.7474407397906511,51.17352527424752,-6571.102818146149
9.785740660195295,8.83650237944194,0.7863906095264628,50.347816900375456,-6570.2448916643825
9.785740660195295,8.83650237944194,0.7863906095264628,50.347816900375456,-6570.2448916643825
10.884444219300537,8.847404024271771,0.6420070724335012,50.27645476850375,-6571.154332344293
10.884444219300537,8.847404024271771,0.6420070724335012,50.27645476850375,-6571.154332344293
10.884444219300537,8.847404024271771,0.6420070724335012,50.27645476850375,-6571.154332344293
10.884444219300537,8.847404024271771,0.6420070724335012,50.27645476850375,-6571.154332344293
10.884444219300537,8.847404024271771,0.6420070724335012,50.27645476850375,-6571.154332344293
9.437341391868078,9.559562121398734,0.607985807723324,50.145435899592535,-6572.482283498166
9.254764629250154,9.173106143709008,0.830772422191268,50.672955572675974,-6571.139237163525
9.254764629250154,9.173106143709008,0.830772422191268,50.672955572675974,-6571.139237163525
9.254764629250154,9.173106143709008,0.830772422191268,50.672955572675974,-6571.139237163525
9.254764629250154,9.173106143709008,0.830772422191268,50.672955572675974,-6571.139237163525
9.254764629250154,9.173106143709008,0.830772422191268,50.672955572675974,-6571.139237163525
9.254764629250154,9.173106143709008,0.830772422191268,50.672955572675974,-6571.139237163525
10.299353154500459,9.08404132454039,0.7159235805789337,51.18935948125853,-6571.269601726421
10.299353154500459,9.08404132454039,0.7159235805789337,51.18935948125853,-6571.269601726421
10.299353154500459,9.08404132454039,0.7159235805789337,51.18935948125853,-6571.269601726421
10.299353154500459,9.08404132454039,0.7159235805789337,51.18935948125853,-6571.269601726421
10.299353154500459,9.08404132454039,0.7159235805789337,51.18935948125853,-6571.269601726421
11.124006038214912,8.760391155806225,0.6354077616442517,51.0785087993484,-6572.092863388823
10.069329525989728,9.046451027834102,0.6356656126174537,51.37871667186054,-6572.277013733637
12.15702227461184,5.8641017794610555,0.6579521684131995,51.36747995200683,-6573.74218829155
11.11811720971007,6.186601770726849,0.5700801072884001,50.843886192441985,-6575.024889143713
10.699120633869427,5.334188458476194,0.8481981029035863,50.37145573380141,-6572.417442819566
10.699120633869427,5.334188458476194,0.8481981029035863,50.37145573380141,-6572.417442819566
10.699120633869427,5.334188458476194,0.8481981029035863,50.37145573380141,-6572.417442819566
12.014160781796775,4.593528609154788,0.9211520597414149,49.80735384831317,-6573.701309073562
12.014160781796775,4.593528609154788,0.9211520597414149,49.80735384831317,-6573.701309073562
12.014160781796775,4.593528609154788,0.9211520597414149,49.80735384831317,-6573.701309073562
12.014160781796775,4.593528609154788,0.9211520597414149,49.80735384831317,-6573.701309073562
11.148497307060412,7.211356360337975,1.0077081898132618,49.880451112374026,-6574.392516906116
9.334126481535591,6.979043821988211,0.9162312248351867,50.14471175304821,-6573.693858027378
9.271224992123203,7.555815445168698,1.0750504967252297,49.98340263816541,-6573.23301872055
10.00605493071946,7.897989369811426,1.0691849722561158,50.502480350549504,-6572.768968733399
10.00605493071946,7.897989369811426,1.0691849722561158,50.502480350549504,-6572.768968733399
10.00605493071946,7.897989369811426,1.0691849722561158,50.502480350549504,-6572.768968733399
10.00605493071946,7.897989369811426,1.0691849722561158,50.502480350549504,-6572.768968733399
8.834762958639185,9.018356625533853,0.8667650795457537,50.65459804859422,-6572.631726540163
8.834762958639185,9.018356625533853,0.8667650795457537,50.65459804859422,-6572.631726540163
8.834762958639185,9.018356625533853,0.8667650795457537,50.65459804859422,-6572.631726540163
8.834762958639185,9.018356625533853,0.8667650795457537,50.65459804859422,-6572.631726540163
8.834762958639185,9.018356625533853,0.8667650795457537,50.65459804859422,-6572.631726540163
8.550398432152782,9.798064100767352,0.8756549741299191,49.92159632487764,-6572.9118265089655
10.1112788559338,9.835677808848242,0.5811402495604725,49.3348140351291,-6573.16195628955
10.1112788559338,9.835677808848242,0.5811402495604725,49.3348140351291,-6573.16195628955
10.1112788559338,9.835677808848242,0.5811402495604725,49.3348140351291,-6573.16195628955
10.1112788559338,9.835677808848242,0.5811402495604725,49.3348140351291,-6573.16195628955
10.1112788559338,9.835677808848242,0.5811402495604725,49.3348140351291,-6573.16195628955
10.807403703409356,9.931946247017644,0.8110725724371526,50.27806671818444,-6574.397307439287
10.067073310064618,9.936935493456957,0.7733462431655745,50.08790330722212,-6571.178034812277
10.259520341949116,8.142708711821143,0.6709516442809458,50.698647118988085,-6570.899884436967
10.259520341949116,8.142708711821143,0.6709516442809458,50.698647118988085,-6570.899884436967
10.259520341949116,8.142708711821143,0.6709516442809458,50.698647118988085,-6570.899884436967
10.259520341949116,8.142708711821143,0.6709516442809458,50.698647118988085,-6570.899884436967
10.259520341949116,8.142708711821143,0.6709516442809458,50.698647118988085,-6570.899884436967
10.259520341949116,8.142708711821143,0.6709516442809458,50.698647118988085,-6570.899884436967
9.78054547390888,10.722057921038562,0.6351971279562814,51.389728327164235,-6572.47315182651
9.78054547390888,10.722057921038562,0.6351971279562814,51.389728327164235,-6572.47315182651
9.78054547390888,10.722057921038562,0.6351971279562814,51.389728327164235,-6572.47315182651
9.78054547390888,10.722057921038562,0.6351971279562814,51.389728327164235,-6572.47315182651
9.78054547390888,10.722057921038562,0.6351971279562814,51.389728327164235,-6572.47315182651
9.129682102456963,11.562765016649893,0.5437600922010887,50.38319344952424,-6572.847254262762
10.20995926977114,11.63980362449127,0.5960708910871917,50.179242246203415,-6572.9949575433275
10.20995926977114,11.63980362449127,0.5960708910871917,50.179242246203415,-6572.9949575433275
10.20995926977114,11.63980362449127,0.5960708910871917,50.179242246203415,-6572.9949575433275
9.461812934446687,12.410431003657274,0.6926700730153521,50.53135944756051,-6572.8975569973045
9.461812934446687,12.410431003657274,0.6926700730153521,50.53135944756051,-6572.8975569973045
9.461812934446687,12.410431003657274,0.6926700730153521,50.53135944756051,-6572.8975569973045
9.354487579804236,11.648976679502923,0.8346610196924686,50.38971892043781,-6572.929249943301
9.354487579804236,11.648976679502923,0.8346610196924686,50.38971892043781,-6572.929249943301
10.893385880537448,9.147604943497322,0.8522415281649822,51.155441045408324,-6574.514890499345
10.893385880537448,9.147604943497322,0.8522415281649822,51.155441045408324,-6574.514890499345
10.893385880537448,9.147604943497322,0.8522415281649822,51.155441045408324,-6574.514890499345
10.893385880537448,9.147604943497322,0.8522415281649822,51.155441045408324,-6574.514890499345
10.964810435479247,10.44955164011794,0.7156419593762899,50.47223683658249,-6574.778232133881
10.964810435479247,10.44955164011794,0.7156419593762899,50.47223683658249,-6574.778232133881
10.964810435479247,10.44955164011794,0.7156419593762899,50.47223683658249,-6574.778232133881
10.854165891236049,10.02181657967054,0.7498837160542612,50.297100042048896,-6573.75831433352
10.180594900721154,9.918714381198836,0.7929875085151707,50.03645565931989,-6571.692448886412
10.180594900721154,9.918714381198836,0.7929875085151707,50.03645565931989,-6571.692448886412
10.55143573923855,8.154294634896683,0.5662280296880663,51.32315248355086,-6573.406549927199
11.413374756444819,7.636475249956156,0.6549060939623277,50.98520267282732,-6571.8187268694555
11.413374756444819,7.636475249956156,0.6549060939623277,50.98520267282732,-6571.8187268694555
11.413374756444819,7.636475249956156,0.6549060939623277,50.98520267282732,-6571.8187268694555
11.413374756444819,7.636475249956156,0.6549060939623277,50.98520267282732,-6571.8187268694555
11.413374756444819,7.636475249956156,0.6549060939623277,50.98520267282732,-6571.8187268694555
11.413374756444819,7.636475249956156,0.6549060939623277,50.98520267282732,-6571.8187268694555
11.413374756444819,7.636475249956156,0.6549060939623277,50.98520267282732,-6571.8187268694555
11.413374756444819,7.636475249956156,0.6549060939623277,50.98520267282732,-6571.8187268694555
11.413374756444819,7.636475249956156,0.6549060939623277,50.98520267282732,-6571.8187268694555
11.413374756444819,7.636475249956156,0.6549060939623277,50.98520267282732,-6571.8187268694555
11.413374756444819,7.636475249956156,0.6549060939623277,50.98520267282732,-6571.8187268694555
11.413374756444819,7.636475249956156,0.6549060939623277,50.98520267282732,-6571.8187268694555
10.770980109777286,8.212060253061033,0.6154348234759686,50.9220919393373,-6571.356826700973
10.770980109777286,8.212060253061033,0.6154348234759686,50.9220919393373,-6571.356826700973
10.770980109777286,8.212060253061033,0.6154348234759686,50.9220919393373,-6571.356826700973
10.770980109777286,8.212060253061033,0.6154348234759686,50.9220919393373,-6571.356826700973
10.10064024329639,8.577585541891187,0.7330920442725365,50.34250359153228,-6570.17940381797
10.10064024329639,8.577585541891187,0.7330920442725365,50.34250359153228,-6570.17940381797
10.10064024329639,8.577585541891187,0.7330920442725365,50.34250359153228,-6570.17940381797
10.10064024329639,8.577585541891187,0.7330920442725365,50.34250359153228,-6570.17940381797
10.10064024329639,8.577585541891187,0.7330920442725365,50.34250359153228,-6570.17940381797
10.139225673893941,8.502754576793558,0.5545925790204842,50.62017205000212,-6573.185130596138
10.139225673893941,8.502754576793558,0.5545925790204842,50.62017205000212,-6573.185130596138
11.34987857131645,8.286043505022459,0.5307043437756478,50.940219049049546,-6572.816300619992
11.34987857131645,8.286043505022459,0.5307043437756478,50.940219049049546,-6572.816300619992
11.34987857131645,8.286043505022459,0.5307043437756478,50.940219049049546,-6572.816300619992
11.34987857131645,8.286043505022459,0.5307043437756478,50.940219049049546,-6572.816300619992
11.34987857131645,8.286043505022459,0.5307043437756478,50.940219049049546,-6572.816300619992
11.34987857131645,8.286043505022459,0.5307043437756478,50.940219049049546,-6572.816300619992
10.255344158167864,7.905081304552543,0.6438795436611777,50.885693705438456,-6571.871525825887
9.813952405729495,8.361247679461783,0.7081599186257226,50.590021021401846,-6571.088437915227
9.344986186461892,10.156844584223112,0.879832670120771,50.31077949122979,-6571.357102894838
9.344986186461892,10.156844584223112,0.879832670120771,50.31077949122979,-6571.357102894838
9.344986186461892,10.156844584223112,0.879832670120771,50.31077949122979,-6571.357102894838
9.344986186461892,10.156844584223112,0.879832670120771,50.31077949122979,-6571.357102894838
9.344986186461892,10.156844584223112,0.879832670120771,50.31077949122979,-6571.357102894838
9.344986186461892,10.156844584223112,0.879832670120771,50.31077949122979,-6571.357102894838
9.344986186461892,10.156844584223112,0.879832670120771,50.31077949122979,-6571.357102894838
9.344986186461892,10.156844584223112,0.879832670120771,50.31077949122979,-6571.357102894838
9.344986186461892,10.156844584223112,0.879832670120771,50.31077949122979,-6571.357102894838
9.344986186461892,10.156844584223112,0.879832670120771,50.31077949122979,-6571.357102894838
9.344986186461892,10.156844584223112,0.879832670120771,50.31077949122979,-6571.357102894838
9.886607908582686,6.7127865643612985,1.092963531378672,50.00488078085061,-6572.865398793328
9.886607908582686,6.7127865643612985,1.092963531378672,50.00488078085061,-6572.865398793328
9.886607908582686,6.7127865643612985,1.092963531378672,50.00488078085061,-6572.865398793328
9.886607908582686,6.7127865643612985,1.092963531378672,50.00488078085061,-6572.865398793328
9.886607908582686,6.7127865643612985,1.092963531378672,50.00488078085061,-6572.865398793328
9.886607908582686,6.7127865643612985,1.092963531378672,50.00488078085061,-6572.865398793328
9.886607908582686,6.7127865643612985,1.092963531378672,50.00488078085061,-6572.865398793328
10.432493837610146,6.94276988388128,0.9417744763183759,50.76623139944202,-6571.292891243462
10.432493837610146,6.94276988388128,0.9417744763183759,50.76623139944202,-6571.292891243462
11.001660743427415,6.093257530661965,0.949534194372135,50.33214950524288,-6571.599101961582
11.001660743427415,6.093257530661965,0.949534194372135,50.33214950524288,-6571.599101961582
11.001660743427415,6.093257530661965,0.949534194372135,50.33214950524288,-6571.599101961582
11.001660743427415,6.093257530661965,0.949534194372135,50.33214950524288,-6571.599101961582
11.001660743427415,6.093257530661965,0.949534194372135,50.33214950524288,-6571.599101961582
11.001660743427415,6.093257530661965,0.949534194372135,50.33214950524288,-6571.599101961582
11.001660743427415,6.093257530661965,0.949534194372135,50.33214950524288,-6571.599101961582
11.001660743427415,6.093257530661965,0.949534194372135,50.33214950524288,-6571.599101961582
11.001660743427415,6.093257530661965,0.949534194372135,50.33214950524288,-6571.599101961582
11.126626808524367,6.8669404421434495,0.7686297152274739,51.0440117988817,-6571.289943175365
11.126626808524367,6.8669404421434495,0.7686297152274739,51.0440117988817,-6571.289943175365
11.126626808524367,6.8669404421434495,0.7686297152274739,51.0440117988817,-6571.289943175365
11.126626808524367,6.8669404421434495,0.7686297152274739,51.0440117988817,-6571.289943175365
11.126626808524367,6.8669404421434495,0.7686297152274739,51.0440117988817,-6571.289943175365
11.126626808524367,6.8669404421434495,0.7686297152274739,51.0440117988817,-6571.289943175365
11.126626808524367,6.8669404421434495,0.7686297152274739,51.0440117988817,-6571.289943175365
11.004452720068528,7.3812408404327705,0.7956128003979962,50.65271469216658,-6570.873081832451
11.004452720068528,7.3812408404327705,0.7956128003979962,50.65271469216658,-6570.873081832451
11.174995037443754,4.687742606345459,0.7296108951894299,50.479274028216786,-6574.486042146117
11.188718641339378,6.902817564580102,0.8392786131244521,51.39069254891743,-6572.609379089936
11.188718641339378,6.902817564580102,0.8392786131244521,51.39069254891743,-6572.609379089936
11.188718641339378,6.902817564580102,0.8392786131244521,51.39069254891743,-6572.609379089936
11.188718641339378,6.902817564580102,0.8392786131244521,51.39069254891743,-6572.609379089936
11.188718641339378,6.902817564580102,0.8392786131244521,51.39069254891743,-6572.609379089936
11.188718641339378,6.902817564580102,0.8392786131244521,51.39069254891743,-6572.609379089936
11.534894517079422,7.3457317849272625,0.7163962474678341,51.06757879387386,-6572.174325701059
10.911946282690772,8.224554921532988,0.8166282629884858,51.02153023945586,-6572.102070769968
10.74278343091777,8.680692883887712,0.6917168926774446,50.77829179728857,-6570.874764909369
10.77526339267238,8.53885283876035,0.6783442411335743,50.49569254534815,-6570.672820427821
10.77526339267238,8.53885283876035,0.6783442411335743,50.49569254534815,-6570.672820427821
10.238266522110093,8.003394232374886,0.7873056128655738,49.74178429825202,-6570.78750633072
10.238266522110093,8.003394232374886,0.7873056128655738,49.74178429825202,-6570.78750633072
10.238266522110093,8.003394232374886,0.7873056128655738,49.74178429825202,-6570.78750633072
10.238266522110093,8.003394232374886,0.7873056128655738,49.74178429825202,-6570.78750633072
10.321815882437784,8.324101382806907,0.8165431393669932,49.459919583006545,-6571.58579773755
10.321815882437784,8.324101382806907,0.8165431393669932,49.459919583006545,-6571.58579773755
10.321815882437784,8.324101382806907,0.8165431393669932,49.459919583006545,-6571.58579773755
10.321815882437784,8.324101382806907,0.8165431393669932,49.459919583006545,-6571.58579773755
10.321815882437784,8.324101382806907,0.8165431393669932,49.459919583006545,-6571.58579773755
10.321815882437784,8.324101382806907,0.8165431393669932,49.459919583006545,-6571.58579773755
11.350647163302066,10.788284972216866,0.6647833602964963,49.666190757463355,-6577.995982005537
9.726193204030816,11.437399952500625,0.5228031646704552,50.744571545385035,-6572.50212328449
9.726193204030816,11.437399952500625,0.5228031646704552,50.744571545385035,-6572.50212328449
9.726193204030816,11.437399952500625,0.5228031646704552,50.744571545385035,-6572.50212328449
9.726193204030816,11.437399952500625,0.5228031646704552,50.744571545385035,-6572.50212328449
9.726193204030816,11.437399952500625,0.5228031646704552,50.744571545385035,-6572.50212328449
9.726193204030816,11.437399952500625,0.5228031646704552,50.744571545385035,-6572.50212328449
9.726193204030816,11.437399952500625,0.5228031646704552,50.744571545385035,-6572.50212328449
9.726193204030816,11.437399952500625,0.5228031646704552,50.744571545385035,-6572.50212328449
9.726193204030816,11.437399952500625,0.5228031646704552,50.744571545385035,-6572.50212328449
9.726193204030816,11.437399952500625,0.5228031646704552,50.744571545385035,-6572.50212328449
9.281259653406817,9.929227878996285,0.6129473731619373,50.38202148051147,-6572.339241382633
9.281259653406817,9.929227878996285,0.6129473731619373,50.38202148051147,-6572.339241382633
9.281259653406817,9.929227878996285,0.6129473731619373,50.38202148051147,-6572.339241382633
9.557019061798291,8.929727787181108,0.6914238522903577,50.695234349590564,-6571.453234312188
9.049639895379652,10.145943452039951,0.7905311872450921,51.01376593728599,-6571.837995815016
9.735358057022925,10.314559214886025,0.6399038150372349,51.221805613442434,-6571.852011841498
9.735358057022925,10.314559214886025,0.6399038150372349,51.221805613442434,-6571.852011841498
9.735358057022925,10.314559214886025,0.6399038150372349,51.221805613442434,-6571.852011841498
9.735358057022925,10.314559214886025,0.6399038150372349,51.221805613442434,-6571.852011841498
9.735358057022925,10.314559214886025,0.6399038150372349,51.221805613442434,-6571.852011841498
9.735358057022925,10.314559214886025,0.6399038150372349,51.221805613442434,-6571.852011841498
9.735358057022925,10.314559214886025,0.6399038150372349,51.221805613442434,-6571.852011841498
10.414673594873015,9.812447320036073,0.5416308867652029,50.313905349785614,-6571.808470289727
10.349361773674834,8.83333423957672,0.5585201606253423,50.57756970944657,-6571.985847758171
9.913588792386728,8.25254111812371,0.6268381792380628,50.12965860878875,-6572.524960500482
9.913588792386728,8.25254111812371,0.6268381792380628,50.12965860878875,-6572.524960500482
9.913588792386728,8.25254111812371,0.6268381792380628,50.12965860878875,-6572.524960500482
9.913588792386728,8.25254111812371,0.6268381792380628,50.12965860878875,-6572.524960500482
9.913588792386728,8.25254111812371,0.6268381792380628,50.12965860878875,-6572.524960500482
9.913588792386728,8.25254111812371,0.6268381792380628,50.12965860878875,-6572.524960500482
9.913588792386728,8.25254111812371,0.6268381792380628,50.12965860878875,-6572.524960500482
9.830883216177073,8.798438452852182,0.7103330149832714,49.83586019114494,-6570.975453010564
9.830883216177073,8.798438452852182,0.7103330149832714,49.83586019114494,-6570.975453010564
9.830883216177073,8.798438452852182,0.7103330149832714,49.83586019114494,-6570.975453010564
9.830883216177073,8.798438452852182,0.7103330149832714,49.83586019114494,-6570.975453010564
9.830883216177073,8.798438452852182,0.7103330149832714,49.83586019114494,-6570.975453010564
9.830883216177073,8.798438452852182,0.7103330149832714,49.83586019114494,-6570.975453010564
9.830883216177073,8.798438452852182,0.7103330149832714,49.83586019114494,-6570.975453010564
9.830883216177073,8.798438452852182,0.7103330149832714,49.83586019114494,-6570.975453010564
9.830883216177073,8.798438452852182,0.7103330149832714,49.83586019114494,-6570.975453010564
9.830883216177073,8.798438452852182,0.7103330149832714,49.83586019114494,-6570.975453010564
9.830883216177073,8.798438452852182,0.7103330149832714,49.83586019114494,-6570.975453010564
9.830883216177073,8.798438452852182,0.7103330149832714,49.83586019114494,-6570.975453010564
9.830883216177073,8.798438452852182,0.7103330149832714,49.83586019114494,-6570.975453010564
9.830883216177073,8.798438452852182,0.7103330149832714,49.83586019114494,-6570.975453010564
9.830883216177073,8.798438452852182,0.7103330149832714,49.83586019114494,-6570.975453010564
9.830883216177073,8.798438452852182,0.7103330149832714,49.83586019114494,-6570.975453010564
10.223450205080308,9.356835662816849,0.7524890180106372,50.18692275948189,-6570.614371183568
8.986169665834355,11.032645193962354,0.7569975180974642,50.191783716560415,-6571.241833093554
8.986169665834355,11.032645193962354,0.7569975180974642,50.191783716560415,-6571.241833093554
8.986169665834355,11.032645193962354,0.7569975180974642,50.191783716560415,-6571.241833093554
8.986169665834355,11.032645193962354,0.7569975180974642,50.191783716560415,-6571.241833093554
8.986169665834355,11.032645193962354,0.7569975180974642,50.191783716560415,-6571.241833093554
8.986169665834355,11.032645193962354,0.7569975180974642,50.191783716560415,-6571.241833093554
8.986169665834355,11.032645193962354,0.7569975180974642,50.191783716560415,-6571.241833093554
8.986169665834355,11.032645193962354,0.7569975180974642,50.191783716560415,-6571.241833093554
8.986169665834355,11.032645193962354,0.7569975180974642,50.191783716560415,-6571.241833093554
8.986169665834355,11.032645193962354,0.7569975180974642,50.191783716560415,-6571.241833093554
8.986169665834355,11.032645193962354,0.7569975180974642,50.191783716560415,-6571.241833093554
8.986169665834355,11.032645193962354,0.7569975180974642,50.191783716560415,-6571.241833093554
8.986169665834355,11.032645193962354,0.7569975180974642,50.191783716560415,-6571.241833093554
9.44868544634054,9.244198440983174,0.945435990323905,49.88950865264434,-6571.672668670698
9.44868544634054,9.244198440983174,0.945435990323905,49.88950865264434,-6571.672668670698
9.23176177520774,10.135331992405552,0.6987905674074287,50.23049685088284,-6571.043563676841
9.23176177520774,10.135331992405552,0.6987905674074287,50.23049685088284,-6571.043563676841
9.23176177520774,10.135331992405552,0.6987905674074287,50.23049685088284,-6571.043563676841
9.23176177520774,10.135331992405552,0.6987905674074287,50.23049685088284,-6571.043563676841
9.23176177520774,10.135331992405552,0.6987905674074287,50.23049685088284,-6571.043563676841
9.23176177520774,10.135331992405552,0.6987905674074287,50.23049685088284,-6571.043563676841
9.23176177520774,10.135331992405552,0.6987905674074287,50.23049685088284,-6571.043563676841
9.23176177520774,10.135331992405552,0.6987905674074287,50.23049685088284,-6571.043563676841
9.23176177520774,10.135331992405552,0.6987905674074287,50.23049685088284,-6571.043563676841
9.23176177520774,10.135331992405552,0.6987905674074287,50.23049685088284,-6571.043563676841
9.23176177520774,10.135331992405552,0.6987905674074287,50.23049685088284,-6571.043563676841
9.23176177520774,10.135331992405552,0.6987905674074287,50.23049685088284,-6571.043563676841
9.23176177520774,10.135331992405552,0.6987905674074287,50.23049685088284,-6571.043563676841
9.23176177520774,10.135331992405552,0.6987905674074287,50.23049685088284,-6571.043563676841
9.151467743933408,11.232257623767856,0.7700942661023542,50.366870021471954,-6571.34399161313
9.405278036951398,11.451718611641715,0.6430163133629596,50.14961921815106,-6571.421389576388
9.405278036951398,11.451718611641715,0.6430163133629596,50.14961921815106,-6571.421389576388
9.405278036951398,11.451718611641715,0.6430163133629596,50.14961921815106,-6571.421389576388
9.405278036951398,11.451718611641715,0.6430163133629596,50.14961921815106,-6571.421389576388
9.405278036951398,11.451718611641715,0.6430163133629596,50.14961921815106,-6571.421389576388
9.405278036951398,11.451718611641715,0.6430163133629596,50.14961921815106,-6571.421389576388
9.405278036951398,11.451718611641715,0.6430163133629596,50.14961921815106,-6571.421389576388
10.695247627966687,7.2830710446671345,0.7652777840223307,50.409558758166995,-6570.362627912067
10.695247627966687,7.2830710446671345,0.7652777840223307,50.409558758166995,-6570.362627912067
10.695247627966687,7.2830710446671345,0.7652777840223307,50.409558758166995,-6570.362627912067
10.695247627966687,7.2830710446671345,0.7652777840223307,50.409558758166995,-6570.362627912067
10.695247627966687,7.2830710446671345,0.7652777840223307,50.409558758166995,-6570.362627912067
10.695247627966687,7.2830710446671345,0.7652777840223307,50.409558758166995,-6570.362627912067
10.695247627966687,7.2830710446671345,0.7652777840223307,50.409558758166995,-6570.362627912067
10.381738837359968,8.332644169852307,0.7663651894128412,50.35098600486994,-6570.192582866268
10.381738837359968,8.332644169852307,0.7663651894128412,50.35098600486994,-6570.192582866268
10.381738837359968,8.332644169852307,0.7663651894128412,50.35098600486994,-6570.192582866268
10.381738837359968,8.332644169852307,0.7663651894128412,50.35098600486994,-6570.192582866268
10.381738837359968,8.332644169852307,0.7663651894128412,50.35098600486994,-6570.192582866268
10.381738837359968,8.332644169852307,0.7663651894128412,50.35098600486994,-6570.192582866268
10.381738837359968,8.332644169852307,0.7663651894128412,50.35098600486994,-6570.192582866268
10.381738837359968,8.332644169852307,0.7663651894128412,50.35098600486994,-6570.192582866268
10.381738837359968,8.332644169852307,0.7663651894128412,50.35098600486994,-6570.192582866268
10.381738837359968,8.332644169852307,0.7663651894128412,50.35098600486994,-6570.192582866268
10.381738837359968,8.332644169852307,0.7663651894128412,50.35098600486994,-6570.192582866268
10.381738837359968,8.332644169852307,0.7663651894128412,50.35098600486994,-6570.192582866268
10.381738837359968,8.332644169852307,0.7663651894128412,50.35098600486994,-6570.192582866268
10.381738837359968,8.332644169852307,0.7663651894128412,50.35098600486994,-6570.192582866268
10.381738837359968,8.332644169852307,0.7663651894128412,50.35098600486994,-6570.192582866268
10.381738837359968,8.332644169852307,0.7663651894128412,50.35098600486994,-6570.192582866268
10.381738837359968,8.332644169852307,0.7663651894128412,50.35098600486994,-6570.192582866268
10.381738837359968,8.332644169852307,0.7663651894128412,50.35098600486994,-6570.192582866268
10.381738837359968,8.332644169852307,0.7663651894128412,50.35098600486994,-6570.192582866268
10.381738837359968,8.332644169852307,0.7663651894128412,50.35098600486994,-6570.192582866268
10.381738837359968,8.332644169852307,0.7663651894128412,50.35098600486994,-6570.192582866268
10.381738837359968,8.332644169852307,0.7663651894128412,50.35098600486994,-6570.192582866268
10.381738837359968,8.332644169852307,0.7663651894128412,50.35098600486994,-6570.192582866268
10.381738837359968,8.332644169852307,0.7663651894128412,50.35098600486994,-6570.192582866268
10.381738837359968,8.332644169852307,0.7663651894128412,50.35098600486994,-6570.192582866268
10.381738837359968,8.332644169852307,0.7663651894128412,50.35098600486994,-6570.192582866268
9.794302328065742,9.613170387246818,0.9086032384493883,50.22549323536616,-6571.7118009090755
9.794302328065742,9.613170387246818,0.9086032384493883,50.22549323536616,-6571.7118009090755
9.794302328065742,9.613170387246818,0.9086032384493883,50.22549323536616,-6571.7118009090755
9.274105487832465,10.652083938074538,0.8956660245850074,50.37901205061787,-6572.053317708749
9.274105487832465,10.652083938074538,0.8956660245850074,50.37901205061787,-6572.053317708749
9.215422437384957,9.828624409331805,0.9085992935229689,50.53819643884991,-6571.479983976584
10.436236669898758,8.527895877895569,0.8334465132442824,51.20186469742237,-6571.8306195871055
10.436236669898758,8.527895877895569,0.8334465132442824,51.20186469742237,-6571.8306195871055
10.068772043216345,6.349221883675389,1.057445033005345,50.719793417066874,-6572.650532282298
10.068772043216345,6.349221883675389,1.057445033005345,50.719793417066874,-6572.650532282298
10.38206516325826,7.8963029833390355,0.9512806683283455,50.575463084736754,-6571.621678728923
10.38206516325826,7.8963029833390355,0.9512806683283455,50.575463084736754,-6571.621678728923
9.950678038710915,7.557475093083335,0.8116091400829737,50.078629308602835,-6570.894567859543
9.950678038710915,7.557475093083335,0.8116091400829737,50.078629308602835,-6570.894567859543
9.950678038710915,7.557475093083335,0.8116091400829737,50.078629308602835,-6570.894567859543
9.950678038710915,7.557475093083335,0.8116091400829737,50.078629308602835,-6570.894567859543
9.950678038710915,7.557475093083335,0.8116091400829737,50.078629308602835,-6570.894567859543
9.950678038710915,7.557475093083335,0.8116091400829737,50.078629308602835,-6570.894567859543
9.950678038710915,7.557475093083335,0.8116091400829737,50.078629308602835,-6570.894567859543
9.950678038710915,7.557475093083335,0.8116091400829737,50.078629308602835,-6570.894567859543
9.950678038710915,7.557475093083335,0.8116091400829737,50.078629308602835,-6570.894567859543
9.950678038710915,7.557475093083335,0.8116091400829737,50.078629308602835,-6570.894567859543
9.950678038710915,7.557475093083335,0.8116091400829737,50.078629308602835,-6570.894567859543
9.950678038710915,7.557475093083335,0.8116091400829737,50.078629308602835,-6570.894567859543
10.223921187792111,7.994535095532452,0.6641290679313924,50.519844881660916,-6571.123299669229
10.223921187792111,7.994535095532452,0.6641290679313924,50.519844881660916,-6571.123299669229
10.223921187792111,7.994535095532452,0.6641290679313924,50.519844881660916,-6571.123299669229
10.223921187792111,7.994535095532452,0.6641290679313924,50.519844881660916,-6571.123299669229
10.223921187792111,7.994535095532452,0.6641290679313924,50.519844881660916,-6571.123299669229
10.506652789182622,7.324662010238519,0.7513129826585775,50.09211988910636,-6570.604366746855
10.506652789182622,7.324662010238519,0.7513129826585775,50.09211988910636,-6570.604366746855
10.600647635294319,7.125559611590324,0.961480823185957,50.55662393205458,-6571.550590009504
9.561322952263867,9.308629398395794,0.757273113421744,50.36483470746089,-6570.421551332643
9.561322952263867,9.308629398395794,0.757273113421744,50.36483470746089,-6570.421551332643
9.561322952263867,9.308629398395794,0.757273113421744,50.36483470746089,-6570.421551332643
9.561322952263867,9.308629398395794,0.757273113421744,50.36483470746089,-6570.421551332643
9.561322952263867,9.308629398395794,0.757273113421744,50.36483470746089,-6570.421551332643
9.561322952263867,9.308629398395794,0.757273113421744,50.36483470746089,-6570.421551332643
10.646902734539726,7.837973760025425,0.7241440688929112,50.01600902221919,-6570.559601687308
10.646902734539726,7.837973760025425,0.7241440688929112,50.01600902221919,-6570.559601687308
10.646902734539726,7.837973760025425,0.7241440688929112,50.01600902221919,-6570.559601687308
10.547232030895719,7.325932216965204,0.6404081890516518,50.69214977148855,-6571.917620409171
10.24590159146613,8.283504836272218,0.6873382580263089,51.226490484560685,-6571.553477962285
10.24590159146613,8.283504836272218,0.6873382580263089,51.226490484560685,-6571.553477962285
10.24590159146613,8.283504836272218,0.6873382580263089,51.226490484560685,-6571.553477962285
9.787941189203654,10.355197990072766,0.8270607604806028,50.852851511124435,-6572.017448472358
9.787941189203654,10.355197990072766,0.8270607604806028,50.852851511124435,-6572.017448472358
9.787941189203654,10.355197990072766,0.8270607604806028,50.852851511124435,-6572.017448472358
9.787941189203654,10.355197990072766,0.8270607604806028,50.852851511124435,-6572.017448472358
9.787941189203654,10.355197990072766,0.8270607604806028,50.852851511124435,-6572.017448472358
10.569747033628374,9.253754975252944,0.811070776222018,50.677850210429604,-6572.0295630705
10.569747033628374,9.253754975252944,0.811070776222018,50.677850210429604,-6572.0295630705
10.335187878702294,6.980047138726793,0.7778615714684922,50.41270063794872,-6570.891110690991
10.335187878702294,6.980047138726793,0.7778615714684922,50.41270063794872,-6570.891110690991
10.335187878702294,6.980047138726793,0.7778615714684922,50.41270063794872,-6570.891110690991
10.335187878702294,6.980047138726793,0.7778615714684922,50.41270063794872,-6570.891110690991
10.335187878702294,6.980047138726793,0.7778615714684922,50.41270063794872,-6570.891110690991
10.335187878702294,6.980047138726793,0.7778615714684922,50.41270063794872,-6570.891110690991
11.505301782304931,5.074333903216942,0.7950448088654192,50.83020949532794,-6572.1846799012055
11.505301782304931,5.074333903216942,0.7950448088654192,50.83020949532794,-6572.1846799012055
11.505301782304931,5.074333903216942,0.7950448088654192,50.83020949532794,-6572.1846799012055
10.411119694017316,6.7186699619681525,0.6518953470344989,50.9541673936542,-6573.849684475721
10.411119694017316,6.7186699619681525,0.6518953470344989,50.9541673936542,-6573.849684475721
10.411119694017316,6.7186699619681525,0.6518953470344989,50.9541673936542,-6573.849684475721
10.411119694017316,6.7186699619681525,0.6518953470344989,50.9541673936542,-6573.849684475721
10.878566097628115,5.0431560051486874,0.8193311619938377,50.5980135897017,-6572.931782344067
10.878566097628115,5.0431560051486874,0.8193311619938377,50.5980135897017,-6572.931782344067
10.878566097628115,5.0431560051486874,0.8193311619938377,50.5980135897017,-6572.931782344067
10.878566097628115,5.0431560051486874,0.8193311619938377,50.5980135897017,-6572.931782344067
10.878566097628115,5.0431560051486874,0.8193311619938377,50.5980135897017,-6572.931782344067
10.878566097628115,5.0431560051486874,0.8193311619938377,50.5980135897017,-6572.931782344067
10.878566097628115,5.0431560051486874,0.8193311619938377,50.5980135897017,-6572.931782344067
9.845753760664092,8.735402661805313,0.8072120452669482,50.061308961953806,-6570.365536719284
9.845753760664092,8.735402661805313,0.8072120452669482,50.061308961953806,-6570.365536719284
9.845753760664092,8.735402661805313,0.8072120452669482,50.061308961953806,-6570.365536719284
9.845753760664092,8.735402661805313,0.8072120452669482,50.061308961953806,-6570.365536719284
10.277056233245622,8.555104161094546,0.7329934851887596,50.065347784476636,-6570.3204192258345
10.277056233245622,8.555104161094546,0.7329934851887596,50.065347784476636,-6570.3204192258345
10.277056233245622,8.555104161094546,0.7329934851887596,50.065347784476636,-6570.3204192258345
10.277056233245622,8.555104161094546,0.7329934851887596,50.065347784476636,-6570.3204192258345
10.277056233245622,8.555104161094546,0.7329934851887596,50.065347784476636,-6570.3204192258345
10.277056233245622,8.555104161094546,0.7329934851887596,50.065347784476636,-6570.3204192258345
10.277056233245622,8.555104161094546,0.7329934851887596,50.065347784476636,-6570.3204192258345
10.38713739377496,7.8086743424016785,0.7631194274785316,49.705955115693186,-6570.932866089643
10.38713739377496,7.8086743424016785,0.7631194274785316,49.705955115693186,-6570.932866089643
10.38713739377496,7.8086743424016785,0.7631194274785316,49.705955115693186,-6570.932866089643
10.38713739377496,7.8086743424016785,0.7631194274785316,49.705955115693186,-6570.932866089643
10.38713739377496,7.8086743424016785,0.7631194274785316,49.705955115693186,-6570.932866089643
10.38713739377496,7.8086743424016785,0.7631194274785316,49.705955115693186,-6570.932866089643
9.724899365746506,9.751811238143096,0.7621260955403525,49.281260503701006,-6572.148379735496
9.724899365746506,9.751811238143096,0.7621260955403525,49.281260503701006,-6572.148379735496
9.724899365746506,9.751811238143096,0.7621260955403525,49.281260503701006,-6572.148379735496
9.724899365746506,9.751811238143096,0.7621260955403525,49.281260503701006,-6572.148379735496
9.724899365746506,9.751811238143096,0.7621260955403525,49.281260503701006,-6572.148379735496
9.724899365746506,9.751811238143096,0.7621260955403525,49.281260503701006,-6572.148379735496
9.724899365746506,9.751811238143096,0.7621260955403525,49.281260503701006,-6572.148379735496
8.743750540886941,11.59766194137864,0.6979002205332562,49.7765025430188,-6572.29488583483
8.743750540886941,11.59766194137864,0.6979002205332562,49.7765025430188,-6572.29488583483
8.743750540886941,11.59766194137864,0.6979002205332562,49.7765025430188,-6572.29488583483
8.743750540886941,11.59766194137864,0.6979002205332562,49.7765025430188,-6572.29488583483
8.743750540886941,11.59766194137864,0.6979002205332562,49.7765025430188,-6572.29488583483
8.743750540886941,11.59766194137864,0.6979002205332562,49.7765025430188,-6572.29488583483
8.743750540886941,11.59766194137864,0.6979002205332562,49.7765025430188,-6572.29488583483
8.743750540886941,11.59766194137864,0.6979002205332562,49.7765025430188,-6572.29488583483
8.743750540886941,11.59766194137864,0.6979002205332562,49.7765025430188,-6572.29488583483
9.16761001924271,11.240423756481059,0.667880169765856,49.94557996003834,-6571.502996062805
9.16761001924271,11.240423756481059,0.667880169765856,49.94557996003834,-6571.502996062805
10.438133931970736,11.148708038032321,0.7225051144109411,49.71645267215973,-6574.687250164953
10.205048561468109,10.20700607266025,0.6176460356855508,49.784500856848624,-6571.701728882777
10.205048561468109,10.20700607266025,0.6176460356855508,49.784500856848624,-6571.701728882777
10.205048561468109,10.20700607266025,0.6176460356855508,49.784500856848624,-6571.701728882777
10.205048561468109,10.20700607266025,0.6176460356855508,49.784500856848624,-6571.701728882777
10.981314921678461,8.321343159065622,0.7852255531277454,50.260078131558004,-6571.596354923826
10.981314921678461,8.321343159065622,0.7852255531277454,50.260078131558004,-6571.596354923826
9.914766405424064,8.293517917340845,0.7047345517028709,49.805912631292024,-6571.414740149818
9.077959841948374,7.81008754241981,0.9492061544537161,49.79919943209833,-6573.405154985318
9.077959841948374,7.81008754241981,0.9492061544537161,49.79919943209833,-6573.405154985318
9.077959841948374,7.81008754241981,0.9492061544537161,49.79919943209833,-6573.405154985318
9.077959841948374,7.81008754241981,0.9492061544537161,49.79919943209833,-6573.405154985318
8.745876372370038,9.392848872258982,0.8304382885735682,50.27960027227989,-6572.468840616354
8.745876372370038,9.392848872258982,0.8304382885735682,50.27960027227989,-6572.468840616354
8.745876372370038,9.392848872258982,0.8304382885735682,50.27960027227989,-6572.468840616354
8.745876372370038,9.392848872258982,0.8304382885735682,50.27960027227989,-6572.468840616354
8.745876372370038,9.392848872258982,0.8304382885735682,50.27960027227989,-6572.468840616354
10.243706379145342,7.898764889771378,0.8768724524017979,50.61548024589085,-6570.632695851449
10.243706379145342,7.898764889771378,0.8768724524017979,50.61548024589085,-6570.632695851449
10.243706379145342,7.898764889771378,0.8768724524017979,50.61548024589085,-6570.632695851449
10.243706379145342,7.898764889771378,0.8768724524017979,50.61548024589085,-6570.632695851449
10.243706379145342,7.898764889771378,0.8768724524017979,50.61548024589085,-6570.632695851449
10.243706379145342,7.898764889771378,0.8768724524017979,50.61548024589085,-6570.632695851449
9.15261959194548,9.488621190050994,0.8549172604418126,50.19974544218184,-6571.060351243121
9.15261959194548,9.488621190050994,0.8549172604418126,50.19974544218184,-6571.060351243121
9.15261959194548,9.488621190050994,0.8549172604418126,50.19974544218184,-6571.060351243121
9.15261959194548,9.488621190050994,0.8549172604418126,50.19974544218184,-6571.060351243121
9.15261959194548,9.488621190050994,0.8549172604418126,50.19974544218184,-6571.060351243121
9.15261959194548,9.488621190050994,0.8549172604418126,50.19974544218184,-6571.060351243121
9.15261959194548,9.488621190050994,0.8549172604418126,50.19974544218184,-6571.060351243121
9.15261959194548,9.488621190050994,0.8549172604418126,50.19974544218184,-6571.060351243121
9.15261959194548,9.488621190050994,0.8549172604418126,50.19974544218184,-6571.060351243121
9.099347049785926,10.589088475493364,0.85364904213146,49.81605030491614,-6571.749058220252
8.620734720208159,12.145538786623558,0.7983338091334198,51.04440418522048,-6573.327725271288
8.927201551376397,9.900283490818229,0.7945108129312697,51.26315262478423,-6572.947391764226
8.927201551376397,9.900283490818229,0.7945108129312697,51.26315262478423,-6572.947391764226
9.996993271517722,7.106962052062796,0.8993243919654305,50.68194603144703,-6571.202568411158
9.996993271517722,7.106962052062796,0.8993243919654305,50.68194603144703,-6571.202568411158
9.996993271517722,7.106962052062796,0.8993243919654305,50.68194603144703,-6571.202568411158
9.996993271517722,7.106962052062796,0.8993243919654305,50.68194603144703,-6571.202568411158
9.996993271517722,7.106962052062796,0.8993243919654305,50.68194603144703,-6571.202568411158
10.951628248419519,8.472435424061786,0.9478509820980489,50.5093368113039,-6574.479631845119
10.951628248419519,8.472435424061786,0.9478509820980489,50.5093368113039,-6574.479631845119
9.464702445430186,7.276768651311954,1.1538637725782714,50.724155726127876,-6574.045968848077
9.464702445430186,7.276768651311954,1.1538637725782714,50.724155726127876,-6574.045968848077
9.464702445430186,7.276768651311954,1.1538637725782714,50.724155726127876,-6574.045968848077
9.464702445430186,7.276768651311954,1.1538637725782714,50.724155726127876,-6574.045968848077
9.464702445430186,7.276768651311954,1.1538637725782714,50.724155726127876,-6574.045968848077
9.464702445430186,7.276768651311954,1.1538637725782714,50.724155726127876,-6574.045968848077
9.464702445430186,7.276768651311954,1.1538637725782714,50.724155726127876,-6574.045968848077
9.464702445430186,7.276768651311954,1.1538637725782714,50.724155726127876,-6574.045968848077
9.464702445430186,7.276768651311954,1.1538637725782714,50.724155726127876,-6574.045968848077
9.464702445430186,7.276768651311954,1.1538637725782714,50.724155726127876,-6574.045968848077
9.464702445430186,7.276768651311954,1.1538637725782714,50.724155726127876,-6574.045968848077
10.181578509004193,7.0156647043231395,0.9713360685012502,50.223390525960895,-6571.260123700445
10.181578509004193,7.0156647043231395,0.9713360685012502,50.223390525960895,-6571.260123700445
10.181578509004193,7.0156647043231395,0.9713360685012502,50.223390525960895,-6571.260123700445
10.181578509004193,7.0156647043231395,0.9713360685012502,50.223390525960895,-6571.260123700445
10.181578509004193,7.0156647043231395,0.9713360685012502,50.223390525960895,-6571.260123700445
10.181578509004193,7.0156647043231395,0.9713360685012502,50.223390525960895,-6571.260123700445
9.924814237991143,7.403926271646244,0.9569747547120326,50.06708429729064,-6571.24888086461
9.917882252232896,7.7053269691027175,1.216675388414762,50.21209088892644,-6575.202960986703
9.684645441805477,6.874925557106715,1.143339695298516,50.50913862184899,-6573.554152515571
9.684645441805477,6.874925557106715,1.143339695298516,50.50913862184899,-6573.554152515571
9.684645441805477,6.874925557106715,1.143339695298516,50.50913862184899,-6573.554152515571
9.684645441805477,6.874925557106715,1.143339695298516,50.50913862184899,-6573.554152515571
9.684645441805477,6.874925557106715,1.143339695298516,50.50913862184899,-6573.554152515571
9.386104886591227,6.661758959720567,1.07076989839392,50.12514242552542,-6573.930740146784
9.386104886591227,6.661758959720567,1.07076989839392,50.12514242552542,-6573.930740146784
9.816154139760862,9.10406916330175,0.9842406061947501,50.740706870624294,-6572.544595815577
9.816154139760862,9.10406916330175,0.9842406061947501,50.740706870624294,-6572.544595815577
9.816154139760862,9.10406916330175,0.9842406061947501,50.740706870624294,-6572.544595815577
9.963656319320481,9.860851623488053,0.8278944453719911,50.8627365253424,-6571.708293340677
9.963656319320481,9.860851623488053,0.8278944453719911,50.8627365253424,-6571.708293340677
9.944014471421262,9.46866242654885,0.8721896599236473,50.746491709929046,-6571.564625191886
9.944014471421262,9.46866242654885,0.8721896599236473,50.746491709929046,-6571.564625191886
9.944014471421262,9.46866242654885,0.8721896599236473,50.746491709929046,-6571.564625191886
9.970324933780974,8.21321684232484,0.8884917195378911,50.752147085450105,-6570.841122147323
10.245243762217822,9.638368046771157,0.7496822153169268,49.87291033421649,-6571.2653408191345
10.084171392623036,9.091191689076188,0.6645780638273339,50.261206979460404,-6570.486115980142
10.084171392623036,9.091191689076188,0.6645780638273339,50.261206979460404,-6570.486115980142
10.084171392623036,9.091191689076188,0.6645780638273339,50.261206979460404,-6570.486115980142
10.084171392623036,9.091191689076188,0.6645780638273339,50.261206979460404,-6570.486115980142
10.084171392623036,9.091191689076188,0.6645780638273339,50.261206979460404,-6570.486115980142
10.084171392623036,9.091191689076188,0.6645780638273339,50.261206979460404,-6570.486115980142
10.084171392623036,9.091191689076188,0.6645780638273339,50.261206979460404,-6570.486115980142
9.742078929022515,8.513642100052618,0.8088919984991141,50.55249853728678,-6570.45615518093
9.742078929022515,8.513642100052618,0.8088919984991141,50.55249853728678,-6570.45615518093
9.742078929022515,8.513642100052618,0.8088919984991141,50.55249853728678,-6570.45615518093
9.742078929022515,8.513642100052618,0.8088919984991141,50.55249853728678,-6570.45615518093
9.742078929022515,8.513642100052618,0.8088919984991141,50.55249853728678,-6570.45615518093
10.90250482007606,6.175782811949001,0.8271770688508332,50.53208840559272,-6570.925334913974
10.90250482007606,6.175782811949001,0.8271770688508332,50.53208840559272,-6570.925334913974
10.90250482007606,6.175782811949001,0.8271770688508332,50.53208840559272,-6570.925334913974
10.90250482007606,6.175782811949001,0.8271770688508332,50.53208840559272,-6570.925334913974
10.980213294877855,7.555145434223769,0.7422960776768296,50.60000470850978,-6570.651157453578
10.895536607439437,7.884123288194859,0.8594624686915171,50.4775473610766,-6571.617238898014
10.895536607439437,7.884123288194859,0.8594624686915171,50.4775473610766,-6571.617238898014
10.895536607439437,7.884123288194859,0.8594624686915171,50.4775473610766,-6571.617238898014
10.895536607439437,7.884123288194859,0.8594624686915171,50.4775473610766,-6571.617238898014
10.973887416334728,4.969287658182445,0.8734918434225437,50.2734855253187,-6572.376034072221
10.973887416334728,4.969287658182445,0.8734918434225437,50.2734855253187,-6572.376034072221
10.973887416334728,4.969287658182445,0.8734918434225437,50.2734855253187,-6572.376034072221
10.973887416334728,4.969287658182445,0.8734918434225437,50.2734855253187,-6572.376034072221
10.973887416334728,4.969287658182445,0.8734918434225437,50.2734855253187,-6572.376034072221
10.973887416334728,4.969287658182445,0.8734918434225437,50.2734855253187,-6572.376034072221
10.973887416334728,4.969287658182445,0.8734918434225437,50.2734855253187,-6572.376034072221
10.973887416334728,4.969287658182445,0.8734918434225437,50.2734855253187,-6572.376034072221
10.973887416334728,4.969287658182445,0.8734918434225437,50.2734855253187,-6572.376034072221
10.354403565734756,5.205155272038599,0.9864624483344602,50.120226253167665,-6573.233189404589
11.041882267304945,5.48042561470921,1.049196748481027,50.311870184211955,-6572.758321004001
11.041882267304945,5.48042561470921,1.049196748481027,50.311870184211955,-6572.758321004001
11.041882267304945,5.48042561470921,1.049196748481027,50.311870184211955,-6572.758321004001
11.783403382879532,4.937950228120844,0.9870960298120157,50.764184721471075,-6573.542469184668
11.902697942415294,3.849473706552411,0.9074073136744158,50.840695089177395,-6573.541402714052
11.902697942415294,3.849473706552411,0.9074073136744158,50.840695089177395,-6573.541402714052
11.902697942415294,3.849473706552411,0.9074073136744158,50.840695089177395,-6573.541402714052
11.902697942415294,3.849473706552411,0.9074073136744158,50.840695089177395,-6573.541402714052
11.902697942415294,3.849473706552411,0.9074073136744158,50.840695089177395,-6573.541402714052
11.902697942415294,3.849473706552411,0.9074073136744158,50.840695089177395,-6573.541402714052
11.902697942415294,3.849473706552411,0.9074073136744158,50.840695089177395,-6573.541402714052
11.902697942415294,3.849473706552411,0.9074073136744158,50.840695089177395,-6573.541402714052
12.142958800499532,4.538632839306575,0.6774852698651261,50.89052180427611,-6574.039450518398
12.142958800499532,4.538632839306575,0.6774852698651261,50.89052180427611,-6574.039450518398
11.632903351585533,6.8220957957063035,0.761117254625363,49.78749667296264,-6572.448364541429
11.632903351585533,6.8220957957063035,0.761117254625363,49.78749667296264,-6572.448364541429
11.632903351585533,6.8220957957063035,0.761117254625363,49.78749667296264,-6572.448364541429
11.632903351585533,6.8220957957063035,0.761117254625363,49.78749667296264,-6572.448364541429
11.632903351585533,6.8220957957063035,0.761117254625363,49.78749667296264,-6572.448364541429
10.964610664564214,5.807137027763961,0.9034966699623463,50.152558143426646,-6571.377662426219
10.964610664564214,5.807137027763961,0.9034966699623463,50.152558143426646,-6571.377662426219
10.964610664564214,5.807137027763961,0.9034966699623463,50.152558143426646,-6571.377662426219
10.964610664564214,5.807137027763961,0.9034966699623463,50.152558143426646,-6571.377662426219
10.964610664564214,5.807137027763961,0.9034966699623463,50.152558143426646,-6571.377662426219
10.964610664564214,5.807137027763961,0.9034966699623463,50.152558143426646,-6571.377662426219
10.964610664564214,5.807137027763961,0.9034966699623463,50.152558143426646,-6571.377662426219
10.964610664564214,5.807137027763961,0.9034966699623463,50.152558143426646,-6571.377662426219
10.964610664564214,5.807137027763961,0.9034966699623463,50.152558143426646,-6571.377662426219
11.223358852910692,8.432402199793268,0.643188046490037,50.4316104803841,-6571.565097782781
11.223358852910692,8.432402199793268,0.643188046490037,50.4316104803841,-6571.565097782781
11.223358852910692,8.432402199793268,0.643188046490037,50.4316104803841,-6571.565097782781
11.223358852910692,8.432402199793268,0.643188046490037,50.4316104803841,-6571.565097782781
11.371635406082797,8.316660695172649,0.6409169048255409,50.80469953146631,-6571.9970080894145
11.371635406082797,8.316660695172649,0.6409169048255409,50.80469953146631,-6571.9970080894145
11.371635406082797,8.316660695172649,0.6409169048255409,50.80469953146631,-6571.9970080894145
11.371635406082797,8.316660695172649,0.6409169048255409,50.80469953146631,-6571.9970080894145
11.371635406082797,8.316660695172649,0.6409169048255409,50.80469953146631,-6571.9970080894145
11.371635406082797,8.316660695172649,0.6409169048255409,50.80469953146631,-6571.9970080894145
11.371635406082797,8.316660695172649,0.6409169048255409,50.80469953146631,-6571.9970080894145
11.371635406082797,8.316660695172649,0.6409169048255409,50.80469953146631,-6571.9970080894145
11.371635406082797,8.316660695172649,0.6409169048255409,50.80469953146631,-6571.9970080894145
11.371635406082797,8.316660695172649,0.6409169048255409,50.80469953146631,-6571.9970080894145
11.371635406082797,8.316660695172649,0.6409169048255409,50.80469953146631,-6571.9970080894145
11.371635406082797,8.316660695172649,0.6409169048255409,50.80469953146631,-6571.9970080894145
10.906205096482907,10.413424643590258,0.6864620474936596,51.28215196801337,-6574.837726418296
10.906205096482907,10.413424643590258,0.6864620474936596,51.28215196801337,-6574.837726418296
10.43038328326103,10.043067241559257,0.5165604089215226,51.71793939022712,-6574.4669045599985
10.43038328326103,10.043067241559257,0.5165604089215226,51.71793939022712,-6574.4669045599985
10.699039731192265,9.153280095205082,0.4601616652841446,51.804344661593795,-6576.491671281054
10.699039731192265,9.153280095205082,0.4601616652841446,51.804344661593795,-6576.491671281054
10.872332791565936,9.5381173638031,0.5907607616270547,51.83389397946449,-6574.363405670872
10.872332791565936,9.5381173638031,0.5907607616270547,51.83389397946449,-6574.363405670872
10.872332791565936,9.5381173638031,0.5907607616270547,51.83389397946449,-6574.363405670872
10.872332791565936,9.5381173638031,0.5907607616270547,51.83389397946449,-6574.363405670872
10.872332791565936,9.5381173638031,0.5907607616270547,51.83389397946449,-6574.363405670872
10.872332791565936,9.5381173638031,0.5907607616270547,51.83389397946449,-6574.363405670872
10.872332791565936,9.5381173638031,0.5907607616270547,51.83389397946449,-6574.363405670872
10.872332791565936,9.5381173638031,0.5907607616270547,51.83389397946449,-6574.363405670872
10.872332791565936,9.5381173638031,0.5907607616270547,51.83389397946449,-6574.363405670872
10.872332791565936,9.5381173638031,0.5907607616270547,51.83389397946449,-6574.363405670872
10.872332791565936,9.5381173638031,0.5907607616270547,51.83389397946449,-6574.363405670872
10.872332791565936,9.5381173638031,0.5907607616270547,51.83389397946449,-6574.363405670872
10.872332791565936,9.5381173638031,0.5907607616270547,51.83389397946449,-6574.363405670872
10.784488700075322,10.205301395490627,0.5009971792711461,51.508107178475086,-6574.193447948536
10.784488700075322,10.205301395490627,0.5009971792711461,51.508107178475086,-6574.193447948536
10.784488700075322,10.205301395490627,0.5009971792711461,51.508107178475086,-6574.193447948536
10.784488700075322,10.205301395490627,0.5009971792711461,51.508107178475086,-6574.193447948536
10.784488700075322,10.205301395490627,0.5009971792711461,51.508107178475086,-6574.193447948536
10.784488700075322,10.205301395490627,0.5009971792711461,51.508107178475086,-6574.193447948536
10.379925980458403,8.445756631913136,0.6151196424060985,51.28937142634889,-6572.289837101022
10.00856158295808,10.512113514574075,0.665862380791696,51.00489725677183,-6571.542651292665
10.00856158295808,10.512113514574075,0.665862380791696,51.00489725677183,-6571.542651292665
10.00856158295808,10.512113514574075,0.665862380791696,51.00489725677183,-6571.542651292665
9.6274329106464,10.684731394638735,0.8096622537186668,51.35008262564822,-6573.086948031789
9.6274329106464,10.684731394638735,0.8096622537186668,51.35008262564822,-6573.086948031789
9.485342790632364,10.438858093370559,0.8058997184362138,50.69008170063218,-6571.225654002481
9.485342790632364,10.438858093370559,0.8058997184362138,50.69008170063218,-6571.225654002481
9.485342790632364,10.438858093370559,0.8058997184362138,50.69008170063218,-6571.225654002481
9.485342790632364,10.438858093370559,0.8058997184362138,50.69008170063218,-6571.225654002481
9.485342790632364,10.438858093370559,0.8058997184362138,50.69008170063218,-6571.225654002481
9.485342790632364,10.438858093370559,0.8058997184362138,50.69008170063218,-6571.225654002481
9.485342790632364,10.438858093370559,0.8058997184362138,50.69008170063218,-6571.225654002481
9.485342790632364,10.438858093370559,0.8058997184362138,50.69008170063218,-6571.225654002481
9.485342790632364,10.438858093370559,0.8058997184362138,50.69008170063218,-6571.225654002481
8.99050870663921,10.046692796582667,0.8274353714724914,50.2960195821314,-6571.1904971584045
8.99050870663921,10.046692796582667,0.8274353714724914,50.2960195821314,-6571.1904971584045
8.99050870663921,10.046692796582667,0.8274353714724914,50.2960195821314,-6571.1904971584045
8.99050870663921,10.046692796582667,0.8274353714724914,50.2960195821314,-6571.1904971584045
9.042540993459964,9.022926585221654,0.7771944649638372,50.240969013047625,-6572.085328808535
9.042540993459964,9.022926585221654,0.7771944649638372,50.240969013047625,-6572.085328808535
9.042540993459964,9.022926585221654,0.7771944649638372,50.240969013047625,-6572.085328808535
9.042540993459964,9.022926585221654,0.7771944649638372,50.240969013047625,-6572.085328808535
9.006302562931136,8.94787176703956,0.9907868844625746,49.95117528328073,-6572.38343771106
9.006302562931136,8.94787176703956,0.9907868844625746,49.95117528328073,-6572.38343771106
9.006302562931136,8.94787176703956,0.9907868844625746,49.95117528328073,-6572.38343771106
9.006302562931136,8.94787176703956,0.9907868844625746,49.95117528328073,-6572.38343771106
9.006302562931136,8.94787176703956,0.9907868844625746,49.95117528328073,-6572.38343771106
9.006302562931136,8.94787176703956,0.9907868844625746,49.95117528328073,-6572.38343771106
9.006302562931136,8.94787176703956,0.9907868844625746,49.95117528328073,-6572.38343771106
9.006302562931136,8.94787176703956,0.9907868844625746,49.95117528328073,-6572.38343771106
9.006302562931136,8.94787176703956,0.9907868844625746,49.95117528328073,-6572.38343771106
9.006302562931136,8.94787176703956,0.9907868844625746,49.95117528328073,-6572.38343771106
9.006302562931136,8.94787176703956,0.9907868844625746,49.95117528328073,-6572.38343771106
8.520325869240745,11.209861841063233,0.9696257786308943,49.974286360422525,-6573.496511406784
8.520325869240745,11.209861841063233,0.9696257786308943,49.974286360422525,-6573.496511406784
8.520325869240745,11.209861841063233,0.9696257786308943,49.974286360422525,-6573.496511406784
9.434814403217933,9.619360973747897,0.9935955081703747,50.7190948813599,-6572.709607846622
9.565862809525388,8.273993584906838,1.0453459660809499,50.867453528853716,-6572.742898029619
9.565862809525388,8.273993584906838,1.0453459660809499,50.867453528853716,-6572.742898029619
9.767091918224859,8.285660189790637,0.9751526843550844,50.53946817448609,-6571.458275191752
9.767091918224859,8.285660189790637,0.9751526843550844,50.53946817448609,-6571.458275191752
9.767091918224859,8.285660189790637,0.9751526843550844,50.53946817448609,-6571.458275191752
9.767091918224859,8.285660189790637,0.9751526843550844,50.53946817448609,-6571.458275191752
9.767091918224859,8.285660189790637,0.9751526843550844,50.53946817448609,-6571.458275191752
9.767091918224859,8.285660189790637,0.9751526843550844,50.53946817448609,-6571.458275191752
9.767091918224859,8.285660189790637,0.9751526843550844,50.53946817448609,-6571.458275191752
9.767091918224859,8.285660189790637,0.9751526843550844,50.53946817448609,-6571.458275191752
9.767091918224859,8.285660189790637,0.9751526843550844,50.53946817448609,-6571.458275191752
10.132848134315084,7.432041996242171,0.8111679282780488,50.0260480309393,-6570.736622387303
10.132848134315084,7.432041996242171,0.8111679282780488,50.0260480309393,-6570.736622387303
10.132848134315084,7.432041996242171,0.8111679282780488,50.0260480309393,-6570.736622387303
10.132848134315084,7.432041996242171,0.8111679282780488,50.0260480309393,-6570.736622387303
10.132848134315084,7.432041996242171,0.8111679282780488,50.0260480309393,-6570.736622387303
10.132848134315084,7.432041996242171,0.8111679282780488,50.0260480309393,-6570.736622387303
10.132848134315084,7.432041996242171,0.8111679282780488,50.0260480309393,-6570.736622387303
10.132848134315084,7.432041996242171,0.8111679282780488,50.0260480309393,-6570.736622387303
10.132848134315084,7.432041996242171,0.8111679282780488,50.0260480309393,-6570.736622387303
10.132848134315084,7.432041996242171,0.8111679282780488,50.0260480309393,-6570.736622387303
10.132848134315084,7.432041996242171,0.8111679282780488,50.0260480309393,-6570.736622387303
10.132848134315084,7.432041996242171,0.8111679282780488,50.0260480309393,-6570.736622387303
10.132848134315084,7.432041996242171,0.8111679282780488,50.0260480309393,-6570.736622387303
10.02771872315897,8.209025392911178,0.9616413232361481,50.079773365560456,-6571.442907579813
10.02771872315897,8.209025392911178,0.9616413232361481,50.079773365560456,-6571.442907579813
10.02771872315897,8.209025392911178,0.9616413232361481,50.079773365560456,-6571.442907579813
10.02771872315897,8.209025392911178,0.9616413232361481,50.079773365560456,-6571.442907579813
10.02771872315897,8.209025392911178,0.9616413232361481,50.079773365560456,-6571.442907579813
10.02771872315897,8.209025392911178,0.9616413232361481,50.079773365560456,-6571.442907579813
10.02771872315897,8.209025392911178,0.9616413232361481,50.079773365560456,-6571.442907579813
10.02771872315897,8.209025392911178,0.9616413232361481,50.079773365560456,-6571.442907579813
10.02771872315897,8.209025392911178,0.9616413232361481,50.079773365560456,-6571.442907579813
10.02771872315897,8.209025392911178,0.9616413232361481,50.079773365560456,-6571.442907579813
10.02771872315897,8.209025392911178,0.9616413232361481,50.079773365560456,-6571.442907579813
10.02771872315897,8.209025392911178,0.9616413232361481,50.079773365560456,-6571.442907579813
10.02771872315897,8.209025392911178,0.9616413232361481,50.079773365560456,-6571.442907579813
10.02771872315897,8.209025392911178,0.9616413232361481,50.079773365560456,-6571.442907579813
10.02771872315897,8.209025392911178,0.9616413232361481,50.079773365560456,-6571.442907579813
10.02771872315897,8.209025392911178,0.9616413232361481,50.079773365560456,-6571.442907579813
10.02771872315897,8.209025392911178,0.9616413232361481,50.079773365560456,-6571.442907579813
10.02771872315897,8.209025392911178,0.9616413232361481,50.079773365560456,-6571.442907579813
10.02771872315897,8.209025392911178,0.9616413232361481,50.079773365560456,-6571.442907579813
10.02771872315897,8.209025392911178,0.9616413232361481,50.079773365560456,-6571.442907579813
10.02771872315897,8.209025392911178,0.9616413232361481,50.079773365560456,-6571.442907579813
10.756221658261309,7.9713800092019085,0.9844375001784036,50.371399094423396,-6573.33457987985
10.187231135476425,9.579586011416168,0.7014600815674699,50.61905513610043,-6570.565816016088
10.187231135476425,9.579586011416168,0.7014600815674699,50.61905513610043,-6570.565816016088
10.187231135476425,9.579586011416168,0.7014600815674699,50.61905513610043,-6570.565816016088
10.187231135476425,9.579586011416168,0.7014600815674699,50.61905513610043,-6570.565816016088
10.187231135476425,9.579586011416168,0.7014600815674699,50.61905513610043,-6570.565816016088
9.973522245275465,10.308147558344512,0.701628912064517,50.81383567698425,-6571.112135961948
9.973522245275465,10.308147558344512,0.701628912064517,50.81383567698425,-6571.112135961948
9.973522245275465,10.308147558344512,0.701628912064517,50.81383567698425,-6571.112135961948
9.973522245275465,10.308147558344512,0.701628912064517,50.81383567698425,-6571.112135961948
9.973522245275465,10.308147558344512,0.701628912064517,50.81383567698425,-6571.112135961948
9.973522245275465,10.308147558344512,0.701628912064517,50.81383567698425,-6571.112135961948
9.973522245275465,10.308147558344512,0.701628912064517,50.81383567698425,-6571.112135961948
9.973522245275465,10.308147558344512,0.701628912064517,50.81383567698425,-6571.112135961948
9.973522245275465,10.308147558344512,0.701628912064517,50.81383567698425,-6571.112135961948
9.973522245275465,10.308147558344512,0.701628912064517,50.81383567698425,-6571.112135961948
9.973522245275465,10.308147558344512,0.701628912064517,50.81383567698425,-6571.112135961948
9.405834557275675,8.251824426370659,0.7827404922465688,50.85004977151188,-6572.166393991807
9.405834557275675,8.251824426370659,0.7827404922465688,50.85004977151188,-6572.166393991807
9.405834557275675,8.251824426370659,0.7827404922465688,50.85004977151188,-6572.166393991807
9.405834557275675,8.251824426370659,0.7827404922465688,50.85004977151188,-6572.166393991807
8.985100702835728,9.23788712064337,0.8180405107513183,50.90600618676457,-6572.325060307693
8.985100702835728,9.23788712064337,0.8180405107513183,50.90600618676457,-6572.325060307693
9.033017386668183,10.95476033445333,0.7446799935477385,51.269320462360284,-6572.562217565475
9.78451342860836,11.437470620315258,0.7638085124781753,52.0224372615712,-6576.607782599103
9.78451342860836,11.437470620315258,0.7638085124781753,52.0224372615712,-6576.607782599103
9.78451342860836,11.437470620315258,0.7638085124781753,52.0224372615712,-6576.607782599103
9.78451342860836,11.437470620315258,0.7638085124781753,52.0224372615712,-6576.607782599103
9.78451342860836,11.437470620315258,0.7638085124781753,52.0224372615712,-6576.607782599103
7.494825157913489,11.616149993469548,0.7575133125636555,50.91857534988798,-6578.542820465334
9.885644743120334,11.112150605210964,0.7499087453592393,50.47876782183826,-6572.2196514565585
9.885644743120334,11.112150605210964,0.7499087453592393,50.47876782183826,-6572.2196514565585
10.405580570952136,9.0678751670868,0.7082166502150167,50.376012368823524,-6570.442525355355
10.405580570952136,9.0678751670868,0.7082166502150167,50.376012368823524,-6570.442525355355
10.405580570952136,9.0678751670868,0.7082166502150167,50.376012368823524,-6570.442525355355
10.405580570952136,9.0678751670868,0.7082166502150167,50.376012368823524,-6570.442525355355
10.405580570952136,9.0678751670868,0.7082166502150167,50.376012368823524,-6570.442525355355
10.405580570952136,9.0678751670868,0.7082166502150167,50.376012368823524,-6570.442525355355
10.405580570952136,9.0678751670868,0.7082166502150167,50.376012368823524,-6570.442525355355
9.98587617867698,8.153710687722869,0.9912798306721204,50.49509606204293,-6571.722531320154
9.98587617867698,8.153710687722869,0.9912798306721204,50.49509606204293,-6571.722531320154
10.136970750546388,6.702631263909907,0.9329480420574138,50.97946949399584,-6571.886154960594
10.747541750739348,8.158123553016097,0.6032769175761198,49.7230447235771,-6572.123443748173
10.747541750739348,8.158123553016097,0.6032769175761198,49.7230447235771,-6572.123443748173
10.039295075523677,9.98869068276438,0.6792704658198392,49.539438666491456,-6571.729379630634
10.039295075523677,9.98869068276438,0.6792704658198392,49.539438666491456,-6571.729379630634
10.039295075523677,9.98869068276438,0.6792704658198392,49.539438666491456,-6571.729379630634
10.039295075523677,9.98869068276438,0.6792704658198392,49.539438666491456,-6571.729379630634
10.039295075523677,9.98869068276438,0.6792704658198392,49.539438666491456,-6571.729379630634
10.039295075523677,9.98869068276438,0.6792704658198392,49.539438666491456,-6571.729379630634
10.039295075523677,9.98869068276438,0.6792704658198392,49.539438666491456,-6571.729379630634
10.039295075523677,9.98869068276438,0.6792704658198392,49.539438666491456,-6571.729379630634
10.145411875414599,9.702267694507691,0.6608567376228357,49.897042405282996,-6570.957474206285
10.145411875414599,9.702267694507691,0.6608567376228357,49.897042405282996,-6570.957474206285
10.145411875414599,9.702267694507691,0.6608567376228357,49.897042405282996,-6570.957474206285
10.145411875414599,9.702267694507691,0.6608567376228357,49.897042405282996,-6570.957474206285
10.145411875414599,9.702267694507691,0.6608567376228357,49.897042405282996,-6570.957474206285
10.145411875414599,9.702267694507691,0.6608567376228357,49.897042405282996,-6570.957474206285
10.711327680728385,9.14665463438786,0.7312709412427433,49.35189144935798,-6572.9569714504
10.711327680728385,9.14665463438786,0.7312709412427433,49.35189144935798,-6572.9569714504
10.711327680728385,9.14665463438786,0.7312709412427433,49.35189144935798,-6572.9569714504
10.711327680728385,9.14665463438786,0.7312709412427433,49.35189144935798,-6572.9569714504
10.711327680728385,9.14665463438786,0.7312709412427433,49.35189144935798,-6572.9569714504
10.711327680728385,9.14665463438786,0.7312709412427433,49.35189144935798,-6572.9569714504
10.711327680728385,9.14665463438786,0.7312709412427433,49.35189144935798,-6572.9569714504
10.711327680728385,9.14665463438786,0.7312709412427433,49.35189144935798,-6572.9569714504
10.711327680728385,9.14665463438786,0.7312709412427433,49.35189144935798,-6572.9569714504
10.784402468831434,7.08536366007783,0.7103541811693043,49.604055118112555,-6571.811750878591
11.367542933032746,5.575785269086987,0.9414736809555697,50.555832804041394,-6572.077889051301
11.367542933032746,5.575785269086987,0.9414736809555697,50.555832804041394,-6572.077889051301
11.367542933032746,5.575785269086987,0.9414736809555697,50.555832804041394,-6572.077889051301
11.367542933032746,5.575785269086987,0.9414736809555697,50.555832804041394,-6572.077889051301
10.744181038377118,5.58776316720349,0.9473980645962027,50.00802483629464,-6571.912895807969
10.744181038377118,5.58776316720349,0.9473980645962027,50.00802483629464,-6571.912895807969
10.516838406673239,6.627201303026412,0.9905031178050322,50.13879434062877,-6571.614326676064
10.516838406673239,6.627201303026412,0.9905031178050322,50.13879434062877,-6571.614326676064
10.516838406673239,6.627201303026412,0.9905031178050322,50.13879434062877,-6571.614326676064
10.516838406673239,6.627201303026412,0.9905031178050322,50.13879434062877,-6571.614326676064
9.968953889868231,8.941283928158375,0.6644990200648997,50.878536915817435,-6571.015010812388
10.155035164159946,9.00863779388369,0.7122527391810921,50.63926470795676,-6570.30404683338
10.345352392735638,6.956709624765703,0.6627600743898834,50.81062983133812,-6572.985314888642
10.345352392735638,6.956709624765703,0.6627600743898834,50.81062983133812,-6572.985314888642
10.345352392735638,6.956709624765703,0.6627600743898834,50.81062983133812,-6572.985314888642
10.232372473965407,7.8852294467850665,0.8072164167199143,50.51262181310573,-6570.240208557457
10.232372473965407,7.8852294467850665,0.8072164167199143,50.51262181310573,-6570.240208557457
10.232372473965407,7.8852294467850665,0.8072164167199143,50.51262181310573,-6570.240208557457
10.232372473965407,7.8852294467850665,0.8072164167199143,50.51262181310573,-6570.240208557457
10.232372473965407,7.8852294467850665,0.8072164167199143,50.51262181310573,-6570.240208557457
10.27245600769325,8.888693499864116,0.600960484311645,51.109694619768824,-6571.876227692181
10.27245600769325,8.888693499864116,0.600960484311645,51.109694619768824,-6571.876227692181
10.27245600769325,8.888693499864116,0.600960484311645,51.109694619768824,-6571.876227692181
10.27245600769325,8.888693499864116,0.600960484311645,51.109694619768824,-6571.876227692181
10.27245600769325,8.888693499864116,0.600960484311645,51.109694619768824,-6571.876227692181
10.27245600769325,8.888693499864116,0.600960484311645,51.109694619768824,-6571.876227692181
10.859218544190291,9.202036214338879,0.5613032663972158,49.92651540265378,-6572.226881166811
10.859218544190291,9.202036214338879,0.5613032663972158,49.92651540265378,-6572.226881166811
10.859218544190291,9.202036214338879,0.5613032663972158,49.92651540265378,-6572.226881166811
10.859218544190291,9.202036214338879,0.5613032663972158,49.92651540265378,-6572.226881166811
10.859218544190291,9.202036214338879,0.5613032663972158,49.92651540265378,-6572.226881166811
10.899767258213092,8.914757617658779,0.5726639485173868,49.859405081590126,-6572.1887276329235
10.899767258213092,8.914757617658779,0.5726639485173868,49.859405081590126,-6572.1887276329235
10.899767258213092,8.914757617658779,0.5726639485173868,49.859405081590126,-6572.1887276329235
10.899767258213092,8.914757617658779,0.5726639485173868,49.859405081590126,-6572.1887276329235
10.899767258213092,8.914757617658779,0.5726639485173868,49.859405081590126,-6572.1887276329235
10.769423257336204,7.8628615807171,0.7204462499393236,50.13091532394802,-6570.536869698333
10.769423257336204,7.8628615807171,0.7204462499393236,50.13091532394802,-6570.536869698333
10.201277911283565,8.403459062386242,0.7744564041468723,50.56223507881787,-6570.185964246088
10.201277911283565,8.403459062386242,0.7744564041468723,50.56223507881787,-6570.185964246088
10.201277911283565,8.403459062386242,0.7744564041468723,50.56223507881787,-6570.185964246088
10.201277911283565,8.403459062386242,0.7744564041468723,50.56223507881787,-6570.185964246088
10.201277911283565,8.403459062386242,0.7744564041468723,50.56223507881787,-6570.185964246088
10.201277911283565,8.403459062386242,0.7744564041468723,50.56223507881787,-6570.185964246088
10.201277911283565,8.403459062386242,0.7744564041468723,50.56223507881787,-6570.185964246088
10.201277911283565,8.403459062386242,0.7744564041468723,50.56223507881787,-6570.185964246088
10.201277911283565,8.403459062386242,0.7744564041468723,50.56223507881787,-6570.185964246088
10.201277911283565,8.403459062386242,0.7744564041468723,50.56223507881787,-6570.185964246088
10.201277911283565,8.403459062386242,0.7744564041468723,50.56223507881787,-6570.185964246088
10.201277911283565,8.403459062386242,0.7744564041468723,50.56223507881787,-6570.185964246088
10.201277911283565,8.403459062386242,0.7744564041468723,50.56223507881787,-6570.185964246088
10.201277911283565,8.403459062386242,0.7744564041468723,50.56223507881787,-6570.185964246088
10.201277911283565,8.403459062386242,0.7744564041468723,50.56223507881787,-6570.185964246088
10.201277911283565,8.403459062386242,0.7744564041468723,50.56223507881787,-6570.185964246088
10.201277911283565,8.403459062386242,0.7744564041468723,50.56223507881787,-6570.185964246088
10.095116016682303,6.036718719099024,0.8850723933185328,50.713047011493686,-6572.764391369892
10.095116016682303,6.036718719099024,0.8850723933185328,50.713047011493686,-6572.764391369892
10.095116016682303,6.036718719099024,0.8850723933185328,50.713047011493686,-6572.764391369892
11.256762476425592,5.79755329835397,0.7740090583469315,51.30518195048212,-6572.443570233578
11.256762476425592,5.79755329835397,0.7740090583469315,51.30518195048212,-6572.443570233578
11.256762476425592,5.79755329835397,0.7740090583469315,51.30518195048212,-6572.443570233578
11.256762476425592,5.79755329835397,0.7740090583469315,51.30518195048212,-6572.443570233578
11.256762476425592,5.79755329835397,0.7740090583469315,51.30518195048212,-6572.443570233578
11.256762476425592,5.79755329835397,0.7740090583469315,51.30518195048212,-6572.443570233578
11.256762476425592,5.79755329835397,0.7740090583469315,51.30518195048212,-6572.443570233578
11.256762476425592,5.79755329835397,0.7740090583469315,51.30518195048212,-6572.443570233578
11.256762476425592,5.79755329835397,0.7740090583469315,51.30518195048212,-6572.443570233578
11.256762476425592,5.79755329835397,0.7740090583469315,51.30518195048212,-6572.443570233578
11.762397838528464,4.5816762313023265,0.806884461668907,50.76959059448728,-6572.647188837218
11.573060625365821,5.359813836064328,0.6971058096721393,50.878541990565125,-6572.707820783673
11.573060625365821,5.359813836064328,0.6971058096721393,50.878541990565125,-6572.707820783673
10.709654412635583,6.856654409030436,0.8244206760457291,50.43843309949203,-6570.51750099289
10.709654412635583,6.856654409030436,0.8244206760457291,50.43843309949203,-6570.51750099289
10.709654412635583,6.856654409030436,0.8244206760457291,50.43843309949203,-6570.51750099289
10.709654412635583,6.856654409030436,0.8244206760457291,50.43843309949203,-6570.51750099289
10.709654412635583,6.856654409030436,0.8244206760457291,50.43843309949203,-6570.51750099289
10.709654412635583,6.856654409030436,0.8244206760457291,50.43843309949203,-6570.51750099289
10.709654412635583,6.856654409030436,0.8244206760457291,50.43843309949203,-6570.51750099289
10.709654412635583,6.856654409030436,0.8244206760457291,50.43843309949203,-6570.51750099289
10.709654412635583,6.856654409030436,0.8244206760457291,50.43843309949203,-6570.51750099289
10.709654412635583,6.856654409030436,0.8244206760457291,50.43843309949203,-6570.51750099289
10.709654412635583,6.856654409030436,0.8244206760457291,50.43843309949203,-6570.51750099289
9.826897102493264,8.1148250221277,0.8047454285256139,50.3830970354004,-6570.505959581674
9.826897102493264,8.1148250221277,0.8047454285256139,50.3830970354004,-6570.505959581674
9.542337626144997,10.113279789731807,0.631054882373905,50.46316157181001,-6571.114378306871
9.45856263293327,10.585381196191415,0.7243213322284978,49.59570936848575,-6571.600261916776
9.45856263293327,10.585381196191415,0.7243213322284978,49.59570936848575,-6571.600261916776
9.45856263293327,10.585381196191415,0.7243213322284978,49.59570936848575,-6571.600261916776
9.45856263293327,10.585381196191415,0.7243213322284978,49.59570936848575,-6571.600261916776
9.45856263293327,10.585381196191415,0.7243213322284978,49.59570936848575,-6571.600261916776
9.45856263293327,10.585381196191415,0.7243213322284978,49.59570936848575,-6571.600261916776
9.45856263293327,10.585381196191415,0.7243213322284978,49.59570936848575,-6571.600261916776
9.45856263293327,10.585381196191415,0.7243213322284978,49.59570936848575,-6571.600261916776
9.45856263293327,10.585381196191415,0.7243213322284978,49.59570936848575,-6571.600261916776
9.372058609821028,11.491082939468054,0.6779582904250281,50.768341837206066,-6571.58504847768
9.372058609821028,11.491082939468054,0.6779582904250281,50.768341837206066,-6571.58504847768
9.458852387885523,11.663774448256072,0.6531863757362184,50.50431906327139,-6571.569057109935
9.458852387885523,11.663774448256072,0.6531863757362184,50.50431906327139,-6571.569057109935
9.458852387885523,11.663774448256072,0.6531863757362184,50.50431906327139,-6571.569057109935
9.458852387885523,11.663774448256072,0.6531863757362184,50.50431906327139,-6571.569057109935
8.951210226729113,10.986203847448612,0.779936433327548,50.06741493605149,-6571.373397775789
8.951210226729113,10.986203847448612,0.779936433327548,50.06741493605149,-6571.373397775789
8.951210226729113,10.986203847448612,0.779936433327548,50.06741493605149,-6571.373397775789
8.951210226729113,10.986203847448612,0.779936433327548,50.06741493605149,-6571.373397775789
9.134335599776568,13.686157641258738,0.6640400441354888,49.907933202737105,-6574.648380751216
9.134335599776568,13.686157641258738,0.6640400441354888,49.907933202737105,-6574.648380751216
9.134335599776568,13.686157641258738,0.6640400441354888,49.907933202737105,-6574.648380751216
9.134335599776568,13.686157641258738,0.6640400441354888,49.907933202737105,-6574.648380751216
9.134335599776568,13.686157641258738,0.6640400441354888,49.907933202737105,-6574.648380751216
9.134335599776568,13.686157641258738,0.6640400441354888,49.907933202737105,-6574.648380751216
9.546259340708424,12.219358281138847,0.9166590160006607,50.23020486871456,-6576.5526985380875
9.983750558370483,11.457369242178663,0.7914896642432144,49.812945515987536,-6574.324225071737
9.983750558370483,11.457369242178663,0.7914896642432144,49.812945515987536,-6574.324225071737
9.983750558370483,11.457369242178663,0.7914896642432144,49.812945515987536,-6574.324225071737
9.792168656616775,9.680809435087413,0.8058185295248576,49.33188172988053,-6572.15567689782
9.792168656616775,9.680809435087413,0.8058185295248576,49.33188172988053,-6572.15567689782
9.792168656616775,9.680809435087413,0.8058185295248576,49.33188172988053,-6572.15567689782
9.792168656616775,9.680809435087413,0.8058185295248576,49.33188172988053,-6572.15567689782
9.792168656616775,9.680809435087413,0.8058185295248576,49.33188172988053,-6572.15567689782
9.792168656616775,9.680809435087413,0.8058185295248576,49.33188172988053,-6572.15567689782
9.792168656616775,9.680809435087413,0.8058185295248576,49.33188172988053,-6572.15567689782
9.792168656616775,9.680809435087413,0.8058185295248576,49.33188172988053,-6572.15567689782
10.311289585298974,8.160567255193849,0.8797711876622774,50.322906835062795,-6570.756437127657
10.311289585298974,8.160567255193849,0.8797711876622774,50.322906835062795,-6570.756437127657
10.311289585298974,8.160567255193849,0.8797711876622774,50.322906835062795,-6570.756437127657
10.311289585298974,8.160567255193849,0.8797711876622774,50.322906835062795,-6570.756437127657
10.311289585298974,8.160567255193849,0.8797711876622774,50.322906835062795,-6570.756437127657
10.311289585298974,8.160567255193849,0.8797711876622774,50.322906835062795,-6570.756437127657
10.311289585298974,8.160567255193849,0.8797711876622774,50.322906835062795,-6570.756437127657
10.311289585298974,8.160567255193849,0.8797711876622774,50.322906835062795,-6570.756437127657
10.311289585298974,8.160567255193849,0.8797711876622774,50.322906835062795,-6570.756437127657
10.311289585298974,8.160567255193849,0.8797711876622774,50.322906835062795,-6570.756437127657
10.311289585298974,8.160567255193849,0.8797711876622774,50.322906835062795,-6570.756437127657
10.311289585298974,8.160567255193849,0.8797711876622774,50.322906835062795,-6570.756437127657
10.311289585298974,8.160567255193849,0.8797711876622774,50.322906835062795,-6570.756437127657
10.311289585298974,8.160567255193849,0.8797711876622774,50.322906835062795,-6570.756437127657
10.311289585298974,8.160567255193849,0.8797711876622774,50.322906835062795,-6570.756437127657
10.311289585298974,8.160567255193849,0.8797711876622774,50.322906835062795,-6570.756437127657
10.311289585298974,8.160567255193849,0.8797711876622774,50.322906835062795,-6570.756437127657
10.311289585298974,8.160567255193849,0.8797711876622774,50.322906835062795,-6570.756437127657
10.311289585298974,8.160567255193849,0.8797711876622774,50.322906835062795,-6570.756437127657
10.311289585298974,8.160567255193849,0.8797711876622774,50.322906835062795,-6570.756437127657
10.311289585298974,8.160567255193849,0.8797711876622774,50.322906835062795,-6570.756437127657
10.696664738598434,7.806021918827314,0.8415552714478828,50.17662963865554,-6570.867811128382
10.696664738598434,7.806021918827314,0.8415552714478828,50.17662963865554,-6570.867811128382
10.696664738598434,7.806021918827314,0.8415552714478828,50.17662963865554,-6570.867811128382
10.696664738598434,7.806021918827314,0.8415552714478828,50.17662963865554,-6570.867811128382
10.696664738598434,7.806021918827314,0.8415552714478828,50.17662963865554,-6570.867811128382
10.696664738598434,7.806021918827314,0.8415552714478828,50.17662963865554,-6570.867811128382
10.696664738598434,7.806021918827314,0.8415552714478828,50.17662963865554,-6570.867811128382
10.696664738598434,7.806021918827314,0.8415552714478828,50.17662963865554,-6570.867811128382
10.696664738598434,7.806021918827314,0.8415552714478828,50.17662963865554,-6570.867811128382
10.696664738598434,7.806021918827314,0.8415552714478828,50.17662963865554,-6570.867811128382
10.696664738598434,7.806021918827314,0.8415552714478828,50.17662963865554,-6570.867811128382
10.696664738598434,7.806021918827314,0.8415552714478828,50.17662963865554,-6570.867811128382
10.545442954567376,7.247384545333782,0.8053509120268633,49.671774294703205,-6571.1346418205985
10.50378277206908,8.559560747402067,0.7662727122859553,49.859312091192926,-6570.876505029697
10.50378277206908,8.559560747402067,0.7662727122859553,49.859312091192926,-6570.876505029697
10.50378277206908,8.559560747402067,0.7662727122859553,49.859312091192926,-6570.876505029697
10.50378277206908,8.559560747402067,0.7662727122859553,49.859312091192926,-6570.876505029697
10.50378277206908,8.559560747402067,0.7662727122859553,49.859312091192926,-6570.876505029697
10.50378277206908,8.559560747402067,0.7662727122859553,49.859312091192926,-6570.876505029697
10.600840672626772,8.059610538425693,0.7102286548301155,50.10787088019366,-6570.463042049732
10.244088401095976,7.301420292331102,0.8055542302077451,49.73283927028921,-6571.175853364875
10.244088401095976,7.301420292331102,0.8055542302077451,49.73283927028921,-6571.175853364875
10.244088401095976,7.301420292331102,0.8055542302077451,49.73283927028921,-6571.175853364875
10.244088401095976,7.301420292331102,0.8055542302077451,49.73283927028921,-6571.175853364875
10.144196983742113,9.24780154856713,0.7269369113811393,49.99406276376056,-6570.519802714274
10.144196983742113,9.24780154856713,0.7269369113811393,49.99406276376056,-6570.519802714274
10.144196983742113,9.24780154856713,0.7269369113811393,49.99406276376056,-6570.519802714274
10.6567278161133,8.646543924484082,0.7040470855222692,49.69299099393823,-6571.351157238653
10.6567278161133,8.646543924484082,0.7040470855222692,49.69299099393823,-6571.351157238653
10.6567278161133,8.646543924484082,0.7040470855222692,49.69299099393823,-6571.351157238653
10.6567278161133,8.646543924484082,0.7040470855222692,49.69299099393823,-6571.351157238653
10.6567278161133,8.646543924484082,0.7040470855222692,49.69299099393823,-6571.351157238653
10.6567278161133,8.646543924484082,0.7040470855222692,49.69299099393823,-6571.351157238653
10.6567278161133,8.646543924484082,0.7040470855222692,49.69299099393823,-6571.351157238653
10.6567278161133,8.646543924484082,0.7040470855222692,49.69299099393823,-6571.351157238653
10.6567278161133,8.646543924484082,0.7040470855222692,49.69299099393823,-6571.351157238653
9.89883580789814,7.0631667118232215,0.8445695616159197,50.33964743983713,-6571.443417496944
9.89883580789814,7.0631667118232215,0.8445695616159197,50.33964743983713,-6571.443417496944
9.89883580789814,7.0631667118232215,0.8445695616159197,50.33964743983713,-6571.443417496944
9.89883580789814,7.0631667118232215,0.8445695616159197,50.33964743983713,-6571.443417496944
9.89883580789814,7.0631667118232215,0.8445695616159197,50.33964743983713,-6571.443417496944
9.89883580789814,7.0631667118232215,0.8445695616159197,50.33964743983713,-6571.443417496944
9.89883580789814,7.0631667118232215,0.8445695616159197,50.33964743983713,-6571.443417496944
9.89883580789814,7.0631667118232215,0.8445695616159197,50.33964743983713,-6571.443417496944
9.89883580789814,7.0631667118232215,0.8445695616159197,50.33964743983713,-6571.443417496944
9.89883580789814,7.0631667118232215,0.8445695616159197,50.33964743983713,-6571.443417496944
10.267212421246253,8.633233693982577,0.8878184412121863,50.649372329855865,-6571.333322164215
10.06581080488823,8.411470241523535,0.9073214566437258,49.80273914550802,-6571.308676218196
10.06581080488823,8.411470241523535,0.9073214566437258,49.80273914550802,-6571.308676218196
10.06581080488823,8.411470241523535,0.9073214566437258,49.80273914550802,-6571.308676218196
10.06581080488823,8.411470241523535,0.9073214566437258,49.80273914550802,-6571.308676218196
10.06581080488823,8.411470241523535,0.9073214566437258,49.80273914550802,-6571.308676218196
10.06581080488823,8.411470241523535,0.9073214566437258,49.80273914550802,-6571.308676218196
10.06581080488823,8.411470241523535,0.9073214566437258,49.80273914550802,-6571.308676218196
10.06581080488823,8.411470241523535,0.9073214566437258,49.80273914550802,-6571.308676218196
10.06581080488823,8.411470241523535,0.9073214566437258,49.80273914550802,-6571.308676218196
10.06581080488823,8.411470241523535,0.9073214566437258,49.80273914550802,-6571.308676218196
11.239771674461908,8.123677647844035,0.7741714972224981,49.902635514375504,-6572.478638415655
11.239771674461908,8.123677647844035,0.7741714972224981,49.902635514375504,-6572.478638415655
11.239771674461908,8.123677647844035,0.7741714972224981,49.902635514375504,-6572.478638415655
11.188165339697829,8.122768443129429,0.7964001615115808,50.48890230612939,-6572.156195498689
11.188165339697829,8.122768443129429,0.7964001615115808,50.48890230612939,-6572.156195498689
11.62627157379795,9.092064477433782,0.5768383405014763,50.78638399443731,-6573.718089270778
11.62627157379795,9.092064477433782,0.5768383405014763,50.78638399443731,-6573.718089270778
11.62627157379795,9.092064477433782,0.5768383405014763,50.78638399443731,-6573.718089270778
11.62627157379795,9.092064477433782,0.5768383405014763,50.78638399443731,-6573.718089270778
11.62627157379795,9.092064477433782,0.5768383405014763,50.78638399443731,-6573.718089270778
11.757929042205436,9.849527318564439,0.4891559286675658,50.34208528508553,-6575.529538869596
11.757929042205436,9.849527318564439,0.4891559286675658,50.34208528508553,-6575.529538869596
11.757929042205436,9.849527318564439,0.4891559286675658,50.34208528508553,-6575.529538869596
11.757929042205436,9.849527318564439,0.4891559286675658,50.34208528508553,-6575.529538869596
11.757929042205436,9.849527318564439,0.4891559286675658,50.34208528508553,-6575.529538869596
11.757929042205436,9.849527318564439,0.4891559286675658,50.34208528508553,-6575.529538869596
11.757929042205436,9.849527318564439,0.4891559286675658,50.34208528508553,-6575.529538869596
12.29349354099364,5.832106612204355,0.5483775271751109,50.39725725833689,-6574.597088671957
12.29349354099364,5.832106612204355,0.5483775271751109,50.39725725833689,-6574.597088671957
12.29349354099364,5.832106612204355,0.5483775271751109,50.39725725833689,-6574.597088671957
12.29349354099364,5.832106612204355,0.5483775271751109,50.39725725833689,-6574.597088671957
12.29349354099364,5.832106612204355,0.5483775271751109,50.39725725833689,-6574.597088671957
11.89691498741587,4.895414478854682,0.6433977255314315,50.7638791624044,-6574.126028489631
11.89691498741587,4.895414478854682,0.6433977255314315,50.7638791624044,-6574.126028489631
11.89691498741587,4.895414478854682,0.6433977255314315,50.7638791624044,-6574.126028489631
11.547250931595496,4.4770274304522095,0.7862968965679261,51.326627966984965,-6574.190190897829
11.547250931595496,4.4770274304522095,0.7862968965679261,51.326627966984965,-6574.190190897829
11.547250931595496,4.4770274304522095,0.7862968965679261,51.326627966984965,-6574.190190897829
11.547250931595496,4.4770274304522095,0.7862968965679261,51.326627966984965,-6574.190190897829
11.69914887629292,5.918471169159589,0.6515516184700696,51.41759234853961,-6573.54999967793
11.69914887629292,5.918471169159589,0.6515516184700696,51.41759234853961,-6573.54999967793
11.69914887629292,5.918471169159589,0.6515516184700696,51.41759234853961,-6573.54999967793
11.69914887629292,5.918471169159589,0.6515516184700696,51.41759234853961,-6573.54999967793
11.69914887629292,5.918471169159589,0.6515516184700696,51.41759234853961,-6573.54999967793
11.69914887629292,5.918471169159589,0.6515516184700696,51.41759234853961,-6573.54999967793
11.69914887629292,5.918471169159589,0.6515516184700696,51.41759234853961,-6573.54999967793
11.69914887629292,5.918471169159589,0.6515516184700696,51.41759234853961,-6573.54999967793
11.275547087128214,4.683507404233536,0.7604418369210351,50.416304510816914,-6573.5191279553055
11.460165643526402,6.586718050958364,0.6330952833131291,49.828635767127324,-6572.5917319261835
11.460165643526402,6.586718050958364,0.6330952833131291,49.828635767127324,-6572.5917319261835
11.460165643526402,6.586718050958364,0.6330952833131291,49.828635767127324,-6572.5917319261835
11.460165643526402,6.586718050958364,0.6330952833131291,49.828635767127324,-6572.5917319261835
11.460165643526402,6.586718050958364,0.6330952833131291,49.828635767127324,-6572.5917319261835
11.460165643526402,6.586718050958364,0.6330952833131291,49.828635767127324,-6572.5917319261835
11.460165643526402,6.586718050958364,0.6330952833131291,49.828635767127324,-6572.5917319261835
11.460165643526402,6.586718050958364,0.6330952833131291,49.828635767127324,-6572.5917319261835
11.460165643526402,6.586718050958364,0.6330952833131291,49.828635767127324,-6572.5917319261835
11.431101085775053,7.020513921465097,0.6184131887690864,50.34441686448671,-6571.810789366202
11.431101085775053,7.020513921465097,0.6184131887690864,50.34441686448671,-6571.810789366202
11.431101085775053,7.020513921465097,0.6184131887690864,50.34441686448671,-6571.810789366202
11.431101085775053,7.020513921465097,0.6184131887690864,50.34441686448671,-6571.810789366202
11.431101085775053,7.020513921465097,0.6184131887690864,50.34441686448671,-6571.810789366202
11.431101085775053,7.020513921465097,0.6184131887690864,50.34441686448671,-6571.810789366202
11.431101085775053,7.020513921465097,0.6184131887690864,50.34441686448671,-6571.810789366202
11.431101085775053,7.020513921465097,0.6184131887690864,50.34441686448671,-6571.810789366202
11.431101085775053,7.020513921465097,0.6184131887690864,50.34441686448671,-6571.810789366202
11.431101085775053,7.020513921465097,0.6184131887690864,50.34441686448671,-6571.810789366202
11.431101085775053,7.020513921465097,0.6184131887690864,50.34441686448671,-6571.810789366202
11.431101085775053,7.020513921465097,0.6184131887690864,50.34441686448671,-6571.810789366202
10.810770577571963,7.765426320954225,0.6533636482022217,50.40573538073082,-6570.811266312827
10.810770577571963,7.765426320954225,0.6533636482022217,50.40573538073082,-6570.811266312827
10.810770577571963,7.765426320954225,0.6533636482022217,50.40573538073082,-6570.811266312827
10.810770577571963,7.765426320954225,0.6533636482022217,50.40573538073082,-6570.811266312827
10.810770577571963,7.765426320954225,0.6533636482022217,50.40573538073082,-6570.811266312827
10.810770577571963,7.765426320954225,0.6533636482022217,50.40573538073082,-6570.811266312827
10.810770577571963,7.765426320954225,0.6533636482022217,50.40573538073082,-6570.811266312827
10.810770577571963,7.765426320954225,0.6533636482022217,50.40573538073082,-6570.811266312827
10.810770577571963,7.765426320954225,0.6533636482022217,50.40573538073082,-6570.811266312827
10.810770577571963,7.765426320954225,0.6533636482022217,50.40573538073082,-6570.811266312827
10.810770577571963,7.765426320954225,0.6533636482022217,50.40573538073082,-6570.811266312827
10.810770577571963,7.765426320954225,0.6533636482022217,50.40573538073082,-6570.811266312827
10.810770577571963,7.765426320954225,0.6533636482022217,50.40573538073082,-6570.811266312827
10.810770577571963,7.765426320954225,0.6533636482022217,50.40573538073082,-6570.811266312827
10.810770577571963,7.765426320954225,0.6533636482022217,50.40573538073082,-6570.811266312827
10.980289274202159,6.8164903040022695,0.6879616526884742,50.83796610753459,-6571.319456918444
10.980289274202159,6.8164903040022695,0.6879616526884742,50.83796610753459,-6571.319456918444
10.980289274202159,6.8164903040022695,0.6879616526884742,50.83796610753459,-6571.319456918444
10.980289274202159,6.8164903040022695,0.6879616526884742,50.83796610753459,-6571.319456918444
10.980289274202159,6.8164903040022695,0.6879616526884742,50.83796610753459,-6571.319456918444
10.980289274202159,6.8164903040022695,0.6879616526884742,50.83796610753459,-6571.319456918444
10.980289274202159,6.8164903040022695,0.6879616526884742,50.83796610753459,-6571.319456918444
10.980289274202159,6.8164903040022695,0.6879616526884742,50.83796610753459,-6571.319456918444
10.980289274202159,6.8164903040022695,0.6879616526884742,50.83796610753459,-6571.319456918444
10.980289274202159,6.8164903040022695,0.6879616526884742,50.83796610753459,-6571.319456918444
10.980289274202159,6.8164903040022695,0.6879616526884742,50.83796610753459,-6571.319456918444
10.980289274202159,6.8164903040022695,0.6879616526884742,50.83796610753459,-6571.319456918444
10.496453464763041,7.966954294639287,0.7620744400439158,50.442137814513046,-6570.202964297101
10.496453464763041,7.966954294639287,0.7620744400439158,50.442137814513046,-6570.202964297101
10.496453464763041,7.966954294639287,0.7620744400439158,50.442137814513046,-6570.202964297101
10.496453464763041,7.966954294639287,0.7620744400439158,50.442137814513046,-6570.202964297101
10.496453464763041,7.966954294639287,0.7620744400439158,50.442137814513046,-6570.202964297101
10.496453464763041,7.966954294639287,0.7620744400439158,50.442137814513046,-6570.202964297101
10.212089659817243,6.537553918203251,0.7965526941883744,49.485417694129715,-6573.139712226699
10.212089659817243,6.537553918203251,0.7965526941883744,49.485417694129715,-6573.139712226699
10.872462590525124,5.797325359747135,0.9089406236517308,49.632689171384484,-6572.185534606518
11.28417416214674,4.940218856866783,1.0445749931120787,50.459793949527985,-6573.05953247783
11.28417416214674,4.940218856866783,1.0445749931120787,50.459793949527985,-6573.05953247783
11.28417416214674,4.940218856866783,1.0445749931120787,50.459793949527985,-6573.05953247783
11.28417416214674,4.940218856866783,1.0445749931120787,50.459793949527985,-6573.05953247783
11.28417416214674,4.940218856866783,1.0445749931120787,50.459793949527985,-6573.05953247783
11.28417416214674,4.940218856866783,1.0445749931120787,50.459793949527985,-6573.05953247783
11.28417416214674,4.940218856866783,1.0445749931120787,50.459793949527985,-6573.05953247783
11.765411377639317,5.855191024874156,0.7142872463484455,51.22485992011195,-6572.615488733438
11.765411377639317,5.855191024874156,0.7142872463484455,51.22485992011195,-6572.615488733438
11.765411377639317,5.855191024874156,0.7142872463484455,51.22485992011195,-6572.615488733438
11.765411377639317,5.855191024874156,0.7142872463484455,51.22485992011195,-6572.615488733438
12.13559265612768,5.589253008278086,0.7487152999998058,50.804256567485915,-6572.664223239196
12.13559265612768,5.589253008278086,0.7487152999998058,50.804256567485915,-6572.664223239196
11.192255128281905,6.445376808542603,0.7816898613442136,50.6914927422453,-6570.964800562479
11.192255128281905,6.445376808542603,0.7816898613442136,50.6914927422453,-6570.964800562479
11.192255128281905,6.445376808542603,0.7816898613442136,50.6914927422453,-6570.964800562479
11.192255128281905,6.445376808542603,0.7816898613442136,50.6914927422453,-6570.964800562479
11.192255128281905,6.445376808542603,0.7816898613442136,50.6914927422453,-6570.964800562479
11.192255128281905,6.445376808542603,0.7816898613442136,50.6914927422453,-6570.964800562479
11.192255128281905,6.445376808542603,0.7816898613442136,50.6914927422453,-6570.964800562479
11.192255128281905,6.445376808542603,0.7816898613442136,50.6914927422453,-6570.964800562479
11.192255128281905,6.445376808542603,0.7816898613442136,50.6914927422453,-6570.964800562479
11.192255128281905,6.445376808542603,0.7816898613442136,50.6914927422453,-6570.964800562479
11.192255128281905,6.445376808542603,0.7816898613442136,50.6914927422453,-6570.964800562479
11.192255128281905,6.445376808542603,0.7816898613442136,50.6914927422453,-6570.964800562479
11.257129340267438,5.101561545408902,0.95425698077515,50.73871923419534,-6572.2672317972865
11.257129340267438,5.101561545408902,0.95425698077515,50.73871923419534,-6572.2672317972865
11.257129340267438,5.101561545408902,0.95425698077515,50.73871923419534,-6572.2672317972865
11.257129340267438,5.101561545408902,0.95425698077515,50.73871923419534,-6572.2672317972865
11.257129340267438,5.101561545408902,0.95425698077515,50.73871923419534,-6572.2672317972865
11.564956398498156,4.939999262744774,0.8848547892474896,50.30566305734985,-6572.079600812346
11.564956398498156,4.939999262744774,0.8848547892474896,50.30566305734985,-6572.079600812346
11.564956398498156,4.939999262744774,0.8848547892474896,50.30566305734985,-6572.079600812346
11.564956398498156,4.939999262744774,0.8848547892474896,50.30566305734985,-6572.079600812346
11.564956398498156,4.939999262744774,0.8848547892474896,50.30566305734985,-6572.079600812346
11.564956398498156,4.939999262744774,0.8848547892474896,50.30566305734985,-6572.079600812346
11.564956398498156,4.939999262744774,0.8848547892474896,50.30566305734985,-6572.079600812346
11.564956398498156,4.939999262744774,0.8848547892474896,50.30566305734985,-6572.079600812346
11.564956398498156,4.939999262744774,0.8848547892474896,50.30566305734985,-6572.079600812346
11.564956398498156,4.939999262744774,0.8848547892474896,50.30566305734985,-6572.079600812346
11.564956398498156,4.939999262744774,0.8848547892474896,50.30566305734985,-6572.079600812346
11.564956398498156,4.939999262744774,0.8848547892474896,50.30566305734985,-6572.079600812346
11.564956398498156,4.939999262744774,0.8848547892474896,50.30566305734985,-6572.079600812346
11.564956398498156,4.939999262744774,0.8848547892474896,50.30566305734985,-6572.079600812346
11.564956398498156,4.939999262744774,0.8848547892474896,50.30566305734985,-6572.079600812346
11.564956398498156,4.939999262744774,0.8848547892474896,50.30566305734985,-6572.079600812346
11.564956398498156,4.939999262744774,0.8848547892474896,50.30566305734985,-6572.079600812346
11.564956398498156,4.939999262744774,0.8848547892474896,50.30566305734985,-6572.079600812346
11.326473368904857,7.182952296738776,0.8579514102189728,50.52656600688643,-6572.15934487616
11.326473368904857,7.182952296738776,0.8579514102189728,50.52656600688643,-6572.15934487616
11.724606704178875,6.292832294127726,0.6984742379067945,49.879053335286216,-6572.270589401032
11.724606704178875,6.292832294127726,0.6984742379067945,49.879053335286216,-6572.270589401032
11.724606704178875,6.292832294127726,0.6984742379067945,49.879053335286216,-6572.270589401032
11.724606704178875,6.292832294127726,0.6984742379067945,49.879053335286216,-6572.270589401032
11.532264447531764,6.009089613305911,0.7514219278597724,50.07518619642485,-6571.59891492357
11.532264447531764,6.009089613305911,0.7514219278597724,50.07518619642485,-6571.59891492357
11.532264447531764,6.009089613305911,0.7514219278597724,50.07518619642485,-6571.59891492357
11.532264447531764,6.009089613305911,0.7514219278597724,50.07518619642485,-6571.59891492357
11.532264447531764,6.009089613305911,0.7514219278597724,50.07518619642485,-6571.59891492357
11.532264447531764,6.009089613305911,0.7514219278597724,50.07518619642485,-6571.59891492357
11.532264447531764,6.009089613305911,0.7514219278597724,50.07518619642485,-6571.59891492357
11.532264447531764,6.009089613305911,0.7514219278597724,50.07518619642485,-6571.59891492357
11.532264447531764,6.009089613305911,0.7514219278597724,50.07518619642485,-6571.59891492357
11.532264447531764,6.009089613305911,0.7514219278597724,50.07518619642485,-6571.59891492357
11.532264447531764,6.009089613305911,0.7514219278597724,50.07518619642485,-6571.59891492357
11.532264447531764,6.009089613305911,0.7514219278597724,50.07518619642485,-6571.59891492357
11.532264447531764,6.009089613305911,0.7514219278597724,50.07518619642485,-6571.59891492357
11.532264447531764,6.009089613305911,0.7514219278597724,50.07518619642485,-6571.59891492357
11.532264447531764,6.009089613305911,0.7514219278597724,50.07518619642485,-6571.59891492357
11.532264447531764,6.009089613305911,0.7514219278597724,50.07518619642485,-6571.59891492357
11.532264447531764,6.009089613305911,0.7514219278597724,50.07518619642485,-6571.59891492357
11.532264447531764,6.009089613305911,0.7514219278597724,50.07518619642485,-6571.59891492357
11.532264447531764,6.009089613305911,0.7514219278597724,50.07518619642485,-6571.59891492357
11.532264447531764,6.009089613305911,0.7514219278597724,50.07518619642485,-6571.59891492357
10.754944676107357,7.454962816373393,0.8257916763646944,49.543798640971474,-6571.642619703982
10.754944676107357,7.454962816373393,0.8257916763646944,49.543798640971474,-6571.642619703982
10.754944676107357,7.454962816373393,0.8257916763646944,49.543798640971474,-6571.642619703982
10.754944676107357,7.454962816373393,0.8257916763646944,49.543798640971474,-6571.642619703982
10.754944676107357,7.454962816373393,0.8257916763646944,49.543798640971474,-6571.642619703982
10.754944676107357,7.454962816373393,0.8257916763646944,49.543798640971474,-6571.642619703982
10.754944676107357,7.454962816373393,0.8257916763646944,49.543798640971474,-6571.642619703982
10.754944676107357,7.454962816373393,0.8257916763646944,49.543798640971474,-6571.642619703982
10.355157047328781,8.025703596014827,0.7382159935169453,50.099348385359654,-6570.3477427263115
10.355157047328781,8.025703596014827,0.7382159935169453,50.099348385359654,-6570.3477427263115
10.355157047328781,8.025703596014827,0.7382159935169453,50.099348385359654,-6570.3477427263115
10.355157047328781,8.025703596014827,0.7382159935169453,50.099348385359654,-6570.3477427263115
10.355157047328781,8.025703596014827,0.7382159935169453,50.099348385359654,-6570.3477427263115
10.355157047328781,8.025703596014827,0.7382159935169453,50.099348385359654,-6570.3477427263115
10.355157047328781,8.025703596014827,0.7382159935169453,50.099348385359654,-6570.3477427263115
10.355157047328781,8.025703596014827,0.7382159935169453,50.099348385359654,-6570.3477427263115
10.355157047328781,8.025703596014827,0.7382159935169453,50.099348385359654,-6570.3477427263115
10.355157047328781,8.025703596014827,0.7382159935169453,50.099348385359654,-6570.3477427263115
10.355157047328781,8.025703596014827,0.7382159935169453,50.099348385359654,-6570.3477427263115
10.198466702309936,8.798858301387602,0.6146200658335046,50.62096868103998,-6571.162851719995
10.198466702309936,8.798858301387602,0.6146200658335046,50.62096868103998,-6571.162851719995
10.198466702309936,8.798858301387602,0.6146200658335046,50.62096868103998,-6571.162851719995
10.198466702309936,8.798858301387602,0.6146200658335046,50.62096868103998,-6571.162851719995
10.198466702309936,8.798858301387602,0.6146200658335046,50.62096868103998,-6571.162851719995
10.198466702309936,8.798858301387602,0.6146200658335046,50.62096868103998,-6571.162851719995
10.198466702309936,8.798858301387602,0.6146200658335046,50.62096868103998,-6571.162851719995
10.198466702309936,8.798858301387602,0.6146200658335046,50.62096868103998,-6571.162851719995
10.198466702309936,8.798858301387602,0.6146200658335046,50.62096868103998,-6571.162851719995
10.3851475113275,9.52257999995097,0.5286795822177168,50.24276063536081,-6572.174142803573
9.135691760669397,12.022033257468063,0.6085111078295479,50.67863852246765,-6572.080338265381
9.135691760669397,12.022033257468063,0.6085111078295479,50.67863852246765,-6572.080338265381
9.135691760669397,12.022033257468063,0.6085111078295479,50.67863852246765,-6572.080338265381
9.135691760669397,12.022033257468063,0.6085111078295479,50.67863852246765,-6572.080338265381
9.135691760669397,12.022033257468063,0.6085111078295479,50.67863852246765,-6572.080338265381
9.135691760669397,12.022033257468063,0.6085111078295479,50.67863852246765,-6572.080338265381
8.946546965679804,10.97150679391449,0.6145568897687357,50.35297198624936,-6572.394275951937
8.946546965679804,10.97150679391449,0.6145568897687357,50.35297198624936,-6572.394275951937
8.94424054850774,12.247711697576229,0.7795001935837511,50.09671904964218,-6572.577142282053
8.94424054850774,12.247711697576229,0.7795001935837511,50.09671904964218,-6572.577142282053
8.94424054850774,12.247711697576229,0.7795001935837511,50.09671904964218,-6572.577142282053
9.713082367247717,12.782545040151112,0.6617045418364212,50.044011943100976,-6574.259657137964
9.713082367247717,12.782545040151112,0.6617045418364212,50.044011943100976,-6574.259657137964
10.126601891423856,9.852859167655472,0.7574089410599592,50.16322773389284,-6571.0109601216645
10.126601891423856,9.852859167655472,0.7574089410599592,50.16322773389284,-6571.0109601216645
10.126601891423856,9.852859167655472,0.7574089410599592,50.16322773389284,-6571.0109601216645
10.126601891423856,9.852859167655472,0.7574089410599592,50.16322773389284,-6571.0109601216645
9.844713333586105,9.428790379036286,0.6846416145782772,50.49392394911617,-6570.427583895216
9.844713333586105,9.428790379036286,0.6846416145782772,50.49392394911617,-6570.427583895216
9.844713333586105,9.428790379036286,0.6846416145782772,50.49392394911617,-6570.427583895216
9.844713333586105,9.428790379036286,0.6846416145782772,50.49392394911617,-6570.427583895216
9.844713333586105,9.428790379036286,0.6846416145782772,50.49392394911617,-6570.427583895216
9.844713333586105,9.428790379036286,0.6846416145782772,50.49392394911617,-6570.427583895216
9.844713333586105,9.428790379036286,0.6846416145782772,50.49392394911617,-6570.427583895216
9.844713333586105,9.428790379036286,0.6846416145782772,50.49392394911617,-6570.427583895216
9.844713333586105,9.428790379036286,0.6846416145782772,50.49392394911617,-6570.427583895216
9.844713333586105,9.428790379036286,0.6846416145782772,50.49392394911617,-6570.427583895216
9.844713333586105,9.428790379036286,0.6846416145782772,50.49392394911617,-6570.427583895216
9.844713333586105,9.428790379036286,0.6846416145782772,50.49392394911617,-6570.427583895216
9.581138941602699,9.362302505334856,0.717934193527345,50.50874866136266,-6570.588055026023
9.581138941602699,9.362302505334856,0.717934193527345,50.50874866136266,-6570.588055026023
9.581138941602699,9.362302505334856,0.717934193527345,50.50874866136266,-6570.588055026023
9.581138941602699,9.362302505334856,0.717934193527345,50.50874866136266,-6570.588055026023
9.581138941602699,9.362302505334856,0.717934193527345,50.50874866136266,-6570.588055026023
9.581138941602699,9.362302505334856,0.717934193527345,50.50874866136266,-6570.588055026023
8.77040332985284,11.8122162981297,0.7932737941214182,50.282089824394404,-6572.031195016429
8.77040332985284,11.8122162981297,0.7932737941214182,50.282089824394404,-6572.031195016429
8.77040332985284,11.8122162981297,0.7932737941214182,50.282089824394404,-6572.031195016429
9.47784638649479,11.818727874951312,0.5913869133578027,50.73642002973471,-6572.016744743394
9.173832211357642,9.81216899900453,0.9121823448276497,51.09921257046215,-6572.449197369434
10.494364078450458,8.748228656208815,0.7688301979231783,51.583963913211385,-6572.679159222375
10.94428446818631,5.515904246282274,0.8670765097585079,50.53782251518553,-6571.54621799897
10.94428446818631,5.515904246282274,0.8670765097585079,50.53782251518553,-6571.54621799897
10.94428446818631,5.515904246282274,0.8670765097585079,50.53782251518553,-6571.54621799897
10.48268828349967,9.30983231414098,0.7301054681039595,50.083226815025505,-6571.048335554022
10.48268828349967,9.30983231414098,0.7301054681039595,50.083226815025505,-6571.048335554022
10.48268828349967,9.30983231414098,0.7301054681039595,50.083226815025505,-6571.048335554022
10.48268828349967,9.30983231414098,0.7301054681039595,50.083226815025505,-6571.048335554022
10.48268828349967,9.30983231414098,0.7301054681039595,50.083226815025505,-6571.048335554022
10.214458053577122,8.35981633629879,0.8686929304004232,50.57408712979676,-6570.72370655087
10.214458053577122,8.35981633629879,0.8686929304004232,50.57408712979676,-6570.72370655087
10.214458053577122,8.35981633629879,0.8686929304004232,50.57408712979676,-6570.72370655087
10.214458053577122,8.35981633629879,0.8686929304004232,50.57408712979676,-6570.72370655087
9.527164793309257,8.380679166955495,0.7743298908811487,50.63484633866455,-6571.29508558021
9.527164793309257,8.380679166955495,0.7743298908811487,50.63484633866455,-6571.29508558021
9.527164793309257,8.380679166955495,0.7743298908811487,50.63484633866455,-6571.29508558021
9.596793065017705,7.34376526844417,1.1245918884195205,49.99779474317901,-6573.298753003619
9.501044331707549,9.065469708464057,1.0773505574185283,49.90226822411119,-6573.493847006944
9.501044331707549,9.065469708464057,1.0773505574185283,49.90226822411119,-6573.493847006944
9.244556795712176,10.254533855045766,0.9249616651502728,50.278585819741885,-6571.929336997988
9.244556795712176,10.254533855045766,0.9249616651502728,50.278585819741885,-6571.929336997988
9.244556795712176,10.254533855045766,0.9249616651502728,50.278585819741885,-6571.929336997988
9.244556795712176,10.254533855045766,0.9249616651502728,50.278585819741885,-6571.929336997988
9.244556795712176,10.254533855045766,0.9249616651502728,50.278585819741885,-6571.929336997988
9.244556795712176,10.254533855045766,0.9249616651502728,50.278585819741885,-6571.929336997988
9.244556795712176,10.254533855045766,0.9249616651502728,50.278585819741885,-6571.929336997988
9.244556795712176,10.254533855045766,0.9249616651502728,50.278585819741885,-6571.929336997988
9.244556795712176,10.254533855045766,0.9249616651502728,50.278585819741885,-6571.929336997988
9.244556795712176,10.254533855045766,0.9249616651502728,50.278585819741885,-6571.929336997988
9.244556795712176,10.254533855045766,0.9249616651502728,50.278585819741885,-6571.929336997988
8.652267037161433,11.063860154754106,0.7369119645832223,49.88547246532444,-6572.211962951686
8.652267037161433,11.063860154754106,0.7369119645832223,49.88547246532444,-6572.211962951686
8.652267037161433,11.063860154754106,0.7369119645832223,49.88547246532444,-6572.211962951686
8.652267037161433,11.063860154754106,0.7369119645832223,49.88547246532444,-6572.211962951686
8.669069821455217,10.267553252315956,0.8562977939383691,50.10609770256468,-6572.009090395075
9.158941313180211,8.28713632675515,1.011347804967583,50.32132010776633,-6572.3380654728735
9.84722166509777,7.028178052139392,1.0725264967410457,50.46424162434289,-6572.451511582269
10.236813965562037,7.319553613231917,0.95941601238896,50.76627960731047,-6571.40970988216
10.236813965562037,7.319553613231917,0.95941601238896,50.76627960731047,-6571.40970988216
10.236813965562037,7.319553613231917,0.95941601238896,50.76627960731047,-6571.40970988216
10.236813965562037,7.319553613231917,0.95941601238896,50.76627960731047,-6571.40970988216
10.236813965562037,7.319553613231917,0.95941601238896,50.76627960731047,-6571.40970988216
10.236813965562037,7.319553613231917,0.95941601238896,50.76627960731047,-6571.40970988216
9.578416294280927,7.251120588216431,0.7363702829060734,50.43054499558878,-6574.062985396871
9.099634424308078,10.269421147721815,0.7074475765673007,50.30508756988762,-6571.2110702218315
9.099634424308078,10.269421147721815,0.7074475765673007,50.30508756988762,-6571.2110702218315
9.099634424308078,10.269421147721815,0.7074475765673007,50.30508756988762,-6571.2110702218315
9.099634424308078,10.269421147721815,0.7074475765673007,50.30508756988762,-6571.2110702218315
9.099634424308078,10.269421147721815,0.7074475765673007,50.30508756988762,-6571.2110702218315
9.483686268895717,10.703001538812405,0.6753015611807008,50.600834153398715,-6570.8974572810985
9.483686268895717,10.703001538812405,0.6753015611807008,50.600834153398715,-6570.8974572810985
9.483686268895717,10.703001538812405,0.6753015611807008,50.600834153398715,-6570.8974572810985
9.483686268895717,10.703001538812405,0.6753015611807008,50.600834153398715,-6570.8974572810985
9.483686268895717,10.703001538812405,0.6753015611807008,50.600834153398715,-6570.8974572810985
9.483686268895717,10.703001538812405,0.6753015611807008,50.600834153398715,-6570.8974572810985
10.645061692230334,8.923529721718802,0.7440138585744094,50.84304154588925,-6571.213923890733
10.645061692230334,8.923529721718802,0.7440138585744094,50.84304154588925,-6571.213923890733
10.645061692230334,8.923529721718802,0.7440138585744094,50.84304154588925,-6571.213923890733
10.645061692230334,8.923529721718802,0.7440138585744094,50.84304154588925,-6571.213923890733
10.24300887369705,8.707224327064065,0.7509312039651231,51.22383191261144,-6571.245763261531
10.24300887369705,8.707224327064065,0.7509312039651231,51.22383191261144,-6571.245763261531
10.24300887369705,8.707224327064065,0.7509312039651231,51.22383191261144,-6571.245763261531
10.24300887369705,8.707224327064065,0.7509312039651231,51.22383191261144,-6571.245763261531
10.152178059921532,9.147316736483784,0.6427573773597028,51.50875623520798,-6572.464671547571
10.50921197226662,10.055354148721923,0.6916364078975892,51.441834833838904,-6573.167203621955
10.50921197226662,10.055354148721923,0.6916364078975892,51.441834833838904,-6573.167203621955
10.50921197226662,10.055354148721923,0.6916364078975892,51.441834833838904,-6573.167203621955
10.50921197226662,10.055354148721923,0.6916364078975892,51.441834833838904,-6573.167203621955
11.42751024069319,7.500091257877026,0.6133710757394548,49.90276175018505,-6572.247284043041
12.283604480338884,6.748284250379608,0.5907034028440096,50.23955453135556,-6573.744107514352
11.953903446424478,8.132024873493796,0.6314674326317474,50.357021308733245,-6573.831342504849
10.561482867844251,8.299621659431956,0.7233712559174761,49.51987368432471,-6571.496817263626
10.027804963962783,7.938997953573824,0.8812699558358323,49.989591331010566,-6570.68967365626
10.027804963962783,7.938997953573824,0.8812699558358323,49.989591331010566,-6570.68967365626
10.027804963962783,7.938997953573824,0.8812699558358323,49.989591331010566,-6570.68967365626
9.805364491694794,8.133647580984722,0.9149930650184215,50.22567408844102,-6570.793121772722
9.805364491694794,8.133647580984722,0.9149930650184215,50.22567408844102,-6570.793121772722
9.805364491694794,8.133647580984722,0.9149930650184215,50.22567408844102,-6570.793121772722
9.805364491694794,8.133647580984722,0.9149930650184215,50.22567408844102,-6570.793121772722
9.805364491694794,8.133647580984722,0.9149930650184215,50.22567408844102,-6570.793121772722
9.805364491694794,8.133647580984722,0.9149930650184215,50.22567408844102,-6570.793121772722
9.805364491694794,8.133647580984722,0.9149930650184215,50.22567408844102,-6570.793121772722
9.805364491694794,8.133647580984722,0.9149930650184215,50.22567408844102,-6570.793121772722
9.805364491694794,8.133647580984722,0.9149930650184215,50.22567408844102,-6570.793121772722
9.805364491694794,8.133647580984722,0.9149930650184215,50.22567408844102,-6570.793121772722
9.805364491694794,8.133647580984722,0.9149930650184215,50.22567408844102,-6570.793121772722
9.780585938965464,9.513816716498727,0.8400329028049008,49.85063006667888,-6571.096127739637
9.780585938965464,9.513816716498727,0.8400329028049008,49.85063006667888,-6571.096127739637
9.780585938965464,9.513816716498727,0.8400329028049008,49.85063006667888,-6571.096127739637
9.780585938965464,9.513816716498727,0.8400329028049008,49.85063006667888,-6571.096127739637
9.780585938965464,9.513816716498727,0.8400329028049008,49.85063006667888,-6571.096127739637
9.780585938965464,9.513816716498727,0.8400329028049008,49.85063006667888,-6571.096127739637
9.860988337724406,10.523950143423905,0.7746850734985048,50.11695045803395,-6571.522509571894
9.860988337724406,10.523950143423905,0.7746850734985048,50.11695045803395,-6571.522509571894
9.442204404128004,9.851743387928865,0.8303415195484729,49.9606801060415,-6570.9241326796455
10.215806433911684,8.766972717098536,0.8859214087732495,50.05452540255203,-6571.334537195615
10.215806433911684,8.766972717098536,0.8859214087732495,50.05452540255203,-6571.334537195615
10.215806433911684,8.766972717098536,0.8859214087732495,50.05452540255203,-6571.334537195615
9.730922822877362,8.449607448168907,0.8966767305600262,50.17915614052957,-6570.71750233561
9.730922822877362,8.449607448168907,0.8966767305600262,50.17915614052957,-6570.71750233561
9.730922822877362,8.449607448168907,0.8966767305600262,50.17915614052957,-6570.71750233561
9.730922822877362,8.449607448168907,0.8966767305600262,50.17915614052957,-6570.71750233561
10.317749505412925,7.369072090603391,0.9132678145898361,50.42579827685295,-6570.763340308369
10.317749505412925,7.369072090603391,0.9132678145898361,50.42579827685295,-6570.763340308369
10.317749505412925,7.369072090603391,0.9132678145898361,50.42579827685295,-6570.763340308369
10.317749505412925,7.369072090603391,0.9132678145898361,50.42579827685295,-6570.763340308369
9.919708285698423,9.57333008966334,0.7565909795607365,50.16959525929791,-6570.428568926328
9.919708285698423,9.57333008966334,0.7565909795607365,50.16959525929791,-6570.428568926328
9.919708285698423,9.57333008966334,0.7565909795607365,50.16959525929791,-6570.428568926328
9.919708285698423,9.57333008966334,0.7565909795607365,50.16959525929791,-6570.428568926328
9.919708285698423,9.57333008966334,0.7565909795607365,50.16959525929791,-6570.428568926328
10.75018482596273,6.523342883739899,0.7471863691734072,50.09561904139912,-6571.227977181208
10.75018482596273,6.523342883739899,0.7471863691734072,50.09561904139912,-6571.227977181208
10.75018482596273,6.523342883739899,0.7471863691734072,50.09561904139912,-6571.227977181208
10.75018482596273,6.523342883739899,0.7471863691734072,50.09561904139912,-6571.227977181208
9.793928984301402,8.497861425247654,0.8555354098977909,50.57486198300059,-6570.523620462248
9.793928984301402,8.497861425247654,0.8555354098977909,50.57486198300059,-6570.523620462248
9.793928984301402,8.497861425247654,0.8555354098977909,50.57486198300059,-6570.523620462248
9.793928984301402,8.497861425247654,0.8555354098977909,50.57486198300059,-6570.523620462248
9.793928984301402,8.497861425247654,0.8555354098977909,50.57486198300059,-6570.523620462248
9.735223407193123,7.592562926794312,0.905272547055304,50.73986428769893,-6571.352054468108
9.735223407193123,7.592562926794312,0.905272547055304,50.73986428769893,-6571.352054468108
10.686835886831457,7.354385685365771,0.837993673751437,50.38046639212654,-6570.526881331438
10.686835886831457,7.354385685365771,0.837993673751437,50.38046639212654,-6570.526881331438
10.686835886831457,7.354385685365771,0.837993673751437,50.38046639212654,-6570.526881331438
10.686835886831457,7.354385685365771,0.837993673751437,50.38046639212654,-6570.526881331438
10.686835886831457,7.354385685365771,0.837993673751437,50.38046639212654,-6570.526881331438
10.686835886831457,7.354385685365771,0.837993673751437,50.38046639212654,-6570.526881331438
10.686835886831457,7.354385685365771,0.837993673751437,50.38046639212654,-6570.526881331438
10.686835886831457,7.354385685365771,0.837993673751437,50.38046639212654,-6570.526881331438
10.686835886831457,7.354385685365771,0.837993673751437,50.38046639212654,-6570.526881331438
10.686835886831457,7.354385685365771,0.837993673751437,50.38046639212654,-6570.526881331438
10.686835886831457,7.354385685365771,0.837993673751437,50.38046639212654,-6570.526881331438
10.686835886831457,7.354385685365771,0.837993673751437,50.38046639212654,-6570.526881331438
10.686835886831457,7.354385685365771,0.837993673751437,50.38046639212654,-6570.526881331438
10.686835886831457,7.354385685365771,0.837993673751437,50.38046639212654,-6570.526881331438
10.686835886831457,7.354385685365771,0.837993673751437,50.38046639212654,-6570.526881331438
10.686835886831457,7.354385685365771,0.837993673751437,50.38046639212654,-6570.526881331438
10.686835886831457,7.354385685365771,0.837993673751437,50.38046639212654,-6570.526881331438
10.686835886831457,7.354385685365771,0.837993673751437,50.38046639212654,-6570.526881331438
10.686835886831457,7.354385685365771,0.837993673751437,50.38046639212654,-6570.526881331438
10.686835886831457,7.354385685365771,0.837993673751437,50.38046639212654,-6570.526881331438
10.686835886831457,7.354385685365771,0.837993673751437,50.38046639212654,-6570.526881331438
10.522891107411288,8.547040643613382,0.7638192185301589,50.07386357498674,-6570.615474869766
10.378712311883758,10.172818441754115,0.7258882761237891,50.5478468914871,-6571.822903162883
10.404594199519982,8.661235758067491,0.622881484901352,50.18863156873678,-6570.957206705314
10.404594199519982,8.661235758067491,0.622881484901352,50.18863156873678,-6570.957206705314
10.647041464770941,7.698386626111766,0.7795502512470138,49.46506075988055,-6571.625794295657
10.647041464770941,7.698386626111766,0.7795502512470138,49.46506075988055,-6571.625794295657
9.528874181915777,8.110194501640105,0.9012542625245733,49.96839398954297,-6571.263128987305
9.528874181915777,8.110194501640105,0.9012542625245733,49.96839398954297,-6571.263128987305
9.528874181915777,8.110194501640105,0.9012542625245733,49.96839398954297,-6571.263128987305
9.528874181915777,8.110194501640105,0.9012542625245733,49.96839398954297,-6571.263128987305
9.528874181915777,8.110194501640105,0.9012542625245733,49.96839398954297,-6571.263128987305
10.061871233162217,7.543198711696158,0.8721353420421281,49.485856201496716,-6571.706278077488
10.061871233162217,7.543198711696158,0.8721353420421281,49.485856201496716,-6571.706278077488
10.061871233162217,7.543198711696158,0.8721353420421281,49.485856201496716,-6571.706278077488
10.061871233162217,7.543198711696158,0.8721353420421281,49.485856201496716,-6571.706278077488
10.061871233162217,7.543198711696158,0.8721353420421281,49.485856201496716,-6571.706278077488
10.061871233162217,7.543198711696158,0.8721353420421281,49.485856201496716,-6571.706278077488
10.061871233162217,7.543198711696158,0.8721353420421281,49.485856201496716,-6571.706278077488
10.061871233162217,7.543198711696158,0.8721353420421281,49.485856201496716,-6571.706278077488
10.061871233162217,7.543198711696158,0.8721353420421281,49.485856201496716,-6571.706278077488
10.063671647752038,6.376317776525919,0.9797224335756055,49.57607147529641,-6572.800967669264
10.063671647752038,6.376317776525919,0.9797224335756055,49.57607147529641,-6572.800967669264
10.063671647752038,6.376317776525919,0.9797224335756055,49.57607147529641,-6572.800967669264
10.751310996385545,4.5859036645079785,1.0054689640436678,50.82159191258146,-6573.670158355895
10.751310996385545,4.5859036645079785,1.0054689640436678,50.82159191258146,-6573.670158355895
10.751310996385545,4.5859036645079785,1.0054689640436678,50.82159191258146,-6573.670158355895
10.751310996385545,4.5859036645079785,1.0054689640436678,50.82159191258146,-6573.670158355895
10.609934326395582,7.287451528970747,1.0042521609523976,51.291072909188166,-6573.560577935192
10.609934326395582,7.287451528970747,1.0042521609523976,51.291072909188166,-6573.560577935192
10.609934326395582,7.287451528970747,1.0042521609523976,51.291072909188166,-6573.560577935192
10.609934326395582,7.287451528970747,1.0042521609523976,51.291072909188166,-6573.560577935192
10.15418997882811,7.0339201314826605,1.0328082500512619,51.43649735450551,-6573.75926294809
10.15418997882811,7.0339201314826605,1.0328082500512619,51.43649735450551,-6573.75926294809
10.15418997882811,7.0339201314826605,1.0328082500512619,51.43649735450551,-6573.75926294809
10.209363887362548,6.195517984438307,1.0614245184906048,51.13348031174845,-6573.406842296781
10.209363887362548,6.195517984438307,1.0614245184906048,51.13348031174845,-6573.406842296781
10.209363887362548,6.195517984438307,1.0614245184906048,51.13348031174845,-6573.406842296781
10.209363887362548,6.195517984438307,1.0614245184906048,51.13348031174845,-6573.406842296781
10.209363887362548,6.195517984438307,1.0614245184906048,51.13348031174845,-6573.406842296781
10.209363887362548,6.195517984438307,1.0614245184906048,51.13348031174845,-6573.406842296781
10.209363887362548,6.195517984438307,1.0614245184906048,51.13348031174845,-6573.406842296781
9.914177901552776,10.986494284083722,0.9341977011501177,51.7147124711092,-6577.948862181054
9.914177901552776,10.986494284083722,0.9341977011501177,51.7147124711092,-6577.948862181054
10.816425417893239,9.926075237637933,0.9014575706549616,51.482296264744726,-6577.963994624145
10.816425417893239,9.926075237637933,0.9014575706549616,51.482296264744726,-6577.963994624145
11.27590725081964,6.370002003087262,0.8417281504875026,51.387792035355965,-6572.55762641492
11.093861063683477,5.9180531911478385,0.8519291921604701,51.25097893712396,-6572.1597231776805
10.41651973904936,6.0692541522346035,0.9853821198361905,50.86322202016269,-6572.126026991863
10.41651973904936,6.0692541522346035,0.9853821198361905,50.86322202016269,-6572.126026991863
10.41651973904936,6.0692541522346035,0.9853821198361905,50.86322202016269,-6572.126026991863
10.41651973904936,6.0692541522346035,0.9853821198361905,50.86322202016269,-6572.126026991863
10.41651973904936,6.0692541522346035,0.9853821198361905,50.86322202016269,-6572.126026991863
10.41651973904936,6.0692541522346035,0.9853821198361905,50.86322202016269,-6572.126026991863
10.41651973904936,6.0692541522346035,0.9853821198361905,50.86322202016269,-6572.126026991863
10.41651973904936,6.0692541522346035,0.9853821198361905,50.86322202016269,-6572.126026991863
10.41651973904936,6.0692541522346035,0.9853821198361905,50.86322202016269,-6572.126026991863
10.532249194324502,6.883666189863955,0.9306375109868611,50.148445850116275,-6571.05525928333
10.532249194324502,6.883666189863955,0.9306375109868611,50.148445850116275,-6571.05525928333
10.532249194324502,6.883666189863955,0.9306375109868611,50.148445850116275,-6571.05525928333
10.532249194324502,6.883666189863955,0.9306375109868611,50.148445850116275,-6571.05525928333
10.532249194324502,6.883666189863955,0.9306375109868611,50.148445850116275,-6571.05525928333
10.532249194324502,6.883666189863955,0.9306375109868611,50.148445850116275,-6571.05525928333
10.532249194324502,6.883666189863955,0.9306375109868611,50.148445850116275,-6571.05525928333
10.532249194324502,6.883666189863955,0.9306375109868611,50.148445850116275,-6571.05525928333
10.532249194324502,6.883666189863955,0.9306375109868611,50.148445850116275,-6571.05525928333
11.307267342435644,7.3772672776040515,0.8004420945728392,50.12952093809852,-6571.756862423621
11.307267342435644,7.3772672776040515,0.8004420945728392,50.12952093809852,-6571.756862423621
11.307267342435644,7.3772672776040515,0.8004420945728392,50.12952093809852,-6571.756862423621
11.307267342435644,7.3772672776040515,0.8004420945728392,50.12952093809852,-6571.756862423621
11.307267342435644,7.3772672776040515,0.8004420945728392,50.12952093809852,-6571.756862423621
11.307267342435644,7.3772672776040515,0.8004420945728392,50.12952093809852,-6571.756862423621
11.307267342435644,7.3772672776040515,0.8004420945728392,50.12952093809852,-6571.756862423621
10.531581464972094,8.25730072408404,0.6457291720641818,50.66648737625919,-6570.792461045648
10.531581464972094,8.25730072408404,0.6457291720641818,50.66648737625919,-6570.792461045648
10.531581464972094,8.25730072408404,0.6457291720641818,50.66648737625919,-6570.792461045648
10.531581464972094,8.25730072408404,0.6457291720641818,50.66648737625919,-6570.792461045648
10.531581464972094,8.25730072408404,0.6457291720641818,50.66648737625919,-6570.792461045648
10.531581464972094,8.25730072408404,0.6457291720641818,50.66648737625919,-6570.792461045648
10.531581464972094,8.25730072408404,0.6457291720641818,50.66648737625919,-6570.792461045648
10.531581464972094,8.25730072408404,0.6457291720641818,50.66648737625919,-6570.792461045648
10.531581464972094,8.25730072408404,0.6457291720641818,50.66648737625919,-6570.792461045648
9.65836320620234,6.893996298970908,0.8661634766328676,49.537174642670685,-6573.650430919151
9.65836320620234,6.893996298970908,0.8661634766328676,49.537174642670685,-6573.650430919151
9.65836320620234,6.893996298970908,0.8661634766328676,49.537174642670685,-6573.650430919151
10.129907826251987,7.140483383378222,0.7857191316859744,49.97519295938487,-6571.3293879403245
10.129907826251987,7.140483383378222,0.7857191316859744,49.97519295938487,-6571.3293879403245
10.129907826251987,7.140483383378222,0.7857191316859744,49.97519295938487,-6571.3293879403245
10.129907826251987,7.140483383378222,0.7857191316859744,49.97519295938487,-6571.3293879403245
10.286255889450098,9.995752612645216,0.7182129316388547,49.85174211040344,-6571.637878799554
10.286255889450098,9.995752612645216,0.7182129316388547,49.85174211040344,-6571.637878799554
10.286255889450098,9.995752612645216,0.7182129316388547,49.85174211040344,-6571.637878799554
9.666468026979963,8.96706801960207,0.815635970318363,49.867481062598,-6570.697105901845
9.666468026979963,8.96706801960207,0.815635970318363,49.867481062598,-6570.697105901845
9.666468026979963,8.96706801960207,0.815635970318363,49.867481062598,-6570.697105901845
9.666468026979963,8.96706801960207,0.815635970318363,49.867481062598,-6570.697105901845
9.666468026979963,8.96706801960207,0.815635970318363,49.867481062598,-6570.697105901845
9.666468026979963,8.96706801960207,0.815635970318363,49.867481062598,-6570.697105901845
9.57290071851144,8.871464124943746,0.7996613931624457,49.983942454282136,-6570.676899633931
9.57290071851144,8.871464124943746,0.7996613931624457,49.983942454282136,-6570.676899633931
9.57290071851144,8.871464124943746,0.7996613931624457,49.983942454282136,-6570.676899633931
9.57290071851144,8.871464124943746,0.7996613931624457,49.983942454282136,-6570.676899633931
9.57290071851144,8.871464124943746,0.7996613931624457,49.983942454282136,-6570.676899633931
9.57290071851144,8.871464124943746,0.7996613931624457,49.983942454282136,-6570.676899633931
9.543760377225217,9.161025378928423,0.7639513356733535,50.30104654122231,-6570.484039097439
9.543760377225217,9.161025378928423,0.7639513356733535,50.30104654122231,-6570.484039097439
9.543760377225217,9.161025378928423,0.7639513356733535,50.30104654122231,-6570.484039097439
9.543760377225217,9.161025378928423,0.7639513356733535,50.30104654122231,-6570.484039097439
9.543760377225217,9.161025378928423,0.7639513356733535,50.30104654122231,-6570.484039097439
9.543760377225217,9.161025378928423,0.7639513356733535,50.30104654122231,-6570.484039097439
9.543760377225217,9.161025378928423,0.7639513356733535,50.30104654122231,-6570.484039097439
9.723061007985267,6.953743226107299,0.9277643667844679,50.68694544762069,-6572.124217412636
9.552451223268184,9.477440600168356,0.8932556221119861,50.82102650417964,-6571.45765333139
9.552451223268184,9.477440600168356,0.8932556221119861,50.82102650417964,-6571.45765333139
9.552451223268184,9.477440600168356,0.8932556221119861,50.82102650417964,-6571.45765333139
9.552451223268184,9.477440600168356,0.8932556221119861,50.82102650417964,-6571.45765333139
9.552451223268184,9.477440600168356,0.8932556221119861,50.82102650417964,-6571.45765333139
9.552451223268184,9.477440600168356,0.8932556221119861,50.82102650417964,-6571.45765333139
9.552451223268184,9.477440600168356,0.8932556221119861,50.82102650417964,-6571.45765333139
9.552451223268184,9.477440600168356,0.8932556221119861,50.82102650417964,-6571.45765333139
9.552451223268184,9.477440600168356,0.8932556221119861,50.82102650417964,-6571.45765333139
9.552451223268184,9.477440600168356,0.8932556221119861,50.82102650417964,-6571.45765333139
9.552451223268184,9.477440600168356,0.8932556221119861,50.82102650417964,-6571.45765333139
9.552451223268184,9.477440600168356,0.8932556221119861,50.82102650417964,-6571.45765333139
9.552451223268184,9.477440600168356,0.8932556221119861,50.82102650417964,-6571.45765333139
9.552451223268184,9.477440600168356,0.8932556221119861,50.82102650417964,-6571.45765333139
9.552451223268184,9.477440600168356,0.8932556221119861,50.82102650417964,-6571.45765333139
9.788012492611358,10.616919863471022,0.8057694269901142,51.27361920691293,-6573.022124400964
9.788012492611358,10.616919863471022,0.8057694269901142,51.27361920691293,-6573.022124400964
9.788012492611358,10.616919863471022,0.8057694269901142,51.27361920691293,-6573.022124400964
9.788012492611358,10.616919863471022,0.8057694269901142,51.27361920691293,-6573.022124400964
9.788012492611358,10.616919863471022,0.8057694269901142,51.27361920691293,-6573.022124400964
9.788012492611358,10.616919863471022,0.8057694269901142,51.27361920691293,-6573.022124400964
9.788012492611358,10.616919863471022,0.8057694269901142,51.27361920691293,-6573.022124400964
9.788012492611358,10.616919863471022,0.8057694269901142,51.27361920691293,-6573.022124400964
9.788012492611358,10.616919863471022,0.8057694269901142,51.27361920691293,-6573.022124400964
9.788012492611358,10.616919863471022,0.8057694269901142,51.27361920691293,-6573.022124400964
9.788012492611358,10.616919863471022,0.8057694269901142,51.27361920691293,-6573.022124400964
9.788012492611358,10.616919863471022,0.8057694269901142,51.27361920691293,-6573.022124400964
9.788012492611358,10.616919863471022,0.8057694269901142,51.27361920691293,-6573.022124400964
9.788012492611358,10.616919863471022,0.8057694269901142,51.27361920691293,-6573.022124400964
9.788012492611358,10.616919863471022,0.8057694269901142,51.27361920691293,-6573.022124400964
9.788012492611358,10.616919863471022,0.8057694269901142,51.27361920691293,-6573.022124400964
9.788012492611358,10.616919863471022,0.8057694269901142,51.27361920691293,-6573.022124400964
9.788012492611358,10.616919863471022,0.8057694269901142,51.27361920691293,-6573.022124400964
9.788012492611358,10.616919863471022,0.8057694269901142,51.27361920691293,-6573.022124400964
9.788012492611358,10.616919863471022,0.8057694269901142,51.27361920691293,-6573.022124400964
9.284596907229558,12.371410279401067,0.7117451741324756,49.97881382663142,-6572.786831214329
9.284596907229558,12.371410279401067,0.7117451741324756,49.97881382663142,-6572.786831214329
9.996435367543484,10.409063376140299,0.61456912419088,49.67345177272628,-6571.881559401358
9.996435367543484,10.409063376140299,0.61456912419088,49.67345177272628,-6571.881559401358
9.996435367543484,10.409063376140299,0.61456912419088,49.67345177272628,-6571.881559401358
9.010559361939622,10.45931323250877,0.8842971845966612,50.063398709824476,-6571.6735908238215
9.010559361939622,10.45931323250877,0.8842971845966612,50.063398709824476,-6571.6735908238215
9.010559361939622,10.45931323250877,0.8842971845966612,50.063398709824476,-6571.6735908238215
9.010559361939622,10.45931323250877,0.8842971845966612,50.063398709824476,-6571.6735908238215
9.010559361939622,10.45931323250877,0.8842971845966612,50.063398709824476,-6571.6735908238215
9.010559361939622,10.45931323250877,0.8842971845966612,50.063398709824476,-6571.6735908238215
9.010559361939622,10.45931323250877,0.8842971845966612,50.063398709824476,-6571.6735908238215
9.652466914123464,9.828594504504604,0.7449177121343437,50.90097413745107,-6570.847912088173
9.652466914123464,9.828594504504604,0.7449177121343437,50.90097413745107,-6570.847912088173
9.652466914123464,9.828594504504604,0.7449177121343437,50.90097413745107,-6570.847912088173
9.652466914123464,9.828594504504604,0.7449177121343437,50.90097413745107,-6570.847912088173
9.652466914123464,9.828594504504604,0.7449177121343437,50.90097413745107,-6570.847912088173
9.652466914123464,9.828594504504604,0.7449177121343437,50.90097413745107,-6570.847912088173
10.260399712153733,8.681536110183483,0.7371390585782899,50.39594832877195,-6570.165050453433
10.260399712153733,8.681536110183483,0.7371390585782899,50.39594832877195,-6570.165050453433
10.260399712153733,8.681536110183483,0.7371390585782899,50.39594832877195,-6570.165050453433
10.260399712153733,8.681536110183483,0.7371390585782899,50.39594832877195,-6570.165050453433
10.260399712153733,8.681536110183483,0.7371390585782899,50.39594832877195,-6570.165050453433
10.260399712153733,8.681536110183483,0.7371390585782899,50.39594832877195,-6570.165050453433
10.260399712153733,8.681536110183483,0.7371390585782899,50.39594832877195,-6570.165050453433
10.260399712153733,8.681536110183483,0.7371390585782899,50.39594832877195,-6570.165050453433
10.260399712153733,8.681536110183483,0.7371390585782899,50.39594832877195,-6570.165050453433
10.260399712153733,8.681536110183483,0.7371390585782899,50.39594832877195,-6570.165050453433
10.413149280005168,7.603024637512713,0.6472938327903998,50.56904064339259,-6571.568712249452
9.649648753122182,8.068935701345485,0.7097984008687748,50.93482188046796,-6572.614566639471
10.994931060976668,8.408443497290763,0.7187386870481609,50.959033908821596,-6571.52864235307
10.994931060976668,8.408443497290763,0.7187386870481609,50.959033908821596,-6571.52864235307
10.627681421467148,6.455597292155968,0.7988399962840946,50.73854320523288,-6571.116973735812
10.627681421467148,6.455597292155968,0.7988399962840946,50.73854320523288,-6571.116973735812
10.627681421467148,6.455597292155968,0.7988399962840946,50.73854320523288,-6571.116973735812
10.627681421467148,6.455597292155968,0.7988399962840946,50.73854320523288,-6571.116973735812
10.627681421467148,6.455597292155968,0.7988399962840946,50.73854320523288,-6571.116973735812
10.627681421467148,6.455597292155968,0.7988399962840946,50.73854320523288,-6571.116973735812
10.627681421467148,6.455597292155968,0.7988399962840946,50.73854320523288,-6571.116973735812
10.627681421467148,6.455597292155968,0.7988399962840946,50.73854320523288,-6571.116973735812
10.312397383975393,8.462715501697414,0.712771598550521,50.58491989351047,-6570.262344032307
10.312397383975393,8.462715501697414,0.712771598550521,50.58491989351047,-6570.262344032307
10.312397383975393,8.462715501697414,0.712771598550521,50.58491989351047,-6570.262344032307
10.312397383975393,8.462715501697414,0.712771598550521,50.58491989351047,-6570.262344032307
10.312397383975393,8.462715501697414,0.712771598550521,50.58491989351047,-6570.262344032307
10.312397383975393,8.462715501697414,0.712771598550521,50.58491989351047,-6570.262344032307
10.312397383975393,8.462715501697414,0.712771598550521,50.58491989351047,-6570.262344032307
10.012868713014425,9.010582910948306,0.8139566244828015,50.617170504774606,-6570.506114183721
10.012868713014425,9.010582910948306,0.8139566244828015,50.617170504774606,-6570.506114183721
10.012868713014425,9.010582910948306,0.8139566244828015,50.617170504774606,-6570.506114183721
10.012868713014425,9.010582910948306,0.8139566244828015,50.617170504774606,-6570.506114183721
9.687471317737561,8.564390619228112,0.7791419137690746,50.48252797713342,-6570.543933731555
9.687471317737561,8.564390619228112,0.7791419137690746,50.48252797713342,-6570.543933731555
10.131236366053857,6.995228041743353,0.7561605145104916,49.83575680677774,-6572.151212313072
10.131236366053857,6.995228041743353,0.7561605145104916,49.83575680677774,-6572.151212313072
10.131236366053857,6.995228041743353,0.7561605145104916,49.83575680677774,-6572.151212313072
10.131236366053857,6.995228041743353,0.7561605145104916,49.83575680677774,-6572.151212313072
10.131236366053857,6.995228041743353,0.7561605145104916,49.83575680677774,-6572.151212313072
10.289664385194456,8.527288105770099,0.6230710311997809,49.74073817668891,-6571.836990963689
10.289664385194456,8.527288105770099,0.6230710311997809,49.74073817668891,-6571.836990963689
10.289664385194456,8.527288105770099,0.6230710311997809,49.74073817668891,-6571.836990963689
9.56521837901767,8.425251562500671,0.8043055241055959,49.87594159730823,-6571.140515323645
8.711865018695946,10.451119866366245,0.7360936529763824,50.04546425845482,-6572.219290360227
8.988478174184984,11.400840206565775,0.6087067455420658,50.502692541999366,-6572.139192502616
9.600937736698047,10.769240571369055,0.7301573589602651,50.68793939361736,-6571.130817568595
9.600937736698047,10.769240571369055,0.7301573589602651,50.68793939361736,-6571.130817568595
9.600937736698047,10.769240571369055,0.7301573589602651,50.68793939361736,-6571.130817568595
9.600937736698047,10.769240571369055,0.7301573589602651,50.68793939361736,-6571.130817568595
9.600937736698047,10.769240571369055,0.7301573589602651,50.68793939361736,-6571.130817568595
9.600937736698047,10.769240571369055,0.7301573589602651,50.68793939361736,-6571.130817568595
9.600937736698047,10.769240571369055,0.7301573589602651,50.68793939361736,-6571.130817568595
9.600937736698047,10.769240571369055,0.7301573589602651,50.68793939361736,-6571.130817568595
9.955482952110899,8.365887056277563,0.7599562182749574,50.50297262940573,-6570.32115625589
9.955482952110899,8.365887056277563,0.7599562182749574,50.50297262940573,-6570.32115625589
9.955482952110899,8.365887056277563,0.7599562182749574,50.50297262940573,-6570.32115625589
9.955482952110899,8.365887056277563,0.7599562182749574,50.50297262940573,-6570.32115625589
9.955482952110899,8.365887056277563,0.7599562182749574,50.50297262940573,-6570.32115625589
9.955482952110899,8.365887056277563,0.7599562182749574,50.50297262940573,-6570.32115625589
9.955482952110899,8.365887056277563,0.7599562182749574,50.50297262940573,-6570.32115625589
10.374596685254147,8.7530704455364,0.7308871437498944,50.818281700641634,-6570.532337778548
10.374596685254147,8.7530704455364,0.7308871437498944,50.818281700641634,-6570.532337778548
10.374596685254147,8.7530704455364,0.7308871437498944,50.818281700641634,-6570.532337778548
10.374596685254147,8.7530704455364,0.7308871437498944,50.818281700641634,-6570.532337778548
10.374596685254147,8.7530704455364,0.7308871437498944,50.818281700641634,-6570.532337778548
10.374596685254147,8.7530704455364,0.7308871437498944,50.818281700641634,-6570.532337778548
10.374596685254147,8.7530704455364,0.7308871437498944,50.818281700641634,-6570.532337778548
10.374596685254147,8.7530704455364,0.7308871437498944,50.818281700641634,-6570.532337778548
10.374596685254147,8.7530704455364,0.7308871437498944,50.818281700641634,-6570.532337778548
10.374596685254147,8.7530704455364,0.7308871437498944,50.818281700641634,-6570.532337778548
10.374596685254147,8.7530704455364,0.7308871437498944,50.818281700641634,-6570.532337778548
10.374596685254147,8.7530704455364,0.7308871437498944,50.818281700641634,-6570.532337778548
10.374596685254147,8.7530704455364,0.7308871437498944,50.818281700641634,-6570.532337778548
10.374596685254147,8.7530704455364,0.7308871437498944,50.818281700641634,-6570.532337778548
10.374596685254147,8.7530704455364,0.7308871437498944,50.818281700641634,-6570.532337778548
10.374596685254147,8.7530704455364,0.7308871437498944,50.818281700641634,-6570.532337778548
10.642665993859874,6.994997444977952,0.673231366994287,50.35717123018257,-6571.538802328957
10.642665993859874,6.994997444977952,0.673231366994287,50.35717123018257,-6571.538802328957
10.642665993859874,6.994997444977952,0.673231366994287,50.35717123018257,-6571.538802328957
10.642665993859874,6.994997444977952,0.673231366994287,50.35717123018257,-6571.538802328957
10.642665993859874,6.994997444977952,0.673231366994287,50.35717123018257,-6571.538802328957
10.642665993859874,6.994997444977952,0.673231366994287,50.35717123018257,-6571.538802328957
10.642665993859874,6.994997444977952,0.673231366994287,50.35717123018257,-6571.538802328957
10.642665993859874,6.994997444977952,0.673231366994287,50.35717123018257,-6571.538802328957
10.233149372544627,7.129896752048178,0.8002763587110003,50.537092644209835,-6570.791482354822
10.233149372544627,7.129896752048178,0.8002763587110003,50.537092644209835,-6570.791482354822
10.233149372544627,7.129896752048178,0.8002763587110003,50.537092644209835,-6570.791482354822
10.233149372544627,7.129896752048178,0.8002763587110003,50.537092644209835,-6570.791482354822
10.233149372544627,7.129896752048178,0.8002763587110003,50.537092644209835,-6570.791482354822
10.233149372544627,7.129896752048178,0.8002763587110003,50.537092644209835,-6570.791482354822
10.233149372544627,7.129896752048178,0.8002763587110003,50.537092644209835,-6570.791482354822
10.233149372544627,7.129896752048178,0.8002763587110003,50.537092644209835,-6570.791482354822
10.140873575291032,8.272791840737828,0.9826694074642762,49.818384308571844,-6572.25852889858
10.140873575291032,8.272791840737828,0.9826694074642762,49.818384308571844,-6572.25852889858
10.140873575291032,8.272791840737828,0.9826694074642762,49.818384308571844,-6572.25852889858
10.894592428289496,7.891792730799543,0.8298557601408753,49.99182554701976,-6571.488311108411
10.894592428289496,7.891792730799543,0.8298557601408753,49.99182554701976,-6571.488311108411
10.894592428289496,7.891792730799543,0.8298557601408753,49.99182554701976,-6571.488311108411
10.894592428289496,7.891792730799543,0.8298557601408753,49.99182554701976,-6571.488311108411
11.004382386555797,7.345584148529423,0.7708098554043337,50.89303807869613,-6570.977279148248
10.706046054354553,6.602404703057971,0.7651474255309672,50.76114674585978,-6571.058533009058
10.706046054354553,6.602404703057971,0.7651474255309672,50.76114674585978,-6571.058533009058
10.706046054354553,6.602404703057971,0.7651474255309672,50.76114674585978,-6571.058533009058
10.57100580588553,6.010474835946424,0.828662535502118,50.78756595077764,-6571.776099544197
10.57100580588553,6.010474835946424,0.828662535502118,50.78756595077764,-6571.776099544197
10.57100580588553,6.010474835946424,0.828662535502118,50.78756595077764,-6571.776099544197
10.57100580588553,6.010474835946424,0.828662535502118,50.78756595077764,-6571.776099544197
10.57100580588553,6.010474835946424,0.828662535502118,50.78756595077764,-6571.776099544197
10.57100580588553,6.010474835946424,0.828662535502118,50.78756595077764,-6571.776099544197
10.57100580588553,6.010474835946424,0.828662535502118,50.78756595077764,-6571.776099544197
10.57100580588553,6.010474835946424,0.828662535502118,50.78756595077764,-6571.776099544197
10.500640968938335,6.209761962417618,0.8628657199121423,50.30965687711881,-6571.209979279901
10.500640968938335,6.209761962417618,0.8628657199121423,50.30965687711881,-6571.209979279901
10.500640968938335,6.209761962417618,0.8628657199121423,50.30965687711881,-6571.209979279901
10.500640968938335,6.209761962417618,0.8628657199121423,50.30965687711881,-6571.209979279901
10.500640968938335,6.209761962417618,0.8628657199121423,50.30965687711881,-6571.209979279901
10.500640968938335,6.209761962417618,0.8628657199121423,50.30965687711881,-6571.209979279901
10.500640968938335,6.209761962417618,0.8628657199121423,50.30965687711881,-6571.209979279901
10.500640968938335,6.209761962417618,0.8628657199121423,50.30965687711881,-6571.209979279901
10.500640968938335,6.209761962417618,0.8628657199121423,50.30965687711881,-6571.209979279901
9.947434472745602,8.483442741624291,0.8476224836186816,50.86289764784723,-6570.77680402057
10.253534595363133,9.127322519149843,0.7045242824083477,50.49255768104516,-6570.31714425905
10.253534595363133,9.127322519149843,0.7045242824083477,50.49255768104516,-6570.31714425905
10.253534595363133,9.127322519149843,0.7045242824083477,50.49255768104516,-6570.31714425905
10.253534595363133,9.127322519149843,0.7045242824083477,50.49255768104516,-6570.31714425905
10.253534595363133,9.127322519149843,0.7045242824083477,50.49255768104516,-6570.31714425905
10.253534595363133,9.127322519149843,0.7045242824083477,50.49255768104516,-6570.31714425905
10.253534595363133,9.127322519149843,0.7045242824083477,50.49255768104516,-6570.31714425905
10.253534595363133,9.127322519149843,0.7045242824083477,50.49255768104516,-6570.31714425905
10.253534595363133,9.127322519149843,0.7045242824083477,50.49255768104516,-6570.31714425905
10.253534595363133,9.127322519149843,0.7045242824083477,50.49255768104516,-6570.31714425905
10.253534595363133,9.127322519149843,0.7045242824083477,50.49255768104516,-6570.31714425905
10.253534595363133,9.127322519149843,0.7045242824083477,50.49255768104516,-6570.31714425905
10.253534595363133,9.127322519149843,0.7045242824083477,50.49255768104516,-6570.31714425905
10.106341317953623,10.850983903073011,0.7504814191439575,50.946389911519375,-6572.8601326237085
10.106341317953623,10.850983903073011,0.7504814191439575,50.946389911519375,-6572.8601326237085
10.106341317953623,10.850983903073011,0.7504814191439575,50.946389911519375,-6572.8601326237085
10.106341317953623,10.850983903073011,0.7504814191439575,50.946389911519375,-6572.8601326237085
10.106341317953623,10.850983903073011,0.7504814191439575,50.946389911519375,-6572.8601326237085
10.106341317953623,10.850983903073011,0.7504814191439575,50.946389911519375,-6572.8601326237085
9.643541685541246,10.410179793942072,0.7900436659077895,50.57610794996052,-6571.12230425219
9.643541685541246,10.410179793942072,0.7900436659077895,50.57610794996052,-6571.12230425219
9.643541685541246,10.410179793942072,0.7900436659077895,50.57610794996052,-6571.12230425219
9.643541685541246,10.410179793942072,0.7900436659077895,50.57610794996052,-6571.12230425219
9.643541685541246,10.410179793942072,0.7900436659077895,50.57610794996052,-6571.12230425219
9.643541685541246,10.410179793942072,0.7900436659077895,50.57610794996052,-6571.12230425219
9.643541685541246,10.410179793942072,0.7900436659077895,50.57610794996052,-6571.12230425219
9.643541685541246,10.410179793942072,0.7900436659077895,50.57610794996052,-6571.12230425219
9.643541685541246,10.410179793942072,0.7900436659077895,50.57610794996052,-6571.12230425219
9.97458329716885,9.817626547861021,0.7448388342775433,49.74777131962061,-6571.148413258789
9.97458329716885,9.817626547861021,0.7448388342775433,49.74777131962061,-6571.148413258789
9.97458329716885,9.817626547861021,0.7448388342775433,49.74777131962061,-6571.148413258789
9.97458329716885,9.817626547861021,0.7448388342775433,49.74777131962061,-6571.148413258789
9.97458329716885,9.817626547861021,0.7448388342775433,49.74777131962061,-6571.148413258789
9.97458329716885,9.817626547861021,0.7448388342775433,49.74777131962061,-6571.148413258789
9.97458329716885,9.817626547861021,0.7448388342775433,49.74777131962061,-6571.148413258789
10.014469210933385,7.258086126012226,0.8448140414702998,50.04770956673674,-6571.006772069333
10.014469210933385,7.258086126012226,0.8448140414702998,50.04770956673674,-6571.006772069333
10.014469210933385,7.258086126012226,0.8448140414702998,50.04770956673674,-6571.006772069333
10.014469210933385,7.258086126012226,0.8448140414702998,50.04770956673674,-6571.006772069333
10.014469210933385,7.258086126012226,0.8448140414702998,50.04770956673674,-6571.006772069333
10.014469210933385,7.258086126012226,0.8448140414702998,50.04770956673674,-6571.006772069333
10.014469210933385,7.258086126012226,0.8448140414702998,50.04770956673674,-6571.006772069333
10.014469210933385,7.258086126012226,0.8448140414702998,50.04770956673674,-6571.006772069333
10.014469210933385,7.258086126012226,0.8448140414702998,50.04770956673674,-6571.006772069333
10.014469210933385,7.258086126012226,0.8448140414702998,50.04770956673674,-6571.006772069333
10.014469210933385,7.258086126012226,0.8448140414702998,50.04770956673674,-6571.006772069333
10.014469210933385,7.258086126012226,0.8448140414702998,50.04770956673674,-6571.006772069333
10.014469210933385,7.258086126012226,0.8448140414702998,50.04770956673674,-6571.006772069333
10.014469210933385,7.258086126012226,0.8448140414702998,50.04770956673674,-6571.006772069333
10.014469210933385,7.258086126012226,0.8448140414702998,50.04770956673674,-6571.006772069333
10.014469210933385,7.258086126012226,0.8448140414702998,50.04770956673674,-6571.006772069333
9.578325712865993,8.628204935543588,0.9394279342853863,49.96745218963721,-6571.278243101992
9.578325712865993,8.628204935543588,0.9394279342853863,49.96745218963721,-6571.278243101992
9.578325712865993,8.628204935543588,0.9394279342853863,49.96745218963721,-6571.278243101992
9.578325712865993,8.628204935543588,0.9394279342853863,49.96745218963721,-6571.278243101992
9.578325712865993,8.628204935543588,0.9394279342853863,49.96745218963721,-6571.278243101992
9.656552727967277,8.367604907324463,1.018833861853624,50.361608056422824,-6571.929988477144
9.656552727967277,8.367604907324463,1.018833861853624,50.361608056422824,-6571.929988477144
9.656552727967277,8.367604907324463,1.018833861853624,50.361608056422824,-6571.929988477144
9.956203464361568,9.455221309224392,1.1006825252959724,50.24661929119862,-6575.7057275714305
9.393032944439529,6.978350351498839,0.8224290903016058,50.48298135459916,-6574.449579098793
9.393032944439529,6.978350351498839,0.8224290903016058,50.48298135459916,-6574.449579098793
9.393032944439529,6.978350351498839,0.8224290903016058,50.48298135459916,-6574.449579098793
10.902704454632413,7.211072036527005,0.8687645227898718,49.56902787484298,-6572.044093650846
10.902704454632413,7.211072036527005,0.8687645227898718,49.56902787484298,-6572.044093650846
10.902704454632413,7.211072036527005,0.8687645227898718,49.56902787484298,-6572.044093650846
10.902704454632413,7.211072036527005,0.8687645227898718,49.56902787484298,-6572.044093650846
10.902704454632413,7.211072036527005,0.8687645227898718,49.56902787484298,-6572.044093650846
11.70040233185619,5.914550813401323,0.9397943449642572,50.18209727124219,-6573.260393176498
11.70040233185619,5.914550813401323,0.9397943449642572,50.18209727124219,-6573.260393176498
11.70040233185619,5.914550813401323,0.9397943449642572,50.18209727124219,-6573.260393176498
10.646959826126288,6.748175697994405,1.0951516316630667,50.00469506114056,-6573.543563785479
10.646959826126288,6.748175697994405,1.0951516316630667,50.00469506114056,-6573.543563785479
10.646959826126288,6.748175697994405,1.0951516316630667,50.00469506114056,-6573.543563785479
10.646959826126288,6.748175697994405,1.0951516316630667,50.00469506114056,-6573.543563785479
10.646959826126288,6.748175697994405,1.0951516316630667,50.00469506114056,-6573.543563785479
10.646959826126288,6.748175697994405,1.0951516316630667,50.00469506114056,-6573.543563785479
10.646959826126288,6.748175697994405,1.0951516316630667,50.00469506114056,-6573.543563785479
10.01442053284594,8.15612109057658,1.0638202329192583,50.92728000708037,-6573.467566914307
10.01442053284594,8.15612109057658,1.0638202329192583,50.92728000708037,-6573.467566914307
10.469085545986278,9.47471575198228,0.8405284660210801,50.66780696734873,-6572.506813379505
9.063287593101348,8.861631191231874,0.921939880833117,49.77842261279413,-6572.148207758311
9.063287593101348,8.861631191231874,0.921939880833117,49.77842261279413,-6572.148207758311
10.22274682197103,8.150782234524007,0.7574012132082548,50.21030090456138,-6570.21199609611
10.22274682197103,8.150782234524007,0.7574012132082548,50.21030090456138,-6570.21199609611
10.22274682197103,8.150782234524007,0.7574012132082548,50.21030090456138,-6570.21199609611
10.22274682197103,8.150782234524007,0.7574012132082548,50.21030090456138,-6570.21199609611
10.22274682197103,8.150782234524007,0.7574012132082548,50.21030090456138,-6570.21199609611
10.831128559213427,8.793907620041306,0.8633878761888468,50.44064638081574,-6572.913770783165
10.831128559213427,8.793907620041306,0.8633878761888468,50.44064638081574,-6572.913770783165
10.831128559213427,8.793907620041306,0.8633878761888468,50.44064638081574,-6572.913770783165
10.498443188509585,5.535844551301084,1.0246387630384644,50.78201039158167,-6572.68086882765
10.498443188509585,5.535844551301084,1.0246387630384644,50.78201039158167,-6572.68086882765
10.498443188509585,5.535844551301084,1.0246387630384644,50.78201039158167,-6572.68086882765
10.498443188509585,5.535844551301084,1.0246387630384644,50.78201039158167,-6572.68086882765
10.498443188509585,5.535844551301084,1.0246387630384644,50.78201039158167,-6572.68086882765
10.498443188509585,5.535844551301084,1.0246387630384644,50.78201039158167,-6572.68086882765
10.498443188509585,5.535844551301084,1.0246387630384644,50.78201039158167,-6572.68086882765
10.498443188509585,5.535844551301084,1.0246387630384644,50.78201039158167,-6572.68086882765
10.498443188509585,5.535844551301084,1.0246387630384644,50.78201039158167,-6572.68086882765
10.498443188509585,5.535844551301084,1.0246387630384644,50.78201039158167,-6572.68086882765
9.915377159133103,8.826250419866593,0.9169791783292576,51.33914961917447,-6572.685273564502
9.312321498121053,7.254184711248872,1.0734582488488382,50.83408298825783,-6573.760689131206
9.312321498121053,7.254184711248872,1.0734582488488382,50.83408298825783,-6573.760689131206
9.312321498121053,7.254184711248872,1.0734582488488382,50.83408298825783,-6573.760689131206
9.312321498121053,7.254184711248872,1.0734582488488382,50.83408298825783,-6573.760689131206
9.312321498121053,7.254184711248872,1.0734582488488382,50.83408298825783,-6573.760689131206
9.312321498121053,7.254184711248872,1.0734582488488382,50.83408298825783,-6573.760689131206
8.692007198220978,8.942462965993238,1.0510813874793867,49.68057342447721,-6574.075576567855
8.770911194008148,9.934956646984341,0.9468401807759368,49.760022283113265,-6572.619264551433
8.770911194008148,9.934956646984341,0.9468401807759368,49.760022283113265,-6572.619264551433
9.826297347944237,7.9830238047250015,1.020388466320708,49.71369843979664,-6572.3458812800645
10.192242164261412,6.533415478589514,0.773576188081835,50.368736571572775,-6572.201457596664
11.447564174559826,6.476787709779211,0.7319570108121677,49.402261885194385,-6572.8636591002305
11.447564174559826,6.476787709779211,0.7319570108121677,49.402261885194385,-6572.8636591002305
11.447564174559826,6.476787709779211,0.7319570108121677,49.402261885194385,-6572.8636591002305
11.447564174559826,6.476787709779211,0.7319570108121677,49.402261885194385,-6572.8636591002305
11.447564174559826,6.476787709779211,0.7319570108121677,49.402261885194385,-6572.8636591002305
11.447564174559826,6.476787709779211,0.7319570108121677,49.402261885194385,-6572.8636591002305
10.752537215287983,6.665118235868205,0.7106819601669603,49.69689061282729,-6572.1314549706
10.752537215287983,6.665118235868205,0.7106819601669603,49.69689061282729,-6572.1314549706
10.752537215287983,6.665118235868205,0.7106819601669603,49.69689061282729,-6572.1314549706
10.304524216816986,6.51360810297782,0.9041399253172288,49.35719067016681,-6572.697235680076
10.754911763441704,6.394632629398946,0.81801487616181,50.037748799811965,-6571.002967951401
10.754911763441704,6.394632629398946,0.81801487616181,50.037748799811965,-6571.002967951401
10.754911763441704,6.394632629398946,0.81801487616181,50.037748799811965,-6571.002967951401
10.754911763441704,6.394632629398946,0.81801487616181,50.037748799811965,-6571.002967951401
10.754911763441704,6.394632629398946,0.81801487616181,50.037748799811965,-6571.002967951401
10.754911763441704,6.394632629398946,0.81801487616181,50.037748799811965,-6571.002967951401
10.754911763441704,6.394632629398946,0.81801487616181,50.037748799811965,-6571.002967951401
10.754911763441704,6.394632629398946,0.81801487616181,50.037748799811965,-6571.002967951401
10.53650223144136,7.303383990510686,0.8959026343391877,49.864029299276886,-6571.136863939799
10.273018953501138,7.002468903464445,0.75616744535026,49.819808574258325,-6571.740623259331
10.273018953501138,7.002468903464445,0.75616744535026,49.819808574258325,-6571.740623259331
10.273018953501138,7.002468903464445,0.75616744535026,49.819808574258325,-6571.740623259331
10.273018953501138,7.002468903464445,0.75616744535026,49.819808574258325,-6571.740623259331
10.273018953501138,7.002468903464445,0.75616744535026,49.819808574258325,-6571.740623259331
10.273018953501138,7.002468903464445,0.75616744535026,49.819808574258325,-6571.740623259331
10.273018953501138,7.002468903464445,0.75616744535026,49.819808574258325,-6571.740623259331
10.273018953501138,7.002468903464445,0.75616744535026,49.819808574258325,-6571.740623259331
10.273018953501138,7.002468903464445,0.75616744535026,49.819808574258325,-6571.740623259331
10.273018953501138,7.002468903464445,0.75616744535026,49.819808574258325,-6571.740623259331
10.273018953501138,7.002468903464445,0.75616744535026,49.819808574258325,-6571.740623259331
10.308174448101115,9.520065815855201,0.718660725826294,49.67800783101197,-6571.462154264369
10.308174448101115,9.520065815855201,0.718660725826294,49.67800783101197,-6571.462154264369
10.308174448101115,9.520065815855201,0.718660725826294,49.67800783101197,-6571.462154264369
10.308174448101115,9.520065815855201,0.718660725826294,49.67800783101197,-6571.462154264369
10.308174448101115,9.520065815855201,0.718660725826294,49.67800783101197,-6571.462154264369
10.308174448101115,9.520065815855201,0.718660725826294,49.67800783101197,-6571.462154264369
10.308174448101115,9.520065815855201,0.718660725826294,49.67800783101197,-6571.462154264369
10.308174448101115,9.520065815855201,0.718660725826294,49.67800783101197,-6571.462154264369
10.308174448101115,9.520065815855201,0.718660725826294,49.67800783101197,-6571.462154264369
10.308174448101115,9.520065815855201,0.718660725826294,49.67800783101197,-6571.462154264369
10.308174448101115,9.520065815855201,0.718660725826294,49.67800783101197,-6571.462154264369
9.453067207141022,9.303672454220411,0.7185621766029701,50.38153359740169,-6570.859893985444
9.453067207141022,9.303672454220411,0.7185621766029701,50.38153359740169,-6570.859893985444
9.453067207141022,9.303672454220411,0.7185621766029701,50.38153359740169,-6570.859893985444
9.453067207141022,9.303672454220411,0.7185621766029701,50.38153359740169,-6570.859893985444
10.689534400344124,9.752794475571235,0.5459321209101202,49.862494377818386,-6572.522502325777
10.689534400344124,9.752794475571235,0.5459321209101202,49.862494377818386,-6572.522502325777
10.689534400344124,9.752794475571235,0.5459321209101202,49.862494377818386,-6572.522502325777
10.689534400344124,9.752794475571235,0.5459321209101202,49.862494377818386,-6572.522502325777
10.689534400344124,9.752794475571235,0.5459321209101202,49.862494377818386,-6572.522502325777
12.150586794533346,9.388130962531555,0.5271430915938932,50.15813861648035,-6576.7835973115
12.150586794533346,9.388130962531555,0.5271430915938932,50.15813861648035,-6576.7835973115
10.563120602688644,7.035643107231492,0.6046142755786247,50.051430532864885,-6573.607475927629
10.563120602688644,7.035643107231492,0.6046142755786247,50.051430532864885,-6573.607475927629
10.563120602688644,7.035643107231492,0.6046142755786247,50.051430532864885,-6573.607475927629
10.563120602688644,7.035643107231492,0.6046142755786247,50.051430532864885,-6573.607475927629
10.036875983224183,6.033219528851729,0.7801935322177379,49.758159534978404,-6575.01546832872
11.197300069427433,7.59180242797365,0.8491805768000044,49.52825721416248,-6573.18660091966
11.197300069427433,7.59180242797365,0.8491805768000044,49.52825721416248,-6573.18660091966
11.197300069427433,7.59180242797365,0.8491805768000044,49.52825721416248,-6573.18660091966
10.505774308657807,5.754627034444773,0.9320649212981007,49.270946457049405,-6573.664423763334
10.469690057635253,8.124786711129278,0.8005235437424781,49.378358115785204,-6571.840708145419
10.469690057635253,8.124786711129278,0.8005235437424781,49.378358115785204,-6571.840708145419
10.469690057635253,8.124786711129278,0.8005235437424781,49.378358115785204,-6571.840708145419
10.469690057635253,8.124786711129278,0.8005235437424781,49.378358115785204,-6571.840708145419
10.156533717893046,8.625847078191496,0.8277985427043412,49.042546653059446,-6572.998226044168
10.156533717893046,8.625847078191496,0.8277985427043412,49.042546653059446,-6572.998226044168
10.156533717893046,8.625847078191496,0.8277985427043412,49.042546653059446,-6572.998226044168
10.156533717893046,8.625847078191496,0.8277985427043412,49.042546653059446,-6572.998226044168
10.156533717893046,8.625847078191496,0.8277985427043412,49.042546653059446,-6572.998226044168
10.156533717893046,8.625847078191496,0.8277985427043412,49.042546653059446,-6572.998226044168
10.156533717893046,8.625847078191496,0.8277985427043412,49.042546653059446,-6572.998226044168
10.156533717893046,8.625847078191496,0.8277985427043412,49.042546653059446,-6572.998226044168
10.156533717893046,8.625847078191496,0.8277985427043412,49.042546653059446,-6572.998226044168
10.156533717893046,8.625847078191496,0.8277985427043412,49.042546653059446,-6572.998226044168
10.156533717893046,8.625847078191496,0.8277985427043412,49.042546653059446,-6572.998226044168
10.253390418051767,9.5777346721573,0.818233188295264,48.99632107193923,-6574.213691332003
10.253390418051767,9.5777346721573,0.818233188295264,48.99632107193923,-6574.213691332003
10.253390418051767,9.5777346721573,0.818233188295264,48.99632107193923,-6574.213691332003
10.967966290580414,9.49418798837258,0.515300384762635,48.9785527337036,-6576.226180571675
10.967966290580414,9.49418798837258,0.515300384762635,48.9785527337036,-6576.226180571675
10.967966290580414,9.49418798837258,0.515300384762635,48.9785527337036,-6576.226180571675
10.967966290580414,9.49418798837258,0.515300384762635,48.9785527337036,-6576.226180571675
11.252975661535036,8.955764980019358,0.6486523889732129,48.96536636295928,-6575.5737637443945
11.252975661535036,8.955764980019358,0.6486523889732129,48.96536636295928,-6575.5737637443945
10.135455079914108,10.664194680972958,0.8496557510759446,49.33351171189904,-6575.153887207807
9.707413219407377,9.626035397060004,0.6962423313326273,49.939879833715246,-6570.725027209639
9.707413219407377,9.626035397060004,0.6962423313326273,49.939879833715246,-6570.725027209639
9.707413219407377,9.626035397060004,0.6962423313326273,49.939879833715246,-6570.725027209639
10.302974129727822,9.499845494179464,0.6276229499506688,50.52607167805757,-6570.7389047592005
10.302974129727822,9.499845494179464,0.6276229499506688,50.52607167805757,-6570.7389047592005
9.871827164559116,9.401421880586685,0.6086910625399261,50.527051880378544,-6571.2941227028605
9.871827164559116,9.401421880586685,0.6086910625399261,50.527051880378544,-6571.2941227028605
9.871827164559116,9.401421880586685,0.6086910625399261,50.527051880378544,-6571.2941227028605
9.871827164559116,9.401421880586685,0.6086910625399261,50.527051880378544,-6571.2941227028605
9.871827164559116,9.401421880586685,0.6086910625399261,50.527051880378544,-6571.2941227028605
9.871827164559116,9.401421880586685,0.6086910625399261,50.527051880378544,-6571.2941227028605
9.871827164559116,9.401421880586685,0.6086910625399261,50.527051880378544,-6571.2941227028605
9.213278580422353,11.204898578276325,0.7370310786020896,50.066967607354584,-6571.280490474376
9.213278580422353,11.204898578276325,0.7370310786020896,50.066967607354584,-6571.280490474376
8.595733213558564,10.833100022522066,0.8239228129920234,50.018801301723386,-6572.092822181296
8.595733213558564,10.833100022522066,0.8239228129920234,50.018801301723386,-6572.092822181296
8.595733213558564,10.833100022522066,0.8239228129920234,50.018801301723386,-6572.092822181296
8.595733213558564,10.833100022522066,0.8239228129920234,50.018801301723386,-6572.092822181296
9.0370696924664,11.65049305743364,0.748910913846435,50.50722256470492,-6571.652358638195
9.546592029917534,10.069254758477419,0.7826363009629536,51.13406375435806,-6571.582004903327
9.546592029917534,10.069254758477419,0.7826363009629536,51.13406375435806,-6571.582004903327
9.546592029917534,10.069254758477419,0.7826363009629536,51.13406375435806,-6571.582004903327
9.744933806369433,9.315400657647135,0.7219523743829396,50.06915265214424,-6570.460840804431
9.744933806369433,9.315400657647135,0.7219523743829396,50.06915265214424,-6570.460840804431
9.744933806369433,9.315400657647135,0.7219523743829396,50.06915265214424,-6570.460840804431
9.744933806369433,9.315400657647135,0.7219523743829396,50.06915265214424,-6570.460840804431
9.744933806369433,9.315400657647135,0.7219523743829396,50.06915265214424,-6570.460840804431
9.744933806369433,9.315400657647135,0.7219523743829396,50.06915265214424,-6570.460840804431
10.762609681989348,5.910868941887386,0.857851671316754,50.49541543834104,-6571.244256491332
10.649926492672241,7.80788470873752,0.8168237493648887,50.37115291434366,-6570.522909533701
10.27703399687125,8.273703536110053,0.7106479251002946,50.31698323782783,-6570.295073924422
10.27703399687125,8.273703536110053,0.7106479251002946,50.31698323782783,-6570.295073924422
10.27703399687125,8.273703536110053,0.7106479251002946,50.31698323782783,-6570.295073924422
9.909401649189268,8.303042937500626,0.739775058634634,50.57322034271617,-6570.594717289372
9.909401649189268,8.303042937500626,0.739775058634634,50.57322034271617,-6570.594717289372
9.909401649189268,8.303042937500626,0.739775058634634,50.57322034271617,-6570.594717289372
9.909401649189268,8.303042937500626,0.739775058634634,50.57322034271617,-6570.594717289372
9.909401649189268,8.303042937500626,0.739775058634634,50.57322034271617,-6570.594717289372
9.941130131511603,9.191258249461907,0.7245197609310465,50.037088488804294,-6570.38484214339
10.071986498614553,7.854098629521318,0.8087732686806066,49.61065008084716,-6571.207415724928
10.110019551180251,7.736360632848133,0.9920318155083263,49.361125772429396,-6572.908084596997
10.110019551180251,7.736360632848133,0.9920318155083263,49.361125772429396,-6572.908084596997
10.110019551180251,7.736360632848133,0.9920318155083263,49.361125772429396,-6572.908084596997
10.110019551180251,7.736360632848133,0.9920318155083263,49.361125772429396,-6572.908084596997
10.110019551180251,7.736360632848133,0.9920318155083263,49.361125772429396,-6572.908084596997
10.110019551180251,7.736360632848133,0.9920318155083263,49.361125772429396,-6572.908084596997
10.110019551180251,7.736360632848133,0.9920318155083263,49.361125772429396,-6572.908084596997
10.110019551180251,7.736360632848133,0.9920318155083263,49.361125772429396,-6572.908084596997
10.653761188944923,7.4708780198671185,1.0725623015211307,49.639291052250464,-6574.549833223622
10.068388337602414,9.720696358932747,0.9010212448719387,49.62397545393611,-6573.164326866534
9.359015464539347,9.476508371757495,0.8319322348540763,49.76955967063038,-6571.141245077782
9.359015464539347,9.476508371757495,0.8319322348540763,49.76955967063038,-6571.141245077782
9.359015464539347,9.476508371757495,0.8319322348540763,49.76955967063038,-6571.141245077782
9.359015464539347,9.476508371757495,0.8319322348540763,49.76955967063038,-6571.141245077782
10.746356892469302,8.466331434001383,0.8460228921649543,49.92519493515091,-6572.042783386358
11.086348561612642,6.373769577350114,0.9465858508752272,50.28456730424625,-6571.836023870008
11.086348561612642,6.373769577350114,0.9465858508752272,50.28456730424625,-6571.836023870008
10.574905102070744,5.696904509538962,1.0557014082023262,50.29877388453195,-6572.470583496492
10.574905102070744,5.696904509538962,1.0557014082023262,50.29877388453195,-6572.470583496492
10.574905102070744,5.696904509538962,1.0557014082023262,50.29877388453195,-6572.470583496492
10.574905102070744,5.696904509538962,1.0557014082023262,50.29877388453195,-6572.470583496492
10.574905102070744,5.696904509538962,1.0557014082023262,50.29877388453195,-6572.470583496492
10.574905102070744,5.696904509538962,1.0557014082023262,50.29877388453195,-6572.470583496492
11.014866924372262,5.575403384120021,0.9346149560188832,50.71129539762958,-6571.749195429573
12.580082880187323,4.257475360305708,0.961306964122718,51.01602297464923,-6575.758229693516
12.580082880187323,4.257475360305708,0.961306964122718,51.01602297464923,-6575.758229693516
12.253852620568562,5.2121594811782215,0.7830042028949,50.76276914043603,-6572.984901842615
12.253852620568562,5.2121594811782215,0.7830042028949,50.76276914043603,-6572.984901842615
12.253852620568562,5.2121594811782215,0.7830042028949,50.76276914043603,-6572.984901842615
12.253852620568562,5.2121594811782215,0.7830042028949,50.76276914043603,-6572.984901842615
12.253852620568562,5.2121594811782215,0.7830042028949,50.76276914043603,-6572.984901842615
12.253852620568562,5.2121594811782215,0.7830042028949,50.76276914043603,-6572.984901842615
12.421408326527793,5.585017708590534,0.8601097384118002,50.058769549016176,-6574.872037061352
12.132603473115461,2.710722806152108,0.8589666884997886,50.33672543375379,-6575.7571736193695
12.132603473115461,2.710722806152108,0.8589666884997886,50.33672543375379,-6575.7571736193695
12.132603473115461,2.710722806152108,0.8589666884997886,50.33672543375379,-6575.7571736193695
12.132603473115461,2.710722806152108,0.8589666884997886,50.33672543375379,-6575.7571736193695
12.132603473115461,2.710722806152108,0.8589666884997886,50.33672543375379,-6575.7571736193695
11.83052894270179,2.7170534748279036,1.0246996676674858,50.82208530256957,-6575.7173403249135
10.831720720724993,4.630778526174521,0.7863473108963789,50.90721396148927,-6575.303904155489
10.831720720724993,4.630778526174521,0.7863473108963789,50.90721396148927,-6575.303904155489
10.831720720724993,4.630778526174521,0.7863473108963789,50.90721396148927,-6575.303904155489
10.831720720724993,4.630778526174521,0.7863473108963789,50.90721396148927,-6575.303904155489
11.421782177150053,6.819015004608271,0.782347845303619,49.8202030852813,-6571.900271250546
11.421782177150053,6.819015004608271,0.782347845303619,49.8202030852813,-6571.900271250546
11.421782177150053,6.819015004608271,0.782347845303619,49.8202030852813,-6571.900271250546
11.421782177150053,6.819015004608271,0.782347845303619,49.8202030852813,-6571.900271250546
11.421782177150053,6.819015004608271,0.782347845303619,49.8202030852813,-6571.900271250546
11.421782177150053,6.819015004608271,0.782347845303619,49.8202030852813,-6571.900271250546
11.421782177150053,6.819015004608271,0.782347845303619,49.8202030852813,-6571.900271250546
11.421782177150053,6.819015004608271,0.782347845303619,49.8202030852813,-6571.900271250546
11.421782177150053,6.819015004608271,0.782347845303619,49.8202030852813,-6571.900271250546
10.541429045230917,7.522922429135749,0.9834095847815736,50.0581799186277,-6572.118005762285
10.541429045230917,7.522922429135749,0.9834095847815736,50.0581799186277,-6572.118005762285
10.541429045230917,7.522922429135749,0.9834095847815736,50.0581799186277,-6572.118005762285
9.454607313272207,8.160764574655433,0.7961153463975431,50.68324314490624,-6571.7511260610645
9.454607313272207,8.160764574655433,0.7961153463975431,50.68324314490624,-6571.7511260610645
9.454607313272207,8.160764574655433,0.7961153463975431,50.68324314490624,-6571.7511260610645
9.454607313272207,8.160764574655433,0.7961153463975431,50.68324314490624,-6571.7511260610645
9.454607313272207,8.160764574655433,0.7961153463975431,50.68324314490624,-6571.7511260610645
11.268775243563214,7.307390502056855,0.6863918300319527,50.05736800043347,-6571.280397422287
11.268775243563214,7.307390502056855,0.6863918300319527,50.05736800043347,-6571.280397422287
11.268775243563214,7.307390502056855,0.6863918300319527,50.05736800043347,-6571.280397422287
11.268775243563214,7.307390502056855,0.6863918300319527,50.05736800043347,-6571.280397422287
11.268775243563214,7.307390502056855,0.6863918300319527,50.05736800043347,-6571.280397422287
11.268775243563214,7.307390502056855,0.6863918300319527,50.05736800043347,-6571.280397422287
11.268775243563214,7.307390502056855,0.6863918300319527,50.05736800043347,-6571.280397422287
10.142285641324435,7.751168175812751,0.70548601502896,50.4208298284746,-6571.016488279871
10.142285641324435,7.751168175812751,0.70548601502896,50.4208298284746,-6571.016488279871
10.142285641324435,7.751168175812751,0.70548601502896,50.4208298284746,-6571.016488279871
10.142285641324435,7.751168175812751,0.70548601502896,50.4208298284746,-6571.016488279871
10.142285641324435,7.751168175812751,0.70548601502896,50.4208298284746,-6571.016488279871
9.425706652702724,11.20822402268687,0.6423405420256754,49.9644222403853,-6571.456390682128
9.425706652702724,11.20822402268687,0.6423405420256754,49.9644222403853,-6571.456390682128
9.425706652702724,11.20822402268687,0.6423405420256754,49.9644222403853,-6571.456390682128
9.425706652702724,11.20822402268687,0.6423405420256754,49.9644222403853,-6571.456390682128
9.425706652702724,11.20822402268687,0.6423405420256754,49.9644222403853,-6571.456390682128
9.425706652702724,11.20822402268687,0.6423405420256754,49.9644222403853,-6571.456390682128
9.658223382890636,8.389688910152001,0.8062058720281804,50.08801894186813,-6570.710272389646
9.658223382890636,8.389688910152001,0.8062058720281804,50.08801894186813,-6570.710272389646
9.658223382890636,8.389688910152001,0.8062058720281804,50.08801894186813,-6570.710272389646
9.658223382890636,8.389688910152001,0.8062058720281804,50.08801894186813,-6570.710272389646
10.428705976137344,8.395589504777382,0.8555096250927899,50.041517905846554,-6571.0586869941235
10.428705976137344,8.395589504777382,0.8555096250927899,50.041517905846554,-6571.0586869941235
10.428705976137344,8.395589504777382,0.8555096250927899,50.041517905846554,-6571.0586869941235
10.428705976137344,8.395589504777382,0.8555096250927899,50.041517905846554,-6571.0586869941235
10.021073375052389,7.748818474370785,0.8641440379153537,49.28580288971623,-6572.220411022556
10.021073375052389,7.748818474370785,0.8641440379153537,49.28580288971623,-6572.220411022556
10.021073375052389,7.748818474370785,0.8641440379153537,49.28580288971623,-6572.220411022556
10.021073375052389,7.748818474370785,0.8641440379153537,49.28580288971623,-6572.220411022556
10.021073375052389,7.748818474370785,0.8641440379153537,49.28580288971623,-6572.220411022556
10.021073375052389,7.748818474370785,0.8641440379153537,49.28580288971623,-6572.220411022556
10.021073375052389,7.748818474370785,0.8641440379153537,49.28580288971623,-6572.220411022556
10.021073375052389,7.748818474370785,0.8641440379153537,49.28580288971623,-6572.220411022556
10.021073375052389,7.748818474370785,0.8641440379153537,49.28580288971623,-6572.220411022556
9.684486605585702,9.116315878019169,0.8783970370160238,49.78032242913363,-6571.182455669854
9.684486605585702,9.116315878019169,0.8783970370160238,49.78032242913363,-6571.182455669854
9.684486605585702,9.116315878019169,0.8783970370160238,49.78032242913363,-6571.182455669854
9.623036177084211,8.431784530138124,0.7496174637436976,49.57055816418858,-6572.013928039156
9.623036177084211,8.431784530138124,0.7496174637436976,49.57055816418858,-6572.013928039156
9.623036177084211,8.431784530138124,0.7496174637436976,49.57055816418858,-6572.013928039156
9.623036177084211,8.431784530138124,0.7496174637436976,49.57055816418858,-6572.013928039156
9.623036177084211,8.431784530138124,0.7496174637436976,49.57055816418858,-6572.013928039156
9.623036177084211,8.431784530138124,0.7496174637436976,49.57055816418858,-6572.013928039156
9.623036177084211,8.431784530138124,0.7496174637436976,49.57055816418858,-6572.013928039156
9.623036177084211,8.431784530138124,0.7496174637436976,49.57055816418858,-6572.013928039156
9.623036177084211,8.431784530138124,0.7496174637436976,49.57055816418858,-6572.013928039156
9.623036177084211,8.431784530138124,0.7496174637436976,49.57055816418858,-6572.013928039156
10.16768957305002,7.250062895651689,0.9045892291318754,50.523493097374164,-6570.778280771561
10.16768957305002,7.250062895651689,0.9045892291318754,50.523493097374164,-6570.778280771561
10.16768957305002,7.250062895651689,0.9045892291318754,50.523493097374164,-6570.778280771561
10.16768957305002,7.250062895651689,0.9045892291318754,50.523493097374164,-6570.778280771561
10.16768957305002,7.250062895651689,0.9045892291318754,50.523493097374164,-6570.778280771561
10.16768957305002,7.250062895651689,0.9045892291318754,50.523493097374164,-6570.778280771561
10.16768957305002,7.250062895651689,0.9045892291318754,50.523493097374164,-6570.778280771561
10.16768957305002,7.250062895651689,0.9045892291318754,50.523493097374164,-6570.778280771561
10.16768957305002,7.250062895651689,0.9045892291318754,50.523493097374164,-6570.778280771561
10.16768957305002,7.250062895651689,0.9045892291318754,50.523493097374164,-6570.778280771561
11.050910025138071,6.473148975816847,0.8855677189537662,50.09241740483415,-6571.289857568066
11.050910025138071,6.473148975816847,0.8855677189537662,50.09241740483415,-6571.289857568066
11.050910025138071,6.473148975816847,0.8855677189537662,50.09241740483415,-6571.289857568066
11.050910025138071,6.473148975816847,0.8855677189537662,50.09241740483415,-6571.289857568066
11.050910025138071,6.473148975816847,0.8855677189537662,50.09241740483415,-6571.289857568066
9.22798870578542,10.460293613281136,0.767374606648998,50.218617903332365,-6570.827807425634
9.22798870578542,10.460293613281136,0.767374606648998,50.218617903332365,-6570.827807425634
9.22798870578542,10.460293613281136,0.767374606648998,50.218617903332365,-6570.827807425634
9.22798870578542,10.460293613281136,0.767374606648998,50.218617903332365,-6570.827807425634
9.22798870578542,10.460293613281136,0.767374606648998,50.218617903332365,-6570.827807425634
9.339458398143586,9.897956772776961,0.7091320714930532,50.0760133188672,-6570.936546003906
9.339458398143586,9.897956772776961,0.7091320714930532,50.0760133188672,-6570.936546003906
9.339458398143586,9.897956772776961,0.7091320714930532,50.0760133188672,-6570.936546003906
9.339458398143586,9.897956772776961,0.7091320714930532,50.0760133188672,-6570.936546003906
9.339458398143586,9.897956772776961,0.7091320714930532,50.0760133188672,-6570.936546003906
9.339458398143586,9.897956772776961,0.7091320714930532,50.0760133188672,-6570.936546003906
9.339458398143586,9.897956772776961,0.7091320714930532,50.0760133188672,-6570.936546003906
9.339458398143586,9.897956772776961,0.7091320714930532,50.0760133188672,-6570.936546003906
9.339458398143586,9.897956772776961,0.7091320714930532,50.0760133188672,-6570.936546003906
9.829067891879497,9.366517558938293,0.733763786883472,49.99964461242062,-6570.446217455724
9.829067891879497,9.366517558938293,0.733763786883472,49.99964461242062,-6570.446217455724
9.829067891879497,9.366517558938293,0.733763786883472,49.99964461242062,-6570.446217455724
9.829067891879497,9.366517558938293,0.733763786883472,49.99964461242062,-6570.446217455724
9.829067891879497,9.366517558938293,0.733763786883472,49.99964461242062,-6570.446217455724
9.829067891879497,9.366517558938293,0.733763786883472,49.99964461242062,-6570.446217455724
9.829067891879497,9.366517558938293,0.733763786883472,49.99964461242062,-6570.446217455724
9.829067891879497,9.366517558938293,0.733763786883472,49.99964461242062,-6570.446217455724
9.829067891879497,9.366517558938293,0.733763786883472,49.99964461242062,-6570.446217455724
9.829067891879497,9.366517558938293,0.733763786883472,49.99964461242062,-6570.446217455724
9.829067891879497,9.366517558938293,0.733763786883472,49.99964461242062,-6570.446217455724
9.829067891879497,9.366517558938293,0.733763786883472,49.99964461242062,-6570.446217455724
9.829067891879497,9.366517558938293,0.733763786883472,49.99964461242062,-6570.446217455724
9.829067891879497,9.366517558938293,0.733763786883472,49.99964461242062,-6570.446217455724
9.829067891879497,9.366517558938293,0.733763786883472,49.99964461242062,-6570.446217455724
9.829067891879497,9.366517558938293,0.733763786883472,49.99964461242062,-6570.446217455724
9.829067891879497,9.366517558938293,0.733763786883472,49.99964461242062,-6570.446217455724
9.829067891879497,9.366517558938293,0.733763786883472,49.99964461242062,-6570.446217455724
9.829067891879497,9.366517558938293,0.733763786883472,49.99964461242062,-6570.446217455724
10.050240698402206,10.377991509716196,0.9044142984382465,49.76798357833453,-6574.223453886961
10.050240698402206,10.377991509716196,0.9044142984382465,49.76798357833453,-6574.223453886961
9.924675043742775,11.59824483357184,0.8139547395193549,49.61781535523968,-6575.152908500517
9.873486898903293,10.780387189836746,0.7988121691879918,48.503139223523185,-6577.0920406882415
9.873486898903293,10.780387189836746,0.7988121691879918,48.503139223523185,-6577.0920406882415
9.873486898903293,10.780387189836746,0.7988121691879918,48.503139223523185,-6577.0920406882415
9.873486898903293,10.780387189836746,0.7988121691879918,48.503139223523185,-6577.0920406882415
9.873486898903293,10.780387189836746,0.7988121691879918,48.503139223523185,-6577.0920406882415
10.31652592768408,7.417974472967412,0.6895563325628361,48.31939595021998,-6578.475713449085
10.31652592768408,7.417974472967412,0.6895563325628361,48.31939595021998,-6578.475713449085
10.31652592768408,7.417974472967412,0.6895563325628361,48.31939595021998,-6578.475713449085
10.31652592768408,7.417974472967412,0.6895563325628361,48.31939595021998,-6578.475713449085
9.922037205379517,9.612899498719592,0.9554374826609151,48.87578083929657,-6575.7012282849755
9.922037205379517,9.612899498719592,0.9554374826609151,48.87578083929657,-6575.7012282849755
9.922037205379517,9.612899498719592,0.9554374826609151,48.87578083929657,-6575.7012282849755
10.670572029884307,8.915015647079528,0.9071810315428722,49.425086921369434,-6574.47462724682
10.468280286714041,8.505848084665384,0.9173810292588841,49.44101272935538,-6573.155032009176
10.468280286714041,8.505848084665384,0.9173810292588841,49.44101272935538,-6573.155032009176
10.468280286714041,8.505848084665384,0.9173810292588841,49.44101272935538,-6573.155032009176
10.787134078655278,7.147352657193073,1.0474819755564386,49.724913838469355,-6573.901274547057
10.787134078655278,7.147352657193073,1.0474819755564386,49.724913838469355,-6573.901274547057
10.787134078655278,7.147352657193073,1.0474819755564386,49.724913838469355,-6573.901274547057
10.787134078655278,7.147352657193073,1.0474819755564386,49.724913838469355,-6573.901274547057
10.787134078655278,7.147352657193073,1.0474819755564386,49.724913838469355,-6573.901274547057
10.787134078655278,7.147352657193073,1.0474819755564386,49.724913838469355,-6573.901274547057
10.06262981845294,9.304957160453451,0.9217654663890529,49.70852115862839,-6572.6370428718765
10.06262981845294,9.304957160453451,0.9217654663890529,49.70852115862839,-6572.6370428718765
10.06262981845294,9.304957160453451,0.9217654663890529,49.70852115862839,-6572.6370428718765
10.06262981845294,9.304957160453451,0.9217654663890529,49.70852115862839,-6572.6370428718765
10.06262981845294,9.304957160453451,0.9217654663890529,49.70852115862839,-6572.6370428718765
10.06262981845294,9.304957160453451,0.9217654663890529,49.70852115862839,-6572.6370428718765
10.06262981845294,9.304957160453451,0.9217654663890529,49.70852115862839,-6572.6370428718765
10.06262981845294,9.304957160453451,0.9217654663890529,49.70852115862839,-6572.6370428718765
10.266901536064195,6.040245624966863,1.2351324802809294,50.399191650222456,-6574.898072143815
10.266901536064195,6.040245624966863,1.2351324802809294,50.399191650222456,-6574.898072143815
9.763474357340792,6.266950673676932,1.2474594224168587,49.97833906684018,-6575.258299521574
9.763474357340792,6.266950673676932,1.2474594224168587,49.97833906684018,-6575.258299521574
9.468320680801662,7.506913523971868,1.2339446240439458,49.669758648676144,-6575.468338197173
10.35053580666795,8.46393645242094,1.1234425029069408,49.656659376049916,-6576.261597349885
10.132916264737595,8.883094350298201,1.0053845703860764,49.11558107097945,-6575.123449556304
10.316977296582927,8.717635266403631,1.1044190014208217,49.83433628371191,-6575.944990375101
10.316977296582927,8.717635266403631,1.1044190014208217,49.83433628371191,-6575.944990375101
10.316977296582927,8.717635266403631,1.1044190014208217,49.83433628371191,-6575.944990375101
10.016127599846651,6.787995490955947,0.9318864492270968,49.020798949444966,-6574.120843856051
10.016127599846651,6.787995490955947,0.9318864492270968,49.020798949444966,-6574.120843856051
10.11398011584466,6.266499252422767,0.9505899825484769,49.15124198377713,-6574.129757106021
10.11398011584466,6.266499252422767,0.9505899825484769,49.15124198377713,-6574.129757106021
10.11398011584466,6.266499252422767,0.9505899825484769,49.15124198377713,-6574.129757106021
10.775196578650093,8.1458738595061,0.8505468306239095,48.51914598108075,-6576.4082168546365
10.775196578650093,8.1458738595061,0.8505468306239095,48.51914598108075,-6576.4082168546365
10.775196578650093,8.1458738595061,0.8505468306239095,48.51914598108075,-6576.4082168546365
10.775196578650093,8.1458738595061,0.8505468306239095,48.51914598108075,-6576.4082168546365
8.885877289466489,9.739380372586306,0.8722152643789589,48.590581316652674,-6576.241643062558
9.063643525815829,8.945600887189924,0.9056768631185482,49.4156108641456,-6572.86233193352
9.063643525815829,8.945600887189924,0.9056768631185482,49.4156108641456,-6572.86233193352
9.063643525815829,8.945600887189924,0.9056768631185482,49.4156108641456,-6572.86233193352
9.063643525815829,8.945600887189924,0.9056768631185482,49.4156108641456,-6572.86233193352
9.063643525815829,8.945600887189924,0.9056768631185482,49.4156108641456,-6572.86233193352
9.063643525815829,8.945600887189924,0.9056768631185482,49.4156108641456,-6572.86233193352
9.063643525815829,8.945600887189924,0.9056768631185482,49.4156108641456,-6572.86233193352
9.765086629413679,7.86513763721055,0.8568307097447762,49.33572679398112,-6572.335211707723
9.765086629413679,7.86513763721055,0.8568307097447762,49.33572679398112,-6572.335211707723
10.398283917250861,7.249254896672598,0.9513370603571417,49.48415400419932,-6572.241260768139
10.398283917250861,7.249254896672598,0.9513370603571417,49.48415400419932,-6572.241260768139
10.398283917250861,7.249254896672598,0.9513370603571417,49.48415400419932,-6572.241260768139
10.398283917250861,7.249254896672598,0.9513370603571417,49.48415400419932,-6572.241260768139
10.398283917250861,7.249254896672598,0.9513370603571417,49.48415400419932,-6572.241260768139
10.53264126734648,8.803497109506429,0.7926720362713193,49.81108719529184,-6571.420901033307
10.429462840843039,9.10710236973968,0.7374027254902926,49.82277577632477,-6571.108023913357
10.429462840843039,9.10710236973968,0.7374027254902926,49.82277577632477,-6571.108023913357
10.429462840843039,9.10710236973968,0.7374027254902926,49.82277577632477,-6571.108023913357
10.429462840843039,9.10710236973968,0.7374027254902926,49.82277577632477,-6571.108023913357
10.429462840843039,9.10710236973968,0.7374027254902926,49.82277577632477,-6571.108023913357
9.328381346221974,11.235440380909477,0.6798342272439823,49.69818222579531,-6571.800532529278
9.328381346221974,11.235440380909477,0.6798342272439823,49.69818222579531,-6571.800532529278
9.328381346221974,11.235440380909477,0.6798342272439823,49.69818222579531,-6571.800532529278
9.528879132172698,8.90400230146845,0.676788365867625,50.059198092189156,-6571.793626238421
9.528879132172698,8.90400230146845,0.676788365867625,50.059198092189156,-6571.793626238421
9.528879132172698,8.90400230146845,0.676788365867625,50.059198092189156,-6571.793626238421
9.528879132172698,8.90400230146845,0.676788365867625,50.059198092189156,-6571.793626238421
9.528879132172698,8.90400230146845,0.676788365867625,50.059198092189156,-6571.793626238421
9.528879132172698,8.90400230146845,0.676788365867625,50.059198092189156,-6571.793626238421
9.528879132172698,8.90400230146845,0.676788365867625,50.059198092189156,-6571.793626238421
9.528879132172698,8.90400230146845,0.676788365867625,50.059198092189156,-6571.793626238421
9.528879132172698,8.90400230146845,0.676788365867625,50.059198092189156,-6571.793626238421
9.528879132172698,8.90400230146845,0.676788365867625,50.059198092189156,-6571.793626238421
9.528879132172698,8.90400230146845,0.676788365867625,50.059198092189156,-6571.793626238421
9.528879132172698,8.90400230146845,0.676788365867625,50.059198092189156,-6571.793626238421
9.528879132172698,8.90400230146845,0.676788365867625,50.059198092189156,-6571.793626238421
9.528879132172698,8.90400230146845,0.676788365867625,50.059198092189156,-6571.793626238421
9.528879132172698,8.90400230146845,0.676788365867625,50.059198092189156,-6571.793626238421
9.528879132172698,8.90400230146845,0.676788365867625,50.059198092189156,-6571.793626238421
9.16940711477133,11.070235871130883,0.5868548404629016,50.65619369038841,-6572.2628611205455
9.16940711477133,11.070235871130883,0.5868548404629016,50.65619369038841,-6572.2628611205455
9.16940711477133,11.070235871130883,0.5868548404629016,50.65619369038841,-6572.2628611205455
9.16940711477133,11.070235871130883,0.5868548404629016,50.65619369038841,-6572.2628611205455
9.16940711477133,11.070235871130883,0.5868548404629016,50.65619369038841,-6572.2628611205455
9.16940711477133,11.070235871130883,0.5868548404629016,50.65619369038841,-6572.2628611205455
10.08312266626644,9.346961795996505,0.8317632727528519,50.73832999640416,-6571.181287255029
10.08312266626644,9.346961795996505,0.8317632727528519,50.73832999640416,-6571.181287255029
10.08312266626644,9.346961795996505,0.8317632727528519,50.73832999640416,-6571.181287255029
10.08312266626644,9.346961795996505,0.8317632727528519,50.73832999640416,-6571.181287255029
9.483593183238302,11.689839704257354,0.6469960722129178,50.01077567883143,-6571.8082281911065
9.483593183238302,11.689839704257354,0.6469960722129178,50.01077567883143,-6571.8082281911065
8.700516847193445,12.787842811468192,0.6451419289906895,50.20897086632926,-6572.6109255307165
8.700516847193445,12.787842811468192,0.6451419289906895,50.20897086632926,-6572.6109255307165
8.700516847193445,12.787842811468192,0.6451419289906895,50.20897086632926,-6572.6109255307165
8.700516847193445,12.787842811468192,0.6451419289906895,50.20897086632926,-6572.6109255307165
9.155884475670709,11.685555245845835,0.7423784664167965,51.08445639793141,-6572.515847832042
9.155884475670709,11.685555245845835,0.7423784664167965,51.08445639793141,-6572.515847832042
9.155884475670709,11.685555245845835,0.7423784664167965,51.08445639793141,-6572.515847832042
9.155884475670709,11.685555245845835,0.7423784664167965,51.08445639793141,-6572.515847832042
9.155884475670709,11.685555245845835,0.7423784664167965,51.08445639793141,-6572.515847832042
9.155884475670709,11.685555245845835,0.7423784664167965,51.08445639793141,-6572.515847832042
9.155884475670709,11.685555245845835,0.7423784664167965,51.08445639793141,-6572.515847832042
9.155884475670709,11.685555245845835,0.7423784664167965,51.08445639793141,-6572.515847832042
9.155884475670709,11.685555245845835,0.7423784664167965,51.08445639793141,-6572.515847832042
9.155884475670709,11.685555245845835,0.7423784664167965,51.08445639793141,-6572.515847832042
8.992121249524171,11.45200701676986,0.6562438893677098,51.0619196992313,-6572.407982890208
8.992121249524171,11.45200701676986,0.6562438893677098,51.0619196992313,-6572.407982890208
8.992121249524171,11.45200701676986,0.6562438893677098,51.0619196992313,-6572.407982890208
9.425369310095112,10.201797371531592,0.7133635531026067,50.2615859751553,-6570.62562259137
9.425369310095112,10.201797371531592,0.7133635531026067,50.2615859751553,-6570.62562259137
9.425369310095112,10.201797371531592,0.7133635531026067,50.2615859751553,-6570.62562259137
9.425369310095112,10.201797371531592,0.7133635531026067,50.2615859751553,-6570.62562259137
9.425369310095112,10.201797371531592,0.7133635531026067,50.2615859751553,-6570.62562259137
9.425369310095112,10.201797371531592,0.7133635531026067,50.2615859751553,-6570.62562259137
9.425369310095112,10.201797371531592,0.7133635531026067,50.2615859751553,-6570.62562259137
9.425369310095112,10.201797371531592,0.7133635531026067,50.2615859751553,-6570.62562259137
9.425369310095112,10.201797371531592,0.7133635531026067,50.2615859751553,-6570.62562259137
9.425369310095112,10.201797371531592,0.7133635531026067,50.2615859751553,-6570.62562259137
9.425369310095112,10.201797371531592,0.7133635531026067,50.2615859751553,-6570.62562259137
9.425369310095112,10.201797371531592,0.7133635531026067,50.2615859751553,-6570.62562259137
9.425369310095112,10.201797371531592,0.7133635531026067,50.2615859751553,-6570.62562259137
10.310559599937596,9.26354022228307,0.5429107367441313,49.80820266412632,-6572.711010773203
10.310559599937596,9.26354022228307,0.5429107367441313,49.80820266412632,-6572.711010773203
9.06753205256693,10.098281162316166,0.593022207305851,49.86289280286071,-6573.988018899335
9.266031354190428,10.923462111592345,0.6440423536879046,49.91105045213111,-6571.562866086857
9.266031354190428,10.923462111592345,0.6440423536879046,49.91105045213111,-6571.562866086857
9.266031354190428,10.923462111592345,0.6440423536879046,49.91105045213111,-6571.562866086857
9.266031354190428,10.923462111592345,0.6440423536879046,49.91105045213111,-6571.562866086857
9.266031354190428,10.923462111592345,0.6440423536879046,49.91105045213111,-6571.562866086857
9.266031354190428,10.923462111592345,0.6440423536879046,49.91105045213111,-6571.562866086857
9.266031354190428,10.923462111592345,0.6440423536879046,49.91105045213111,-6571.562866086857
10.50908942904701,7.704010014081897,0.8810602037903718,50.774033756538905,-6571.024156559637
10.50908942904701,7.704010014081897,0.8810602037903718,50.774033756538905,-6571.024156559637
10.50908942904701,7.704010014081897,0.8810602037903718,50.774033756538905,-6571.024156559637
10.50908942904701,7.704010014081897,0.8810602037903718,50.774033756538905,-6571.024156559637
9.33844239149019,9.348059591489585,0.8434134153032675,50.522332951650505,-6570.814819329748
9.33844239149019,9.348059591489585,0.8434134153032675,50.522332951650505,-6570.814819329748
9.33844239149019,9.348059591489585,0.8434134153032675,50.522332951650505,-6570.814819329748
9.33844239149019,9.348059591489585,0.8434134153032675,50.522332951650505,-6570.814819329748
9.33844239149019,9.348059591489585,0.8434134153032675,50.522332951650505,-6570.814819329748
9.33844239149019,9.348059591489585,0.8434134153032675,50.522332951650505,-6570.814819329748
9.33844239149019,9.348059591489585,0.8434134153032675,50.522332951650505,-6570.814819329748
9.33844239149019,9.348059591489585,0.8434134153032675,50.522332951650505,-6570.814819329748
9.33844239149019,9.348059591489585,0.8434134153032675,50.522332951650505,-6570.814819329748
9.33844239149019,9.348059591489585,0.8434134153032675,50.522332951650505,-6570.814819329748
9.33844239149019,9.348059591489585,0.8434134153032675,50.522332951650505,-6570.814819329748
9.33844239149019,9.348059591489585,0.8434134153032675,50.522332951650505,-6570.814819329748
10.480097323262871,9.122231361185182,0.6846713940462403,50.75036316517696,-6570.716727048755
9.591542569307734,9.621759793991842,0.7411354752461758,49.81671112377189,-6570.82444948157
8.676239234539233,10.642611463692573,0.9126588815333482,50.9351932270909,-6572.959790697973
8.676239234539233,10.642611463692573,0.9126588815333482,50.9351932270909,-6572.959790697973
8.676239234539233,10.642611463692573,0.9126588815333482,50.9351932270909,-6572.959790697973
8.874772000590166,9.596506284115371,0.8338150763217901,50.77801898516527,-6572.1011174708765
8.874772000590166,9.596506284115371,0.8338150763217901,50.77801898516527,-6572.1011174708765
9.648120891337225,9.543199236689853,0.8174700688174229,50.77528310626527,-6570.815565452803
9.648120891337225,9.543199236689853,0.8174700688174229,50.77528310626527,-6570.815565452803
9.648120891337225,9.543199236689853,0.8174700688174229,50.77528310626527,-6570.815565452803
9.648120891337225,9.543199236689853,0.8174700688174229,50.77528310626527,-6570.815565452803
9.648120891337225,9.543199236689853,0.8174700688174229,50.77528310626527,-6570.815565452803
9.385242673572439,9.223878172118788,0.7361009368350894,50.95309749858958,-6571.573549041114
9.385242673572439,9.223878172118788,0.7361009368350894,50.95309749858958,-6571.573549041114
9.385242673572439,9.223878172118788,0.7361009368350894,50.95309749858958,-6571.573549041114
9.385242673572439,9.223878172118788,0.7361009368350894,50.95309749858958,-6571.573549041114
10.838904209763367,8.622157228644143,0.762313765138765,50.22601736673542,-6571.326713021446
10.838904209763367,8.622157228644143,0.762313765138765,50.22601736673542,-6571.326713021446
10.838904209763367,8.622157228644143,0.762313765138765,50.22601736673542,-6571.326713021446
10.838904209763367,8.622157228644143,0.762313765138765,50.22601736673542,-6571.326713021446
10.590309902765668,8.230207591276347,0.7782456684529722,49.91834154640807,-6570.776721117411
10.590309902765668,8.230207591276347,0.7782456684529722,49.91834154640807,-6570.776721117411
10.590309902765668,8.230207591276347,0.7782456684529722,49.91834154640807,-6570.776721117411
10.590309902765668,8.230207591276347,0.7782456684529722,49.91834154640807,-6570.776721117411
10.590309902765668,8.230207591276347,0.7782456684529722,49.91834154640807,-6570.776721117411
10.590309902765668,8.230207591276347,0.7782456684529722,49.91834154640807,-6570.776721117411
10.590309902765668,8.230207591276347,0.7782456684529722,49.91834154640807,-6570.776721117411
10.590309902765668,8.230207591276347,0.7782456684529722,49.91834154640807,-6570.776721117411
11.26355646916004,7.38234375487163,0.7692136276581714,50.00303652154184,-6571.512690880612
11.26355646916004,7.38234375487163,0.7692136276581714,50.00303652154184,-6571.512690880612
11.26355646916004,7.38234375487163,0.7692136276581714,50.00303652154184,-6571.512690880612
10.047673709042614,8.341784059670351,0.6795411982820845,50.17428359649545,-6570.919674336174
10.047673709042614,8.341784059670351,0.6795411982820845,50.17428359649545,-6570.919674336174
10.861702025670237,7.141733745381419,0.7598088770370519,50.37259915888735,-6570.470770319762
10.861702025670237,7.141733745381419,0.7598088770370519,50.37259915888735,-6570.470770319762
9.793098427615298,7.281251233350451,0.8032371196986747,50.21650064008175,-6571.783098801993
10.046587657739861,7.112061887930621,0.7173271288712821,49.56836283360031,-6573.506842649309
10.046587657739861,7.112061887930621,0.7173271288712821,49.56836283360031,-6573.506842649309
9.443030705199334,10.617601320153945,0.6772502884227328,50.18551872098588,-6570.847173370664
9.443030705199334,10.617601320153945,0.6772502884227328,50.18551872098588,-6570.847173370664
9.443030705199334,10.617601320153945,0.6772502884227328,50.18551872098588,-6570.847173370664
9.443030705199334,10.617601320153945,0.6772502884227328,50.18551872098588,-6570.847173370664
9.443030705199334,10.617601320153945,0.6772502884227328,50.18551872098588,-6570.847173370664
9.443030705199334,10.617601320153945,0.6772502884227328,50.18551872098588,-6570.847173370664
9.443030705199334,10.617601320153945,0.6772502884227328,50.18551872098588,-6570.847173370664
9.443030705199334,10.617601320153945,0.6772502884227328,50.18551872098588,-6570.847173370664
9.037800735537198,10.703293090302836,0.8363248686338633,50.22082619168762,-6571.366262034711
9.037800735537198,10.703293090302836,0.8363248686338633,50.22082619168762,-6571.366262034711
9.037800735537198,10.703293090302836,0.8363248686338633,50.22082619168762,-6571.366262034711
9.037800735537198,10.703293090302836,0.8363248686338633,50.22082619168762,-6571.366262034711
8.733954485425903,7.697498935925751,0.9746234779368369,50.30539240294549,-6575.158597304536
8.087730801986563,8.696489268146381,0.8488704712521085,49.55206084318565,-6580.06079896263
8.433747914241605,9.468426934269603,0.9626340677926054,49.28327955453957,-6575.20610958308
8.433747914241605,9.468426934269603,0.9626340677926054,49.28327955453957,-6575.20610958308
8.207557729089931,10.705548155495382,0.9555999493986405,49.24988174087211,-6575.297568042087
8.365607704577796,10.879671521712684,0.7559264356826092,49.67453251994283,-6573.670884843146
8.365607704577796,10.879671521712684,0.7559264356826092,49.67453251994283,-6573.670884843146
8.365607704577796,10.879671521712684,0.7559264356826092,49.67453251994283,-6573.670884843146
8.365607704577796,10.879671521712684,0.7559264356826092,49.67453251994283,-6573.670884843146
8.463078766471716,9.673391379419835,0.6641714599305372,50.07444797151862,-6576.765029697303
8.215284332029183,9.118212537709683,0.8599893423345598,50.54237345567354,-6576.34621035002
8.215284332029183,9.118212537709683,0.8599893423345598,50.54237345567354,-6576.34621035002
8.69465726627117,8.202437306958188,0.9620571445884543,51.18423022266795,-6575.652573667649
8.69465726627117,8.202437306958188,0.9620571445884543,51.18423022266795,-6575.652573667649
8.69465726627117,8.202437306958188,0.9620571445884543,51.18423022266795,-6575.652573667649
8.69465726627117,8.202437306958188,0.9620571445884543,51.18423022266795,-6575.652573667649
8.69465726627117,8.202437306958188,0.9620571445884543,51.18423022266795,-6575.652573667649
8.69465726627117,8.202437306958188,0.9620571445884543,51.18423022266795,-6575.652573667649
9.687725504669814,7.37489222208585,1.1238607768481708,51.373317236127626,-6574.915195146257
11.326852234387992,5.754647576698385,0.9410715785488765,51.33844122676458,-6573.269628334625
11.326852234387992,5.754647576698385,0.9410715785488765,51.33844122676458,-6573.269628334625
11.326852234387992,5.754647576698385,0.9410715785488765,51.33844122676458,-6573.269628334625
11.326852234387992,5.754647576698385,0.9410715785488765,51.33844122676458,-6573.269628334625
11.772668328041016,5.344198783971668,0.8737971020488191,51.161871169215374,-6572.978131724784
11.772668328041016,5.344198783971668,0.8737971020488191,51.161871169215374,-6572.978131724784
11.772668328041016,5.344198783971668,0.8737971020488191,51.161871169215374,-6572.978131724784
11.772668328041016,5.344198783971668,0.8737971020488191,51.161871169215374,-6572.978131724784
11.772668328041016,5.344198783971668,0.8737971020488191,51.161871169215374,-6572.978131724784
11.431135268241482,5.651853680106593,0.7136635779406129,50.9473916830486,-6572.25765562406
11.431135268241482,5.651853680106593,0.7136635779406129,50.9473916830486,-6572.25765562406
11.047377494604197,7.5980842057826905,0.7773586331460689,51.25449955448345,-6571.908665767993
11.047377494604197,7.5980842057826905,0.7773586331460689,51.25449955448345,-6571.908665767993
11.047377494604197,7.5980842057826905,0.7773586331460689,51.25449955448345,-6571.908665767993
11.047377494604197,7.5980842057826905,0.7773586331460689,51.25449955448345,-6571.908665767993
11.047377494604197,7.5980842057826905,0.7773586331460689,51.25449955448345,-6571.908665767993
10.149403713559293,8.690260989652776,0.6740565321450885,50.35548385614643,-6570.474155191443
10.149403713559293,8.690260989652776,0.6740565321450885,50.35548385614643,-6570.474155191443
10.149403713559293,8.690260989652776,0.6740565321450885,50.35548385614643,-6570.474155191443
10.149403713559293,8.690260989652776,0.6740565321450885,50.35548385614643,-6570.474155191443
10.149403713559293,8.690260989652776,0.6740565321450885,50.35548385614643,-6570.474155191443
10.149403713559293,8.690260989652776,0.6740565321450885,50.35548385614643,-6570.474155191443
10.149403713559293,8.690260989652776,0.6740565321450885,50.35548385614643,-6570.474155191443
10.149403713559293,8.690260989652776,0.6740565321450885,50.35548385614643,-6570.474155191443
10.149403713559293,8.690260989652776,0.6740565321450885,50.35548385614643,-6570.474155191443
10.149403713559293,8.690260989652776,0.6740565321450885,50.35548385614643,-6570.474155191443
10.149403713559293,8.690260989652776,0.6740565321450885,50.35548385614643,-6570.474155191443
10.149403713559293,8.690260989652776,0.6740565321450885,50.35548385614643,-6570.474155191443
10.149403713559293,8.690260989652776,0.6740565321450885,50.35548385614643,-6570.474155191443
10.149403713559293,8.690260989652776,0.6740565321450885,50.35548385614643,-6570.474155191443
10.149403713559293,8.690260989652776,0.6740565321450885,50.35548385614643,-6570.474155191443
10.149403713559293,8.690260989652776,0.6740565321450885,50.35548385614643,-6570.474155191443
10.149403713559293,8.690260989652776,0.6740565321450885,50.35548385614643,-6570.474155191443
10.149403713559293,8.690260989652776,0.6740565321450885,50.35548385614643,-6570.474155191443
10.149403713559293,8.690260989652776,0.6740565321450885,50.35548385614643,-6570.474155191443
10.149403713559293,8.690260989652776,0.6740565321450885,50.35548385614643,-6570.474155191443
10.149403713559293,8.690260989652776,0.6740565321450885,50.35548385614643,-6570.474155191443
9.987353596304926,7.573732559010933,0.7141967706163959,50.28301642941533,-6571.664273589574
9.987353596304926,7.573732559010933,0.7141967706163959,50.28301642941533,-6571.664273589574
9.987353596304926,7.573732559010933,0.7141967706163959,50.28301642941533,-6571.664273589574
10.15750337387912,8.612767788813327,0.7685633724367719,49.453891061652506,-6571.437923004886
10.15750337387912,8.612767788813327,0.7685633724367719,49.453891061652506,-6571.437923004886
10.15750337387912,8.612767788813327,0.7685633724367719,49.453891061652506,-6571.437923004886
10.15750337387912,8.612767788813327,0.7685633724367719,49.453891061652506,-6571.437923004886
10.15750337387912,8.612767788813327,0.7685633724367719,49.453891061652506,-6571.437923004886
10.15750337387912,8.612767788813327,0.7685633724367719,49.453891061652506,-6571.437923004886
10.15750337387912,8.612767788813327,0.7685633724367719,49.453891061652506,-6571.437923004886
10.15750337387912,8.612767788813327,0.7685633724367719,49.453891061652506,-6571.437923004886
9.818988457178577,11.074821083044494,0.6148534388679485,50.274577828457325,-6571.374711138317
9.818988457178577,11.074821083044494,0.6148534388679485,50.274577828457325,-6571.374711138317
9.818988457178577,11.074821083044494,0.6148534388679485,50.274577828457325,-6571.374711138317
9.818988457178577,11.074821083044494,0.6148534388679485,50.274577828457325,-6571.374711138317
10.286767713110667,9.796569290973448,0.5321350051461874,50.07918041787687,-6572.218802583007
10.286767713110667,9.796569290973448,0.5321350051461874,50.07918041787687,-6572.218802583007
10.286767713110667,9.796569290973448,0.5321350051461874,50.07918041787687,-6572.218802583007
10.091168399603713,9.563013693561894,0.5124150549714671,50.63993600167071,-6572.970825270722
10.091168399603713,9.563013693561894,0.5124150549714671,50.63993600167071,-6572.970825270722
10.091168399603713,9.563013693561894,0.5124150549714671,50.63993600167071,-6572.970825270722
10.091168399603713,9.563013693561894,0.5124150549714671,50.63993600167071,-6572.970825270722
11.242489375584883,7.367072802424143,0.5919613191151331,50.20749173546561,-6572.020244496314
11.242489375584883,7.367072802424143,0.5919613191151331,50.20749173546561,-6572.020244496314
11.387553373349881,9.249677510409503,0.602428905383802,49.97827046116963,-6573.448447194536
10.619999087560481,7.015059146136757,0.9005933938960564,49.81726604518952,-6571.276488401731
10.619999087560481,7.015059146136757,0.9005933938960564,49.81726604518952,-6571.276488401731
10.619999087560481,7.015059146136757,0.9005933938960564,49.81726604518952,-6571.276488401731
10.619999087560481,7.015059146136757,0.9005933938960564,49.81726604518952,-6571.276488401731
10.619999087560481,7.015059146136757,0.9005933938960564,49.81726604518952,-6571.276488401731
10.619999087560481,7.015059146136757,0.9005933938960564,49.81726604518952,-6571.276488401731
10.619999087560481,7.015059146136757,0.9005933938960564,49.81726604518952,-6571.276488401731
10.619999087560481,7.015059146136757,0.9005933938960564,49.81726604518952,-6571.276488401731
10.124139414884686,8.372459763721995,0.7381356683521294,49.94142056170339,-6570.513006751804
10.124139414884686,8.372459763721995,0.7381356683521294,49.94142056170339,-6570.513006751804
10.124139414884686,8.372459763721995,0.7381356683521294,49.94142056170339,-6570.513006751804
10.124139414884686,8.372459763721995,0.7381356683521294,49.94142056170339,-6570.513006751804
10.124139414884686,8.372459763721995,0.7381356683521294,49.94142056170339,-6570.513006751804
10.124139414884686,8.372459763721995,0.7381356683521294,49.94142056170339,-6570.513006751804
10.159948166246723,9.318408744067037,0.6151261074926202,50.21101490230875,-6570.926366517916
10.523917808855938,9.231701691614575,0.6909775659128196,50.20050499935092,-6570.800535866144
10.523917808855938,9.231701691614575,0.6909775659128196,50.20050499935092,-6570.800535866144
10.523917808855938,9.231701691614575,0.6909775659128196,50.20050499935092,-6570.800535866144
10.523917808855938,9.231701691614575,0.6909775659128196,50.20050499935092,-6570.800535866144
10.07336426502999,8.532327040992989,0.6909132089635405,51.043077026060644,-6571.166716609421
10.07336426502999,8.532327040992989,0.6909132089635405,51.043077026060644,-6571.166716609421
10.07336426502999,8.532327040992989,0.6909132089635405,51.043077026060644,-6571.166716609421
10.07336426502999,8.532327040992989,0.6909132089635405,51.043077026060644,-6571.166716609421
9.861900887007394,7.668108264212417,0.7888201517832149,50.519221781532046,-6571.03854103778
9.861900887007394,7.668108264212417,0.7888201517832149,50.519221781532046,-6571.03854103778
10.338701751381382,8.52237894440063,0.9685120577463945,50.963280583036564,-6573.05792675608
9.413254569376399,8.961224885658135,0.962540535702899,50.94190682398329,-6572.141722333496
9.413254569376399,8.961224885658135,0.962540535702899,50.94190682398329,-6572.141722333496
9.413254569376399,8.961224885658135,0.962540535702899,50.94190682398329,-6572.141722333496
9.413254569376399,8.961224885658135,0.962540535702899,50.94190682398329,-6572.141722333496
9.413254569376399,8.961224885658135,0.962540535702899,50.94190682398329,-6572.141722333496
9.413254569376399,8.961224885658135,0.962540535702899,50.94190682398329,-6572.141722333496
10.82304732267562,8.389290300737432,0.7674102074918137,51.261405033053954,-6572.029538236351
10.82304732267562,8.389290300737432,0.7674102074918137,51.261405033053954,-6572.029538236351
10.82304732267562,8.389290300737432,0.7674102074918137,51.261405033053954,-6572.029538236351
10.82304732267562,8.389290300737432,0.7674102074918137,51.261405033053954,-6572.029538236351
10.82304732267562,8.389290300737432,0.7674102074918137,51.261405033053954,-6572.029538236351
10.82304732267562,8.389290300737432,0.7674102074918137,51.261405033053954,-6572.029538236351
10.82304732267562,8.389290300737432,0.7674102074918137,51.261405033053954,-6572.029538236351
10.82304732267562,8.389290300737432,0.7674102074918137,51.261405033053954,-6572.029538236351
10.82304732267562,8.389290300737432,0.7674102074918137,51.261405033053954,-6572.029538236351
10.82304732267562,8.389290300737432,0.7674102074918137,51.261405033053954,-6572.029538236351
11.042877321460141,8.526813991689215,0.7340127151791147,50.87628765284216,-6571.8082456236025
11.042877321460141,8.526813991689215,0.7340127151791147,50.87628765284216,-6571.8082456236025
10.85049065836471,6.741014306045498,0.8404991657191105,50.872850394257675,-6570.992678787242
10.130719532830275,7.356398412747354,0.9173971360296841,50.88559894882031,-6571.240800607643
10.130719532830275,7.356398412747354,0.9173971360296841,50.88559894882031,-6571.240800607643
10.130719532830275,7.356398412747354,0.9173971360296841,50.88559894882031,-6571.240800607643
10.130719532830275,7.356398412747354,0.9173971360296841,50.88559894882031,-6571.240800607643
10.130719532830275,7.356398412747354,0.9173971360296841,50.88559894882031,-6571.240800607643
9.750654579319285,8.905855904714693,0.8148692392033574,50.73324714551822,-6570.549461601906
9.970395996398278,9.249251551757625,0.8831958656972283,50.337770342681125,-6571.239229417253
9.970395996398278,9.249251551757625,0.8831958656972283,50.337770342681125,-6571.239229417253
9.970395996398278,9.249251551757625,0.8831958656972283,50.337770342681125,-6571.239229417253
9.970395996398278,9.249251551757625,0.8831958656972283,50.337770342681125,-6571.239229417253
9.970395996398278,9.249251551757625,0.8831958656972283,50.337770342681125,-6571.239229417253
9.970395996398278,9.249251551757625,0.8831958656972283,50.337770342681125,-6571.239229417253
9.970395996398278,9.249251551757625,0.8831958656972283,50.337770342681125,-6571.239229417253
9.970395996398278,9.249251551757625,0.8831958656972283,50.337770342681125,-6571.239229417253
9.970395996398278,9.249251551757625,0.8831958656972283,50.337770342681125,-6571.239229417253
9.970395996398278,9.249251551757625,0.8831958656972283,50.337770342681125,-6571.239229417253
9.970395996398278,9.249251551757625,0.8831958656972283,50.337770342681125,-6571.239229417253
9.16161074261273,9.205839136106205,0.9441041903414733,50.000650220652844,-6571.674085636387
9.16161074261273,9.205839136106205,0.9441041903414733,50.000650220652844,-6571.674085636387
9.16161074261273,9.205839136106205,0.9441041903414733,50.000650220652844,-6571.674085636387
9.344778233143062,12.540239719805225,0.7167552450992556,49.49975604364252,-6574.137864364238
8.940351544781572,13.843298942384932,0.5557539710236615,50.093546368203434,-6574.124743597251
8.940351544781572,13.843298942384932,0.5557539710236615,50.093546368203434,-6574.124743597251
8.940351544781572,13.843298942384932,0.5557539710236615,50.093546368203434,-6574.124743597251
8.227554138597794,12.891953578561322,0.6387281290835645,49.92629261274463,-6573.91710278277
8.39546066044365,10.458933729311807,0.7949524563378648,50.4655313511486,-6573.097245323786
9.198109077560042,10.684309786580789,0.727108624045558,50.683131355462834,-6571.082315005152
9.198109077560042,10.684309786580789,0.727108624045558,50.683131355462834,-6571.082315005152
9.198109077560042,10.684309786580789,0.727108624045558,50.683131355462834,-6571.082315005152
9.198109077560042,10.684309786580789,0.727108624045558,50.683131355462834,-6571.082315005152
9.198109077560042,10.684309786580789,0.727108624045558,50.683131355462834,-6571.082315005152
9.860431281833176,9.61960476750431,0.6482049657578175,49.86081215894536,-6571.103696021912
9.860431281833176,9.61960476750431,0.6482049657578175,49.86081215894536,-6571.103696021912
9.860431281833176,9.61960476750431,0.6482049657578175,49.86081215894536,-6571.103696021912
9.860431281833176,9.61960476750431,0.6482049657578175,49.86081215894536,-6571.103696021912
9.860431281833176,9.61960476750431,0.6482049657578175,49.86081215894536,-6571.103696021912
9.860431281833176,9.61960476750431,0.6482049657578175,49.86081215894536,-6571.103696021912
9.860431281833176,9.61960476750431,0.6482049657578175,49.86081215894536,-6571.103696021912
9.860431281833176,9.61960476750431,0.6482049657578175,49.86081215894536,-6571.103696021912
9.860431281833176,9.61960476750431,0.6482049657578175,49.86081215894536,-6571.103696021912
9.860431281833176,9.61960476750431,0.6482049657578175,49.86081215894536,-6571.103696021912
9.350245215546963,9.517777758374692,0.7392381306359298,50.48172263518426,-6570.830990476747
10.37015902676578,8.219876309180597,0.6163096493135694,50.563421577677644,-6571.397378360185
10.37015902676578,8.219876309180597,0.6163096493135694,50.563421577677644,-6571.397378360185
9.695098917164922,9.269343256784595,0.6420152581401085,50.63074517660996,-6571.329670488576
9.695098917164922,9.269343256784595,0.6420152581401085,50.63074517660996,-6571.329670488576
9.695098917164922,9.269343256784595,0.6420152581401085,50.63074517660996,-6571.329670488576
9.695098917164922,9.269343256784595,0.6420152581401085,50.63074517660996,-6571.329670488576
10.485150568640428,9.378792613159492,0.5920587857541676,50.12624174675629,-6571.273234539653
10.485150568640428,9.378792613159492,0.5920587857541676,50.12624174675629,-6571.273234539653
10.485150568640428,9.378792613159492,0.5920587857541676,50.12624174675629,-6571.273234539653
10.485150568640428,9.378792613159492,0.5920587857541676,50.12624174675629,-6571.273234539653
10.485150568640428,9.378792613159492,0.5920587857541676,50.12624174675629,-6571.273234539653
10.485150568640428,9.378792613159492,0.5920587857541676,50.12624174675629,-6571.273234539653
10.485150568640428,9.378792613159492,0.5920587857541676,50.12624174675629,-6571.273234539653
10.485150568640428,9.378792613159492,0.5920587857541676,50.12624174675629,-6571.273234539653
10.485150568640428,9.378792613159492,0.5920587857541676,50.12624174675629,-6571.273234539653
9.817027379547767,9.450625785616486,0.5842134097090318,50.25663607791209,-6571.8834232553945
10.429554705886535,7.956936433377077,0.7980932229648312,49.638141751452295,-6571.067855314226
10.429554705886535,7.956936433377077,0.7980932229648312,49.638141751452295,-6571.067855314226
10.429554705886535,7.956936433377077,0.7980932229648312,49.638141751452295,-6571.067855314226
10.382226679928973,6.787963900074509,0.8704250544161858,50.54599535323059,-6570.7887685901815
10.382226679928973,6.787963900074509,0.8704250544161858,50.54599535323059,-6570.7887685901815
10.382226679928973,6.787963900074509,0.8704250544161858,50.54599535323059,-6570.7887685901815
10.382226679928973,6.787963900074509,0.8704250544161858,50.54599535323059,-6570.7887685901815
10.382226679928973,6.787963900074509,0.8704250544161858,50.54599535323059,-6570.7887685901815
10.382226679928973,6.787963900074509,0.8704250544161858,50.54599535323059,-6570.7887685901815
10.842591732631112,5.874832335573655,0.9208900276361172,50.13609936685605,-6571.4093763458
10.897658835026972,5.744072147130367,1.014514999052298,49.62605944754441,-6572.951974970895
10.897658835026972,5.744072147130367,1.014514999052298,49.62605944754441,-6572.951974970895
12.52508883565715,4.557305832850283,0.8695617079317299,50.272710059976454,-6574.213000580276
12.52508883565715,4.557305832850283,0.8695617079317299,50.272710059976454,-6574.213000580276
12.52508883565715,4.557305832850283,0.8695617079317299,50.272710059976454,-6574.213000580276
11.581210640233092,5.770413730912562,0.8836080867626396,50.12844164177958,-6572.124892559968
11.200618105586937,4.593197443815136,0.7984719449973413,49.87620913361764,-6573.906414712817
11.200618105586937,4.593197443815136,0.7984719449973413,49.87620913361764,-6573.906414712817
11.200618105586937,4.593197443815136,0.7984719449973413,49.87620913361764,-6573.906414712817
11.200618105586937,4.593197443815136,0.7984719449973413,49.87620913361764,-6573.906414712817
11.200618105586937,4.593197443815136,0.7984719449973413,49.87620913361764,-6573.906414712817
11.507527583733202,6.533599138240666,0.7038444202126045,49.366141834404665,-6573.17508867154
11.507527583733202,6.533599138240666,0.7038444202126045,49.366141834404665,-6573.17508867154
10.925375875861663,7.32348773168908,0.6679256508959774,50.0523271383414,-6571.155666164108
10.925375875861663,7.32348773168908,0.6679256508959774,50.0523271383414,-6571.155666164108
10.71212770472379,6.710948883575417,0.8549731882485032,49.57900951432971,-6571.628616848711
10.71212770472379,6.710948883575417,0.8549731882485032,49.57900951432971,-6571.628616848711
10.71212770472379,6.710948883575417,0.8549731882485032,49.57900951432971,-6571.628616848711
10.506654332956675,8.049191027661795,0.6540086219670097,50.12373022106649,-6570.916025686567
10.506654332956675,8.049191027661795,0.6540086219670097,50.12373022106649,-6570.916025686567
10.506654332956675,8.049191027661795,0.6540086219670097,50.12373022106649,-6570.916025686567
10.506654332956675,8.049191027661795,0.6540086219670097,50.12373022106649,-6570.916025686567
10.506654332956675,8.049191027661795,0.6540086219670097,50.12373022106649,-6570.916025686567
10.506654332956675,8.049191027661795,0.6540086219670097,50.12373022106649,-6570.916025686567
10.506654332956675,8.049191027661795,0.6540086219670097,50.12373022106649,-6570.916025686567
10.506654332956675,8.049191027661795,0.6540086219670097,50.12373022106649,-6570.916025686567
10.506654332956675,8.049191027661795,0.6540086219670097,50.12373022106649,-6570.916025686567
10.506654332956675,8.049191027661795,0.6540086219670097,50.12373022106649,-6570.916025686567
10.506654332956675,8.049191027661795,0.6540086219670097,50.12373022106649,-6570.916025686567
10.506654332956675,8.049191027661795,0.6540086219670097,50.12373022106649,-6570.916025686567
10.506654332956675,8.049191027661795,0.6540086219670097,50.12373022106649,-6570.916025686567
9.705664643477844,7.824809233574236,0.9054722182302253,50.4508910383128,-6570.976647424367
10.333762828796393,7.820595251919663,0.8162473169077121,50.77302339315419,-6570.4808774864805
10.333762828796393,7.820595251919663,0.8162473169077121,50.77302339315419,-6570.4808774864805
10.333762828796393,7.820595251919663,0.8162473169077121,50.77302339315419,-6570.4808774864805
10.333762828796393,7.820595251919663,0.8162473169077121,50.77302339315419,-6570.4808774864805
10.333762828796393,7.820595251919663,0.8162473169077121,50.77302339315419,-6570.4808774864805
10.333762828796393,7.820595251919663,0.8162473169077121,50.77302339315419,-6570.4808774864805
10.092046813646649,7.354520275576491,0.8095144106773352,51.197510492113764,-6571.827549547372
10.395276758217943,9.20332235851378,0.7346873001763444,51.38785729904729,-6572.059572907969
10.395276758217943,9.20332235851378,0.7346873001763444,51.38785729904729,-6572.059572907969
10.395276758217943,9.20332235851378,0.7346873001763444,51.38785729904729,-6572.059572907969
10.395276758217943,9.20332235851378,0.7346873001763444,51.38785729904729,-6572.059572907969
9.161569862045951,10.196674644283005,0.7201548188711587,51.34539541549787,-6572.674985513506
9.161569862045951,10.196674644283005,0.7201548188711587,51.34539541549787,-6572.674985513506
9.161569862045951,10.196674644283005,0.7201548188711587,51.34539541549787,-6572.674985513506
9.161569862045951,10.196674644283005,0.7201548188711587,51.34539541549787,-6572.674985513506
9.474171953210412,8.130744837009036,0.7175637942738404,50.91738559672739,-6573.158879021974
8.840398938365338,9.656227200322109,0.8846748723182295,50.23650200700923,-6571.789692012311
8.840398938365338,9.656227200322109,0.8846748723182295,50.23650200700923,-6571.789692012311
8.840398938365338,9.656227200322109,0.8846748723182295,50.23650200700923,-6571.789692012311
9.93606680421003,7.135354719194793,0.8553552246701969,49.727375795152476,-6571.794167837216
10.698476637434403,8.203154762080695,0.7440847720374796,50.00840541298605,-6570.695701440508
10.698476637434403,8.203154762080695,0.7440847720374796,50.00840541298605,-6570.695701440508
10.698476637434403,8.203154762080695,0.7440847720374796,50.00840541298605,-6570.695701440508
10.698476637434403,8.203154762080695,0.7440847720374796,50.00840541298605,-6570.695701440508
10.698476637434403,8.203154762080695,0.7440847720374796,50.00840541298605,-6570.695701440508
10.698476637434403,8.203154762080695,0.7440847720374796,50.00840541298605,-6570.695701440508
10.698476637434403,8.203154762080695,0.7440847720374796,50.00840541298605,-6570.695701440508
10.698476637434403,8.203154762080695,0.7440847720374796,50.00840541298605,-6570.695701440508
10.698476637434403,8.203154762080695,0.7440847720374796,50.00840541298605,-6570.695701440508
10.698476637434403,8.203154762080695,0.7440847720374796,50.00840541298605,-6570.695701440508
10.698476637434403,8.203154762080695,0.7440847720374796,50.00840541298605,-6570.695701440508
10.698476637434403,8.203154762080695,0.7440847720374796,50.00840541298605,-6570.695701440508
10.698476637434403,8.203154762080695,0.7440847720374796,50.00840541298605,-6570.695701440508
10.698476637434403,8.203154762080695,0.7440847720374796,50.00840541298605,-6570.695701440508
10.698476637434403,8.203154762080695,0.7440847720374796,50.00840541298605,-6570.695701440508
10.698476637434403,8.203154762080695,0.7440847720374796,50.00840541298605,-6570.695701440508
10.698476637434403,8.203154762080695,0.7440847720374796,50.00840541298605,-6570.695701440508
10.698476637434403,8.203154762080695,0.7440847720374796,50.00840541298605,-6570.695701440508
10.698476637434403,8.203154762080695,0.7440847720374796,50.00840541298605,-6570.695701440508
10.698476637434403,8.203154762080695,0.7440847720374796,50.00840541298605,-6570.695701440508
10.698476637434403,8.203154762080695,0.7440847720374796,50.00840541298605,-6570.695701440508
10.698476637434403,8.203154762080695,0.7440847720374796,50.00840541298605,-6570.695701440508
10.698476637434403,8.203154762080695,0.7440847720374796,50.00840541298605,-6570.695701440508
10.698476637434403,8.203154762080695,0.7440847720374796,50.00840541298605,-6570.695701440508
10.698476637434403,8.203154762080695,0.7440847720374796,50.00840541298605,-6570.695701440508
10.698476637434403,8.203154762080695,0.7440847720374796,50.00840541298605,-6570.695701440508
10.698476637434403,8.203154762080695,0.7440847720374796,50.00840541298605,-6570.695701440508
10.698476637434403,8.203154762080695,0.7440847720374796,50.00840541298605,-6570.695701440508
10.698476637434403,8.203154762080695,0.7440847720374796,50.00840541298605,-6570.695701440508
9.66775264099493,8.419110456561134,0.7833990739170644,50.41896693351668,-6570.664266176783
9.66775264099493,8.419110456561134,0.7833990739170644,50.41896693351668,-6570.664266176783
9.66775264099493,8.419110456561134,0.7833990739170644,50.41896693351668,-6570.664266176783
9.66775264099493,8.419110456561134,0.7833990739170644,50.41896693351668,-6570.664266176783
9.66775264099493,8.419110456561134,0.7833990739170644,50.41896693351668,-6570.664266176783
9.66775264099493,8.419110456561134,0.7833990739170644,50.41896693351668,-6570.664266176783
9.66775264099493,8.419110456561134,0.7833990739170644,50.41896693351668,-6570.664266176783
9.66775264099493,8.419110456561134,0.7833990739170644,50.41896693351668,-6570.664266176783
9.66775264099493,8.419110456561134,0.7833990739170644,50.41896693351668,-6570.664266176783
9.66775264099493,8.419110456561134,0.7833990739170644,50.41896693351668,-6570.664266176783
9.66775264099493,8.419110456561134,0.7833990739170644,50.41896693351668,-6570.664266176783
9.66775264099493,8.419110456561134,0.7833990739170644,50.41896693351668,-6570.664266176783
9.66775264099493,8.419110456561134,0.7833990739170644,50.41896693351668,-6570.664266176783
9.66775264099493,8.419110456561134,0.7833990739170644,50.41896693351668,-6570.664266176783
9.66775264099493,8.419110456561134,0.7833990739170644,50.41896693351668,-6570.664266176783
9.66775264099493,8.419110456561134,0.7833990739170644,50.41896693351668,-6570.664266176783
9.527737748677456,9.852456923439666,0.7862295604563053,49.98058384007146,-6570.692590266446
9.527737748677456,9.852456923439666,0.7862295604563053,49.98058384007146,-6570.692590266446
8.424892131792026,10.188844351483297,1.012722642226783,50.18093685411692,-6573.5796105925165
8.424892131792026,10.188844351483297,1.012722642226783,50.18093685411692,-6573.5796105925165
8.424892131792026,10.188844351483297,1.012722642226783,50.18093685411692,-6573.5796105925165
8.424892131792026,10.188844351483297,1.012722642226783,50.18093685411692,-6573.5796105925165
8.424892131792026,10.188844351483297,1.012722642226783,50.18093685411692,-6573.5796105925165
8.424892131792026,10.188844351483297,1.012722642226783,50.18093685411692,-6573.5796105925165
8.424892131792026,10.188844351483297,1.012722642226783,50.18093685411692,-6573.5796105925165
8.424892131792026,10.188844351483297,1.012722642226783,50.18093685411692,-6573.5796105925165
8.424892131792026,10.188844351483297,1.012722642226783,50.18093685411692,-6573.5796105925165
8.424892131792026,10.188844351483297,1.012722642226783,50.18093685411692,-6573.5796105925165
8.424892131792026,10.188844351483297,1.012722642226783,50.18093685411692,-6573.5796105925165
8.424892131792026,10.188844351483297,1.012722642226783,50.18093685411692,-6573.5796105925165
8.424892131792026,10.188844351483297,1.012722642226783,50.18093685411692,-6573.5796105925165
8.424892131792026,10.188844351483297,1.012722642226783,50.18093685411692,-6573.5796105925165
8.424892131792026,10.188844351483297,1.012722642226783,50.18093685411692,-6573.5796105925165
8.424892131792026,10.188844351483297,1.012722642226783,50.18093685411692,-6573.5796105925165
9.43170390176895,11.276569625080876,0.9010341260495958,50.39202490366375,-6573.519876612945
9.000380524494135,12.100572200709104,0.8735876122296283,50.47681909994842,-6573.64060441687
9.000380524494135,12.100572200709104,0.8735876122296283,50.47681909994842,-6573.64060441687
9.327929615711938,11.017432689280696,0.7739384016997843,50.59540770462969,-6571.352329906798
9.327929615711938,11.017432689280696,0.7739384016997843,50.59540770462969,-6571.352329906798
9.327929615711938,11.017432689280696,0.7739384016997843,50.59540770462969,-6571.352329906798
9.327929615711938,11.017432689280696,0.7739384016997843,50.59540770462969,-6571.352329906798
9.327929615711938,11.017432689280696,0.7739384016997843,50.59540770462969,-6571.352329906798
9.611046525773274,10.155444814967945,0.8194979809920133,50.834706900861995,-6571.369134569206
9.611046525773274,10.155444814967945,0.8194979809920133,50.834706900861995,-6571.369134569206
9.611046525773274,10.155444814967945,0.8194979809920133,50.834706900861995,-6571.369134569206
9.611046525773274,10.155444814967945,0.8194979809920133,50.834706900861995,-6571.369134569206
9.611046525773274,10.155444814967945,0.8194979809920133,50.834706900861995,-6571.369134569206
9.738764007837954,10.391087473109998,0.6589768477747618,50.59945297929252,-6570.773956838018
9.565916238822696,10.658781067393953,0.793904184797627,50.920779740534805,-6571.774497584937
9.565916238822696,10.658781067393953,0.793904184797627,50.920779740534805,-6571.774497584937
9.136973840796148,10.093823642630602,0.5797900113523635,50.56533976356752,-6573.644097961658
10.285031206466318,9.236539085355828,0.6260413054288411,50.92467636258695,-6571.076718908972
10.285031206466318,9.236539085355828,0.6260413054288411,50.92467636258695,-6571.076718908972
10.581942102758152,8.00532702765414,0.7775085069268544,50.462045723039196,-6570.319668093001
10.581942102758152,8.00532702765414,0.7775085069268544,50.462045723039196,-6570.319668093001
10.88627844210596,7.496714627664616,0.7681536652181925,50.60077471855411,-6570.561477724637
10.88627844210596,7.496714627664616,0.7681536652181925,50.60077471855411,-6570.561477724637
10.88627844210596,7.496714627664616,0.7681536652181925,50.60077471855411,-6570.561477724637
10.88627844210596,7.496714627664616,0.7681536652181925,50.60077471855411,-6570.561477724637
10.88627844210596,7.496714627664616,0.7681536652181925,50.60077471855411,-6570.561477724637
10.88627844210596,7.496714627664616,0.7681536652181925,50.60077471855411,-6570.561477724637
10.88627844210596,7.496714627664616,0.7681536652181925,50.60077471855411,-6570.561477724637
10.88627844210596,7.496714627664616,0.7681536652181925,50.60077471855411,-6570.561477724637
10.88627844210596,7.496714627664616,0.7681536652181925,50.60077471855411,-6570.561477724637
10.88627844210596,7.496714627664616,0.7681536652181925,50.60077471855411,-6570.561477724637
10.88627844210596,7.496714627664616,0.7681536652181925,50.60077471855411,-6570.561477724637
10.88627844210596,7.496714627664616,0.7681536652181925,50.60077471855411,-6570.561477724637
10.88627844210596,7.496714627664616,0.7681536652181925,50.60077471855411,-6570.561477724637
10.88627844210596,7.496714627664616,0.7681536652181925,50.60077471855411,-6570.561477724637
10.88627844210596,7.496714627664616,0.7681536652181925,50.60077471855411,-6570.561477724637
10.617745271087898,7.462402564009319,0.7424603854642028,50.003327942489825,-6570.611653153242
10.617745271087898,7.462402564009319,0.7424603854642028,50.003327942489825,-6570.611653153242
10.617745271087898,7.462402564009319,0.7424603854642028,50.003327942489825,-6570.611653153242
10.807691126110225,6.292341910779904,0.786798371593022,50.256481794054345,-6571.020390685695
10.807691126110225,6.292341910779904,0.786798371593022,50.256481794054345,-6571.020390685695
11.194661632990364,5.753276652370576,0.9614783784968532,50.236875945849725,-6572.0059639218125
10.417166232517916,5.410026633731739,1.068488651649554,49.93116533691268,-6573.204469734275
10.417166232517916,5.410026633731739,1.068488651649554,49.93116533691268,-6573.204469734275
10.417166232517916,5.410026633731739,1.068488651649554,49.93116533691268,-6573.204469734275
10.628486452198871,7.562173687588336,1.0619589624212038,50.39595075950481,-6573.747930080634
10.475875996298988,5.867857895133921,1.1023540560262124,50.3516007143049,-6572.935503053086
10.475875996298988,5.867857895133921,1.1023540560262124,50.3516007143049,-6572.935503053086
10.475875996298988,5.867857895133921,1.1023540560262124,50.3516007143049,-6572.935503053086
10.475875996298988,5.867857895133921,1.1023540560262124,50.3516007143049,-6572.935503053086
10.475875996298988,5.867857895133921,1.1023540560262124,50.3516007143049,-6572.935503053086
10.475875996298988,5.867857895133921,1.1023540560262124,50.3516007143049,-6572.935503053086
10.527766364716788,5.820138556906602,1.079393545784742,51.236094001754296,-6573.888437667899
10.527766364716788,5.820138556906602,1.079393545784742,51.236094001754296,-6573.888437667899
10.609547588397826,4.837241879667948,1.1183535011186982,50.705851170708485,-6574.0010923481395
10.609547588397826,4.837241879667948,1.1183535011186982,50.705851170708485,-6574.0010923481395
10.609547588397826,4.837241879667948,1.1183535011186982,50.705851170708485,-6574.0010923481395
9.641013536721728,8.320031173495314,0.9436899643778087,51.69339823700067,-6574.062810224401
9.641013536721728,8.320031173495314,0.9436899643778087,51.69339823700067,-6574.062810224401
9.641013536721728,8.320031173495314,0.9436899643778087,51.69339823700067,-6574.062810224401
9.515380991623731,8.402670553396401,0.8128229923486205,51.172813907047455,-6572.07755449428
9.515380991623731,8.402670553396401,0.8128229923486205,51.172813907047455,-6572.07755449428
9.515380991623731,8.402670553396401,0.8128229923486205,51.172813907047455,-6572.07755449428
10.001680811287724,8.381137252180933,0.968933907834246,51.18789488252777,-6572.687827899898
10.001680811287724,8.381137252180933,0.968933907834246,51.18789488252777,-6572.687827899898
10.001680811287724,8.381137252180933,0.968933907834246,51.18789488252777,-6572.687827899898
10.001680811287724,8.381137252180933,0.968933907834246,51.18789488252777,-6572.687827899898
10.001680811287724,8.381137252180933,0.968933907834246,51.18789488252777,-6572.687827899898
10.001680811287724,8.381137252180933,0.968933907834246,51.18789488252777,-6572.687827899898
10.001680811287724,8.381137252180933,0.968933907834246,51.18789488252777,-6572.687827899898
9.871075555689416,8.885098309525812,0.9152623586409417,51.179537930752716,-6572.22254641761
10.04968112074862,9.760412984899101,0.7291235643712921,50.986852949302836,-6571.088530840108
10.437363532586144,10.941913917332165,0.6509919324301446,51.39268010394783,-6573.930290283589
10.437363532586144,10.941913917332165,0.6509919324301446,51.39268010394783,-6573.930290283589
10.437363532586144,10.941913917332165,0.6509919324301446,51.39268010394783,-6573.930290283589
9.909371937666233,9.483232305924165,0.5119620978919288,51.47527303065705,-6575.33039287413
9.909371937666233,9.483232305924165,0.5119620978919288,51.47527303065705,-6575.33039287413
9.909371937666233,9.483232305924165,0.5119620978919288,51.47527303065705,-6575.33039287413
9.909371937666233,9.483232305924165,0.5119620978919288,51.47527303065705,-6575.33039287413
9.909371937666233,9.483232305924165,0.5119620978919288,51.47527303065705,-6575.33039287413
9.909371937666233,9.483232305924165,0.5119620978919288,51.47527303065705,-6575.33039287413
8.178527242402508,11.453468102582468,0.5937041448312668,50.97890022053849,-6577.205908970826
8.178527242402508,11.453468102582468,0.5937041448312668,50.97890022053849,-6577.205908970826
8.178527242402508,11.453468102582468,0.5937041448312668,50.97890022053849,-6577.205908970826
8.815680716834153,12.374945186795873,0.7232105603370355,51.087445090749505,-6573.112286121284
8.815680716834153,12.374945186795873,0.7232105603370355,51.087445090749505,-6573.112286121284
8.815680716834153,12.374945186795873,0.7232105603370355,51.087445090749505,-6573.112286121284
8.815680716834153,12.374945186795873,0.7232105603370355,51.087445090749505,-6573.112286121284
8.815680716834153,12.374945186795873,0.7232105603370355,51.087445090749505,-6573.112286121284
8.815680716834153,12.374945186795873,0.7232105603370355,51.087445090749505,-6573.112286121284
8.815680716834153,12.374945186795873,0.7232105603370355,51.087445090749505,-6573.112286121284
8.815680716834153,12.374945186795873,0.7232105603370355,51.087445090749505,-6573.112286121284
8.815680716834153,12.374945186795873,0.7232105603370355,51.087445090749505,-6573.112286121284
8.815680716834153,12.374945186795873,0.7232105603370355,51.087445090749505,-6573.112286121284
8.815680716834153,12.374945186795873,0.7232105603370355,51.087445090749505,-6573.112286121284
8.815680716834153,12.374945186795873,0.7232105603370355,51.087445090749505,-6573.112286121284
8.815680716834153,12.374945186795873,0.7232105603370355,51.087445090749505,-6573.112286121284
8.815680716834153,12.374945186795873,0.7232105603370355,51.087445090749505,-6573.112286121284
8.815680716834153,12.374945186795873,0.7232105603370355,51.087445090749505,-6573.112286121284
8.815680716834153,12.374945186795873,0.7232105603370355,51.087445090749505,-6573.112286121284
8.815680716834153,12.374945186795873,0.7232105603370355,51.087445090749505,-6573.112286121284
10.81874402409991,9.658182810799262,0.5257423814302946,51.09447925886403,-6572.734993650121
10.81874402409991,9.658182810799262,0.5257423814302946,51.09447925886403,-6572.734993650121
10.81874402409991,9.658182810799262,0.5257423814302946,51.09447925886403,-6572.734993650121
10.238580357674058,11.228664165414854,0.5322584740025331,51.07066836283638,-6572.958306214932
10.238580357674058,11.228664165414854,0.5322584740025331,51.07066836283638,-6572.958306214932
10.622629751378973,9.333696263733701,0.6756619642996988,51.233734450245954,-6571.909121372422
10.067113943604864,7.752349626661356,0.7329327428915615,51.15534010504313,-6571.832708153667
10.384101418773112,7.208551559096997,0.6188577806839441,50.46046452720941,-6573.146123610393
10.384101418773112,7.208551559096997,0.6188577806839441,50.46046452720941,-6573.146123610393
10.641052996068114,8.45766061688238,0.6686560442034197,50.21045833271212,-6570.590740027081
10.641052996068114,8.45766061688238,0.6686560442034197,50.21045833271212,-6570.590740027081
10.620912587853125,11.029948536354421,0.6126449120613741,50.42974777165579,-6573.249844681403
10.620912587853125,11.029948536354421,0.6126449120613741,50.42974777165579,-6573.249844681403
10.94882394273356,7.958030944158644,0.6136585305681574,50.950578033377305,-6571.523072018382
10.94882394273356,7.958030944158644,0.6136585305681574,50.950578033377305,-6571.523072018382
10.94882394273356,7.958030944158644,0.6136585305681574,50.950578033377305,-6571.523072018382
10.94882394273356,7.958030944158644,0.6136585305681574,50.950578033377305,-6571.523072018382
10.94882394273356,7.958030944158644,0.6136585305681574,50.950578033377305,-6571.523072018382
10.62103180426866,5.638822240312093,0.7651944581458963,50.777632689780994,-6573.197649583994
10.62103180426866,5.638822240312093,0.7651944581458963,50.777632689780994,-6573.197649583994
10.62103180426866,5.638822240312093,0.7651944581458963,50.777632689780994,-6573.197649583994
10.62103180426866,5.638822240312093,0.7651944581458963,50.777632689780994,-6573.197649583994
12.048710676362395,3.9416212044712555,0.9515926591784272,50.91321922335381,-6573.8946031689575
12.048710676362395,3.9416212044712555,0.9515926591784272,50.91321922335381,-6573.8946031689575
11.884502363991366,6.275884411527571,0.7590760644744046,50.25434632646249,-6572.2309648890005
11.884502363991366,6.275884411527571,0.7590760644744046,50.25434632646249,-6572.2309648890005
11.884502363991366,6.275884411527571,0.7590760644744046,50.25434632646249,-6572.2309648890005
11.884502363991366,6.275884411527571,0.7590760644744046,50.25434632646249,-6572.2309648890005
11.347650008269156,6.588173384202046,0.6183206796932558,50.67707654346449,-6572.203402864103
10.205272285970464,7.170251069723824,0.6330840769838695,50.45813787622014,-6573.609699081269
10.205272285970464,7.170251069723824,0.6330840769838695,50.45813787622014,-6573.609699081269
11.740318756932476,5.354725575571747,0.8948572509663223,49.63348275306517,-6573.262349197261
11.740318756932476,5.354725575571747,0.8948572509663223,49.63348275306517,-6573.262349197261
11.740318756932476,5.354725575571747,0.8948572509663223,49.63348275306517,-6573.262349197261
11.740318756932476,5.354725575571747,0.8948572509663223,49.63348275306517,-6573.262349197261
12.132509279829815,4.583153856931278,0.7725212302642135,49.99565731843095,-6573.206848667283
12.132509279829815,4.583153856931278,0.7725212302642135,49.99565731843095,-6573.206848667283
12.697037429662565,4.62121325521558,0.7500618755798156,50.53260742557884,-6573.967159810771
12.121900802391306,6.435007502186388,0.6530943446304629,50.17887692859971,-6572.925338448755
12.121900802391306,6.435007502186388,0.6530943446304629,50.17887692859971,-6572.925338448755
12.121900802391306,6.435007502186388,0.6530943446304629,50.17887692859971,-6572.925338448755
11.070296846348942,9.475047536749926,0.5338634070053582,50.09502169310631,-6572.791008639015
11.070296846348942,9.475047536749926,0.5338634070053582,50.09502169310631,-6572.791008639015
10.23010068469829,10.647973211495872,0.6303709594559321,49.88821816448239,-6571.9679034563715
10.23010068469829,10.647973211495872,0.6303709594559321,49.88821816448239,-6571.9679034563715
10.23010068469829,10.647973211495872,0.6303709594559321,49.88821816448239,-6571.9679034563715
10.23010068469829,10.647973211495872,0.6303709594559321,49.88821816448239,-6571.9679034563715
10.23010068469829,10.647973211495872,0.6303709594559321,49.88821816448239,-6571.9679034563715
10.23010068469829,10.647973211495872,0.6303709594559321,49.88821816448239,-6571.9679034563715
10.23010068469829,10.647973211495872,0.6303709594559321,49.88821816448239,-6571.9679034563715
10.23010068469829,10.647973211495872,0.6303709594559321,49.88821816448239,-6571.9679034563715
10.23010068469829,10.647973211495872,0.6303709594559321,49.88821816448239,-6571.9679034563715
9.549954950633849,9.96576758404284,0.6698414493662681,50.11609086480402,-6570.836051558817
9.549954950633849,9.96576758404284,0.6698414493662681,50.11609086480402,-6570.836051558817
9.549954950633849,9.96576758404284,0.6698414493662681,50.11609086480402,-6570.836051558817
9.549954950633849,9.96576758404284,0.6698414493662681,50.11609086480402,-6570.836051558817
9.549954950633849,9.96576758404284,0.6698414493662681,50.11609086480402,-6570.836051558817
9.549954950633849,9.96576758404284,0.6698414493662681,50.11609086480402,-6570.836051558817
9.549954950633849,9.96576758404284,0.6698414493662681,50.11609086480402,-6570.836051558817
9.749538542507928,10.277701573793744,0.6858105040473761,51.00467567837031,-6571.191216685752
9.749538542507928,10.277701573793744,0.6858105040473761,51.00467567837031,-6571.191216685752
9.749538542507928,10.277701573793744,0.6858105040473761,51.00467567837031,-6571.191216685752
9.749538542507928,10.277701573793744,0.6858105040473761,51.00467567837031,-6571.191216685752
10.043298752722919,9.651550744291729,0.6726720261568704,50.67333545723234,-6570.552816241093
10.043298752722919,9.651550744291729,0.6726720261568704,50.67333545723234,-6570.552816241093
9.468590252475087,9.169975963763113,0.7874628897189319,50.3096926634858,-6570.546843355894
9.468590252475087,9.169975963763113,0.7874628897189319,50.3096926634858,-6570.546843355894
9.468590252475087,9.169975963763113,0.7874628897189319,50.3096926634858,-6570.546843355894
9.468590252475087,9.169975963763113,0.7874628897189319,50.3096926634858,-6570.546843355894
9.468590252475087,9.169975963763113,0.7874628897189319,50.3096926634858,-6570.546843355894
9.468590252475087,9.169975963763113,0.7874628897189319,50.3096926634858,-6570.546843355894
9.468590252475087,9.169975963763113,0.7874628897189319,50.3096926634858,-6570.546843355894
9.468590252475087,9.169975963763113,0.7874628897189319,50.3096926634858,-6570.546843355894
9.468590252475087,9.169975963763113,0.7874628897189319,50.3096926634858,-6570.546843355894
9.468590252475087,9.169975963763113,0.7874628897189319,50.3096926634858,-6570.546843355894
9.286296528637193,9.85953590103944,0.8546223860730741,49.8284435910224,-6571.2769321508285
9.286296528637193,9.85953590103944,0.8546223860730741,49.8284435910224,-6571.2769321508285
9.286296528637193,9.85953590103944,0.8546223860730741,49.8284435910224,-6571.2769321508285
9.286296528637193,9.85953590103944,0.8546223860730741,49.8284435910224,-6571.2769321508285
9.286296528637193,9.85953590103944,0.8546223860730741,49.8284435910224,-6571.2769321508285
9.286296528637193,9.85953590103944,0.8546223860730741,49.8284435910224,-6571.2769321508285
9.286296528637193,9.85953590103944,0.8546223860730741,49.8284435910224,-6571.2769321508285
9.651778772042496,9.230083183117957,0.8863423443469158,49.706339424524984,-6571.427405297585
9.651778772042496,9.230083183117957,0.8863423443469158,49.706339424524984,-6571.427405297585
9.651778772042496,9.230083183117957,0.8863423443469158,49.706339424524984,-6571.427405297585
9.708508655390482,11.470970146964417,0.5753610879218551,49.60524860552973,-6572.843762587268
9.708508655390482,11.470970146964417,0.5753610879218551,49.60524860552973,-6572.843762587268
9.708508655390482,11.470970146964417,0.5753610879218551,49.60524860552973,-6572.843762587268
9.708508655390482,11.470970146964417,0.5753610879218551,49.60524860552973,-6572.843762587268
9.708508655390482,11.470970146964417,0.5753610879218551,49.60524860552973,-6572.843762587268
9.708508655390482,11.470970146964417,0.5753610879218551,49.60524860552973,-6572.843762587268
9.708508655390482,11.470970146964417,0.5753610879218551,49.60524860552973,-6572.843762587268
9.666014256399631,11.038339611006684,0.5167461798479145,50.24698872562137,-6572.612867834915
9.666014256399631,11.038339611006684,0.5167461798479145,50.24698872562137,-6572.612867834915
9.720902876776453,9.606769338076715,0.5823941588997215,50.16437905809155,-6572.06652772638
11.295579704965146,6.319497433970989,0.6636708823039321,50.12137256874709,-6571.977471257784
11.553922778053229,6.729658067102105,0.8142351634139846,50.34581113607033,-6571.91600241088
11.647475119636255,7.191885315122026,0.8387640516572967,50.641411821563906,-6573.235591029182
10.30749119397637,7.563588414000891,0.9226108667690348,50.81675049842715,-6571.205452854989
10.30749119397637,7.563588414000891,0.9226108667690348,50.81675049842715,-6571.205452854989
10.30749119397637,7.563588414000891,0.9226108667690348,50.81675049842715,-6571.205452854989
10.30749119397637,7.563588414000891,0.9226108667690348,50.81675049842715,-6571.205452854989
10.30749119397637,7.563588414000891,0.9226108667690348,50.81675049842715,-6571.205452854989
10.30749119397637,7.563588414000891,0.9226108667690348,50.81675049842715,-6571.205452854989
10.30749119397637,7.563588414000891,0.9226108667690348,50.81675049842715,-6571.205452854989
10.30749119397637,7.563588414000891,0.9226108667690348,50.81675049842715,-6571.205452854989
10.30749119397637,7.563588414000891,0.9226108667690348,50.81675049842715,-6571.205452854989
10.30749119397637,7.563588414000891,0.9226108667690348,50.81675049842715,-6571.205452854989
10.30749119397637,7.563588414000891,0.9226108667690348,50.81675049842715,-6571.205452854989
10.30749119397637,7.563588414000891,0.9226108667690348,50.81675049842715,-6571.205452854989
10.30749119397637,7.563588414000891,0.9226108667690348,50.81675049842715,-6571.205452854989
10.30749119397637,7.563588414000891,0.9226108667690348,50.81675049842715,-6571.205452854989
10.443359897671492,7.498383443584726,0.9057157339522078,50.25308966424751,-6570.8356246014
9.550759384563316,9.470086758036308,0.8591777851058136,50.23684375713009,-6570.748645566614
9.550759384563316,9.470086758036308,0.8591777851058136,50.23684375713009,-6570.748645566614
9.550759384563316,9.470086758036308,0.8591777851058136,50.23684375713009,-6570.748645566614
9.550759384563316,9.470086758036308,0.8591777851058136,50.23684375713009,-6570.748645566614
9.550759384563316,9.470086758036308,0.8591777851058136,50.23684375713009,-6570.748645566614
9.550759384563316,9.470086758036308,0.8591777851058136,50.23684375713009,-6570.748645566614
10.01634960051773,9.51029651831996,0.7942334759493951,50.40062872798516,-6570.662758218518
10.01634960051773,9.51029651831996,0.7942334759493951,50.40062872798516,-6570.662758218518
10.01634960051773,9.51029651831996,0.7942334759493951,50.40062872798516,-6570.662758218518
10.01634960051773,9.51029651831996,0.7942334759493951,50.40062872798516,-6570.662758218518
10.01634960051773,9.51029651831996,0.7942334759493951,50.40062872798516,-6570.662758218518
10.01634960051773,9.51029651831996,0.7942334759493951,50.40062872798516,-6570.662758218518
10.01634960051773,9.51029651831996,0.7942334759493951,50.40062872798516,-6570.662758218518
10.01634960051773,9.51029651831996,0.7942334759493951,50.40062872798516,-6570.662758218518
9.536496513811255,9.97404311066198,0.8283776013621453,49.967671988113516,-6571.016711476499
9.868756034630378,13.254052514638222,0.6403710016834185,49.504653060586065,-6576.778741792183
9.746253323284316,13.433815289629255,0.7350390432776499,49.648710986960516,-6577.822595868047
9.746253323284316,13.433815289629255,0.7350390432776499,49.648710986960516,-6577.822595868047
9.537383921707901,12.777612499996309,0.6186367245627378,49.37748468994009,-6574.774281079058
9.225568451154707,13.117383060032287,0.45354064017437656,49.60780156522738,-6575.844141115236
8.45741463396715,15.74037468321298,0.44373711660182064,50.32113944587706,-6577.539058301607
9.522226474984235,13.643988784775537,0.4015972778137079,50.39786737347011,-6576.053704934168
10.103314481191674,12.441996751165831,0.5731799966893656,50.96843093996456,-6574.293775420954
10.103314481191674,12.441996751165831,0.5731799966893656,50.96843093996456,-6574.293775420954
10.197854481574481,9.862500169140068,0.5564965166070656,50.87527431308646,-6571.81126734586
10.138030169692053,7.943959145071359,0.623861353516749,50.30166927257065,-6572.283060593323
10.138030169692053,7.943959145071359,0.623861353516749,50.30166927257065,-6572.283060593323
10.138030169692053,7.943959145071359,0.623861353516749,50.30166927257065,-6572.283060593323
10.138030169692053,7.943959145071359,0.623861353516749,50.30166927257065,-6572.283060593323
10.138030169692053,7.943959145071359,0.623861353516749,50.30166927257065,-6572.283060593323
10.331761963658954,5.999858525904509,0.9450697862831983,50.54304196384684,-6571.817307030044
10.331761963658954,5.999858525904509,0.9450697862831983,50.54304196384684,-6571.817307030044
10.331761963658954,5.999858525904509,0.9450697862831983,50.54304196384684,-6571.817307030044
10.331761963658954,5.999858525904509,0.9450697862831983,50.54304196384684,-6571.817307030044
10.331761963658954,5.999858525904509,0.9450697862831983,50.54304196384684,-6571.817307030044
11.612869137961676,5.368207105519711,0.8477263252191966,49.98701046010609,-6572.085757631522
10.684005874827946,5.798558875241849,1.0369233903377593,50.558559838678626,-6572.307208109378
10.684005874827946,5.798558875241849,1.0369233903377593,50.558559838678626,-6572.307208109378
9.838147731501556,7.588701847136503,1.0022871095601298,50.10317420675352,-6571.614120773815
10.024156188075322,7.485123672498353,0.9830334560851102,50.12891595587832,-6571.377599670339
10.024156188075322,7.485123672498353,0.9830334560851102,50.12891595587832,-6571.377599670339
10.024156188075322,7.485123672498353,0.9830334560851102,50.12891595587832,-6571.377599670339
10.024156188075322,7.485123672498353,0.9830334560851102,50.12891595587832,-6571.377599670339
10.024156188075322,7.485123672498353,0.9830334560851102,50.12891595587832,-6571.377599670339
10.024156188075322,7.485123672498353,0.9830334560851102,50.12891595587832,-6571.377599670339
10.024156188075322,7.485123672498353,0.9830334560851102,50.12891595587832,-6571.377599670339
10.024156188075322,7.485123672498353,0.9830334560851102,50.12891595587832,-6571.377599670339
10.024156188075322,7.485123672498353,0.9830334560851102,50.12891595587832,-6571.377599670339
10.024156188075322,7.485123672498353,0.9830334560851102,50.12891595587832,-6571.377599670339
10.024156188075322,7.485123672498353,0.9830334560851102,50.12891595587832,-6571.377599670339
10.024156188075322,7.485123672498353,0.9830334560851102,50.12891595587832,-6571.377599670339
10.024156188075322,7.485123672498353,0.9830334560851102,50.12891595587832,-6571.377599670339
10.534338211225993,7.881663650343114,0.8552654207948356,50.393082887644255,-6570.683707156864
10.534338211225993,7.881663650343114,0.8552654207948356,50.393082887644255,-6570.683707156864
10.534338211225993,7.881663650343114,0.8552654207948356,50.393082887644255,-6570.683707156864
10.534338211225993,7.881663650343114,0.8552654207948356,50.393082887644255,-6570.683707156864
11.361157098735317,6.082961919315931,0.8158596485683343,50.52892098678815,-6571.19761534668
11.361157098735317,6.082961919315931,0.8158596485683343,50.52892098678815,-6571.19761534668
11.361157098735317,6.082961919315931,0.8158596485683343,50.52892098678815,-6571.19761534668
11.361157098735317,6.082961919315931,0.8158596485683343,50.52892098678815,-6571.19761534668
11.361157098735317,6.082961919315931,0.8158596485683343,50.52892098678815,-6571.19761534668
11.361157098735317,6.082961919315931,0.8158596485683343,50.52892098678815,-6571.19761534668
11.361157098735317,6.082961919315931,0.8158596485683343,50.52892098678815,-6571.19761534668
11.361157098735317,6.082961919315931,0.8158596485683343,50.52892098678815,-6571.19761534668
11.361157098735317,6.082961919315931,0.8158596485683343,50.52892098678815,-6571.19761534668
11.361157098735317,6.082961919315931,0.8158596485683343,50.52892098678815,-6571.19761534668
11.361157098735317,6.082961919315931,0.8158596485683343,50.52892098678815,-6571.19761534668
11.361157098735317,6.082961919315931,0.8158596485683343,50.52892098678815,-6571.19761534668
11.361157098735317,6.082961919315931,0.8158596485683343,50.52892098678815,-6571.19761534668
11.361157098735317,6.082961919315931,0.8158596485683343,50.52892098678815,-6571.19761534668
11.361157098735317,6.082961919315931,0.8158596485683343,50.52892098678815,-6571.19761534668
11.361157098735317,6.082961919315931,0.8158596485683343,50.52892098678815,-6571.19761534668
11.361157098735317,6.082961919315931,0.8158596485683343,50.52892098678815,-6571.19761534668
11.361157098735317,6.082961919315931,0.8158596485683343,50.52892098678815,-6571.19761534668
11.361157098735317,6.082961919315931,0.8158596485683343,50.52892098678815,-6571.19761534668
11.361157098735317,6.082961919315931,0.8158596485683343,50.52892098678815,-6571.19761534668
11.361157098735317,6.082961919315931,0.8158596485683343,50.52892098678815,-6571.19761534668
11.361157098735317,6.082961919315931,0.8158596485683343,50.52892098678815,-6571.19761534668
11.361157098735317,6.082961919315931,0.8158596485683343,50.52892098678815,-6571.19761534668
11.361157098735317,6.082961919315931,0.8158596485683343,50.52892098678815,-6571.19761534668
10.69048500741532,8.422304447791458,0.77478049908066,50.11515714073477,-6570.882097301671
10.69048500741532,8.422304447791458,0.77478049908066,50.11515714073477,-6570.882097301671
10.69048500741532,8.422304447791458,0.77478049908066,50.11515714073477,-6570.882097301671
10.69048500741532,8.422304447791458,0.77478049908066,50.11515714073477,-6570.882097301671
10.69048500741532,8.422304447791458,0.77478049908066,50.11515714073477,-6570.882097301671
10.69048500741532,8.422304447791458,0.77478049908066,50.11515714073477,-6570.882097301671
10.69048500741532,8.422304447791458,0.77478049908066,50.11515714073477,-6570.882097301671
10.69048500741532,8.422304447791458,0.77478049908066,50.11515714073477,-6570.882097301671
10.69048500741532,8.422304447791458,0.77478049908066,50.11515714073477,-6570.882097301671
10.69048500741532,8.422304447791458,0.77478049908066,50.11515714073477,-6570.882097301671
10.69048500741532,8.422304447791458,0.77478049908066,50.11515714073477,-6570.882097301671
10.69048500741532,8.422304447791458,0.77478049908066,50.11515714073477,-6570.882097301671
10.69048500741532,8.422304447791458,0.77478049908066,50.11515714073477,-6570.882097301671
10.69048500741532,8.422304447791458,0.77478049908066,50.11515714073477,-6570.882097301671
10.93404307127169,5.803712248677771,0.9337242468000242,50.085430269885045,-6571.577741633753
10.93404307127169,5.803712248677771,0.9337242468000242,50.085430269885045,-6571.577741633753
10.93404307127169,5.803712248677771,0.9337242468000242,50.085430269885045,-6571.577741633753
10.93404307127169,5.803712248677771,0.9337242468000242,50.085430269885045,-6571.577741633753
10.93404307127169,5.803712248677771,0.9337242468000242,50.085430269885045,-6571.577741633753
10.93404307127169,5.803712248677771,0.9337242468000242,50.085430269885045,-6571.577741633753
10.93404307127169,5.803712248677771,0.9337242468000242,50.085430269885045,-6571.577741633753
10.93404307127169,5.803712248677771,0.9337242468000242,50.085430269885045,-6571.577741633753
10.93404307127169,5.803712248677771,0.9337242468000242,50.085430269885045,-6571.577741633753
10.484536312727991,8.090415745920676,0.8294402376275686,49.62231626173839,-6571.358554368911
10.484536312727991,8.090415745920676,0.8294402376275686,49.62231626173839,-6571.358554368911
10.484536312727991,8.090415745920676,0.8294402376275686,49.62231626173839,-6571.358554368911
10.484536312727991,8.090415745920676,0.8294402376275686,49.62231626173839,-6571.358554368911
10.362422839779969,7.90379741042965,0.7514348819967341,50.51049377811357,-6570.23042927103
10.362422839779969,7.90379741042965,0.7514348819967341,50.51049377811357,-6570.23042927103
10.362422839779969,7.90379741042965,0.7514348819967341,50.51049377811357,-6570.23042927103
10.362422839779969,7.90379741042965,0.7514348819967341,50.51049377811357,-6570.23042927103
10.362422839779969,7.90379741042965,0.7514348819967341,50.51049377811357,-6570.23042927103
10.362422839779969,7.90379741042965,0.7514348819967341,50.51049377811357,-6570.23042927103
10.362422839779969,7.90379741042965,0.7514348819967341,50.51049377811357,-6570.23042927103
10.362422839779969,7.90379741042965,0.7514348819967341,50.51049377811357,-6570.23042927103
9.785023232966877,8.800866308968114,0.7472054993526548,50.683801693879786,-6570.511791866249
9.785023232966877,8.800866308968114,0.7472054993526548,50.683801693879786,-6570.511791866249
9.785023232966877,8.800866308968114,0.7472054993526548,50.683801693879786,-6570.511791866249
9.785023232966877,8.800866308968114,0.7472054993526548,50.683801693879786,-6570.511791866249
9.785023232966877,8.800866308968114,0.7472054993526548,50.683801693879786,-6570.511791866249
9.785023232966877,8.800866308968114,0.7472054993526548,50.683801693879786,-6570.511791866249
9.785023232966877,8.800866308968114,0.7472054993526548,50.683801693879786,-6570.511791866249
10.34709194593309,7.702788090765245,0.8322427764482978,50.68627063137578,-6570.448413805753
10.34709194593309,7.702788090765245,0.8322427764482978,50.68627063137578,-6570.448413805753
10.099122263546835,9.077277377492162,0.754548291702382,50.21127994655891,-6570.266561938604
10.099122263546835,9.077277377492162,0.754548291702382,50.21127994655891,-6570.266561938604
10.099122263546835,9.077277377492162,0.754548291702382,50.21127994655891,-6570.266561938604
10.099122263546835,9.077277377492162,0.754548291702382,50.21127994655891,-6570.266561938604
10.099122263546835,9.077277377492162,0.754548291702382,50.21127994655891,-6570.266561938604
10.099122263546835,9.077277377492162,0.754548291702382,50.21127994655891,-6570.266561938604
10.099122263546835,9.077277377492162,0.754548291702382,50.21127994655891,-6570.266561938604
10.099122263546835,9.077277377492162,0.754548291702382,50.21127994655891,-6570.266561938604
10.099122263546835,9.077277377492162,0.754548291702382,50.21127994655891,-6570.266561938604
10.099122263546835,9.077277377492162,0.754548291702382,50.21127994655891,-6570.266561938604
10.099122263546835,9.077277377492162,0.754548291702382,50.21127994655891,-6570.266561938604
10.099122263546835,9.077277377492162,0.754548291702382,50.21127994655891,-6570.266561938604
10.099122263546835,9.077277377492162,0.754548291702382,50.21127994655891,-6570.266561938604
10.099122263546835,9.077277377492162,0.754548291702382,50.21127994655891,-6570.266561938604
10.099122263546835,9.077277377492162,0.754548291702382,50.21127994655891,-6570.266561938604
10.099122263546835,9.077277377492162,0.754548291702382,50.21127994655891,-6570.266561938604
10.099122263546835,9.077277377492162,0.754548291702382,50.21127994655891,-6570.266561938604
10.099122263546835,9.077277377492162,0.754548291702382,50.21127994655891,-6570.266561938604
10.099122263546835,9.077277377492162,0.754548291702382,50.21127994655891,-6570.266561938604
10.099122263546835,9.077277377492162,0.754548291702382,50.21127994655891,-6570.266561938604
10.099122263546835,9.077277377492162,0.754548291702382,50.21127994655891,-6570.266561938604
10.099122263546835,9.077277377492162,0.754548291702382,50.21127994655891,-6570.266561938604
10.099122263546835,9.077277377492162,0.754548291702382,50.21127994655891,-6570.266561938604
10.099122263546835,9.077277377492162,0.754548291702382,50.21127994655891,-6570.266561938604
10.099122263546835,9.077277377492162,0.754548291702382,50.21127994655891,-6570.266561938604
10.099122263546835,9.077277377492162,0.754548291702382,50.21127994655891,-6570.266561938604
10.099122263546835,9.077277377492162,0.754548291702382,50.21127994655891,-6570.266561938604
10.099122263546835,9.077277377492162,0.754548291702382,50.21127994655891,-6570.266561938604
10.099122263546835,9.077277377492162,0.754548291702382,50.21127994655891,-6570.266561938604
10.099122263546835,9.077277377492162,0.754548291702382,50.21127994655891,-6570.266561938604
10.099122263546835,9.077277377492162,0.754548291702382,50.21127994655891,-6570.266561938604
10.099122263546835,9.077277377492162,0.754548291702382,50.21127994655891,-6570.266561938604
10.099122263546835,9.077277377492162,0.754548291702382,50.21127994655891,-6570.266561938604
10.099122263546835,9.077277377492162,0.754548291702382,50.21127994655891,-6570.266561938604
10.099122263546835,9.077277377492162,0.754548291702382,50.21127994655891,-6570.266561938604
10.099122263546835,9.077277377492162,0.754548291702382,50.21127994655891,-6570.266561938604
10.10037626196749,8.006569394150985,0.8111153804606207,50.45187793423643,-6570.2465932181785
10.10037626196749,8.006569394150985,0.8111153804606207,50.45187793423643,-6570.2465932181785
10.10037626196749,8.006569394150985,0.8111153804606207,50.45187793423643,-6570.2465932181785
10.10037626196749,8.006569394150985,0.8111153804606207,50.45187793423643,-6570.2465932181785
10.10037626196749,8.006569394150985,0.8111153804606207,50.45187793423643,-6570.2465932181785
10.10037626196749,8.006569394150985,0.8111153804606207,50.45187793423643,-6570.2465932181785
10.10037626196749,8.006569394150985,0.8111153804606207,50.45187793423643,-6570.2465932181785
10.10037626196749,8.006569394150985,0.8111153804606207,50.45187793423643,-6570.2465932181785
10.10037626196749,8.006569394150985,0.8111153804606207,50.45187793423643,-6570.2465932181785
10.10037626196749,8.006569394150985,0.8111153804606207,50.45187793423643,-6570.2465932181785
10.10037626196749,8.006569394150985,0.8111153804606207,50.45187793423643,-6570.2465932181785
10.10037626196749,8.006569394150985,0.8111153804606207,50.45187793423643,-6570.2465932181785
10.10037626196749,8.006569394150985,0.8111153804606207,50.45187793423643,-6570.2465932181785
10.10037626196749,8.006569394150985,0.8111153804606207,50.45187793423643,-6570.2465932181785
10.10037626196749,8.006569394150985,0.8111153804606207,50.45187793423643,-6570.2465932181785
10.10037626196749,8.006569394150985,0.8111153804606207,50.45187793423643,-6570.2465932181785
10.10037626196749,8.006569394150985,0.8111153804606207,50.45187793423643,-6570.2465932181785
10.10037626196749,8.006569394150985,0.8111153804606207,50.45187793423643,-6570.2465932181785
10.10037626196749,8.006569394150985,0.8111153804606207,50.45187793423643,-6570.2465932181785
10.988016421100658,5.730451817209934,0.947312320434718,51.27397439093489,-6572.777168017525
10.988016421100658,5.730451817209934,0.947312320434718,51.27397439093489,-6572.777168017525
10.573939638993501,6.045063024305168,1.0796794027559948,51.06328091972381,-6573.450459729412
10.573939638993501,6.045063024305168,1.0796794027559948,51.06328091972381,-6573.450459729412
10.573939638993501,6.045063024305168,1.0796794027559948,51.06328091972381,-6573.450459729412
10.367864903658687,7.085046029586747,0.911235147932107,51.40081579858995,-6572.437696841149
10.367864903658687,7.085046029586747,0.911235147932107,51.40081579858995,-6572.437696841149
11.468858139250207,7.10164259264673,0.6755210857972116,50.233206768036155,-6571.456632120653
11.468858139250207,7.10164259264673,0.6755210857972116,50.233206768036155,-6571.456632120653
9.74120066540568,7.371890720867403,0.8576467635607735,49.79254493249938,-6571.8662328429
9.74120066540568,7.371890720867403,0.8576467635607735,49.79254493249938,-6571.8662328429
9.74120066540568,7.371890720867403,0.8576467635607735,49.79254493249938,-6571.8662328429
9.74120066540568,7.371890720867403,0.8576467635607735,49.79254493249938,-6571.8662328429
9.74120066540568,7.371890720867403,0.8576467635607735,49.79254493249938,-6571.8662328429
10.46599384323018,6.905783706842065,0.83832839222971,49.62651091380088,-6571.4396114710225
10.46599384323018,6.905783706842065,0.83832839222971,49.62651091380088,-6571.4396114710225
10.46599384323018,6.905783706842065,0.83832839222971,49.62651091380088,-6571.4396114710225
9.836883924256604,8.176820609557321,0.6850773446641689,50.294596958900016,-6571.584579642455
9.836883924256604,8.176820609557321,0.6850773446641689,50.294596958900016,-6571.584579642455
11.164846195522765,6.4081031011454055,0.8248429539796122,49.727126224324174,-6571.646333450865
11.164846195522765,6.4081031011454055,0.8248429539796122,49.727126224324174,-6571.646333450865
11.164846195522765,6.4081031011454055,0.8248429539796122,49.727126224324174,-6571.646333450865
11.164846195522765,6.4081031011454055,0.8248429539796122,49.727126224324174,-6571.646333450865
11.164846195522765,6.4081031011454055,0.8248429539796122,49.727126224324174,-6571.646333450865
11.164846195522765,6.4081031011454055,0.8248429539796122,49.727126224324174,-6571.646333450865
11.164846195522765,6.4081031011454055,0.8248429539796122,49.727126224324174,-6571.646333450865
11.164846195522765,6.4081031011454055,0.8248429539796122,49.727126224324174,-6571.646333450865
11.164846195522765,6.4081031011454055,0.8248429539796122,49.727126224324174,-6571.646333450865
11.164846195522765,6.4081031011454055,0.8248429539796122,49.727126224324174,-6571.646333450865
11.164846195522765,6.4081031011454055,0.8248429539796122,49.727126224324174,-6571.646333450865
10.681139859832301,7.901230840407169,0.9025254802284333,49.94239241247403,-6571.83525943789
10.681139859832301,7.901230840407169,0.9025254802284333,49.94239241247403,-6571.83525943789
11.006051292171257,7.022992298243488,0.8455968768579801,50.5014001922529,-6570.973792430339
11.006051292171257,7.022992298243488,0.8455968768579801,50.5014001922529,-6570.973792430339
11.006051292171257,7.022992298243488,0.8455968768579801,50.5014001922529,-6570.973792430339
11.006051292171257,7.022992298243488,0.8455968768579801,50.5014001922529,-6570.973792430339
9.323175127908481,9.906523115557711,0.8244990022590515,50.188402672789564,-6570.777479601306
9.323175127908481,9.906523115557711,0.8244990022590515,50.188402672789564,-6570.777479601306
9.323175127908481,9.906523115557711,0.8244990022590515,50.188402672789564,-6570.777479601306
10.023417344383393,7.875883808535603,0.8058749875668031,50.51015285923159,-6570.407107113584
10.023417344383393,7.875883808535603,0.8058749875668031,50.51015285923159,-6570.407107113584
10.023417344383393,7.875883808535603,0.8058749875668031,50.51015285923159,-6570.407107113584
10.023417344383393,7.875883808535603,0.8058749875668031,50.51015285923159,-6570.407107113584
9.565357873496085,8.583681323967506,0.8510125272639457,50.15164266205707,-6570.678892828708
10.501395065232904,7.537222503960656,0.6941422744990896,49.57548748717872,-6571.881691809485
10.501395065232904,7.537222503960656,0.6941422744990896,49.57548748717872,-6571.881691809485
10.501395065232904,7.537222503960656,0.6941422744990896,49.57548748717872,-6571.881691809485
10.284053062803622,9.128771106190044,0.7144423600032895,49.419691844928856,-6571.79234857413
10.284053062803622,9.128771106190044,0.7144423600032895,49.419691844928856,-6571.79234857413
10.284053062803622,9.128771106190044,0.7144423600032895,49.419691844928856,-6571.79234857413
10.284053062803622,9.128771106190044,0.7144423600032895,49.419691844928856,-6571.79234857413
10.284053062803622,9.128771106190044,0.7144423600032895,49.419691844928856,-6571.79234857413
10.30823621525201,9.115644390908914,0.5728041439755338,49.777444520804075,-6572.219524192458
10.30823621525201,9.115644390908914,0.5728041439755338,49.777444520804075,-6572.219524192458
10.30823621525201,9.115644390908914,0.5728041439755338,49.777444520804075,-6572.219524192458
10.30823621525201,9.115644390908914,0.5728041439755338,49.777444520804075,-6572.219524192458
9.939920640474528,9.509786467798001,0.638441398844288,49.624728866957646,-6571.671118404582
9.939920640474528,9.509786467798001,0.638441398844288,49.624728866957646,-6571.671118404582
9.939920640474528,9.509786467798001,0.638441398844288,49.624728866957646,-6571.671118404582
9.939920640474528,9.509786467798001,0.638441398844288,49.624728866957646,-6571.671118404582
9.939920640474528,9.509786467798001,0.638441398844288,49.624728866957646,-6571.671118404582
9.939920640474528,9.509786467798001,0.638441398844288,49.624728866957646,-6571.671118404582
10.320858843330043,10.221080533716924,0.6431190412102499,50.019249714814116,-6571.480211713447
10.320858843330043,10.221080533716924,0.6431190412102499,50.019249714814116,-6571.480211713447
10.811105183824026,8.458608188411894,0.7436594888929066,50.48533523188724,-6570.873513119905
10.811105183824026,8.458608188411894,0.7436594888929066,50.48533523188724,-6570.873513119905
10.811105183824026,8.458608188411894,0.7436594888929066,50.48533523188724,-6570.873513119905
10.811105183824026,8.458608188411894,0.7436594888929066,50.48533523188724,-6570.873513119905
10.811105183824026,8.458608188411894,0.7436594888929066,50.48533523188724,-6570.873513119905
10.811105183824026,8.458608188411894,0.7436594888929066,50.48533523188724,-6570.873513119905
10.268189087419348,7.7156671946926165,0.8349219925913727,50.36375621722174,-6570.29306385838
10.268189087419348,7.7156671946926165,0.8349219925913727,50.36375621722174,-6570.29306385838
10.268189087419348,7.7156671946926165,0.8349219925913727,50.36375621722174,-6570.29306385838
10.268189087419348,7.7156671946926165,0.8349219925913727,50.36375621722174,-6570.29306385838
10.268189087419348,7.7156671946926165,0.8349219925913727,50.36375621722174,-6570.29306385838
10.268189087419348,7.7156671946926165,0.8349219925913727,50.36375621722174,-6570.29306385838
10.268189087419348,7.7156671946926165,0.8349219925913727,50.36375621722174,-6570.29306385838
10.268189087419348,7.7156671946926165,0.8349219925913727,50.36375621722174,-6570.29306385838
10.268189087419348,7.7156671946926165,0.8349219925913727,50.36375621722174,-6570.29306385838
10.268189087419348,7.7156671946926165,0.8349219925913727,50.36375621722174,-6570.29306385838
10.268189087419348,7.7156671946926165,0.8349219925913727,50.36375621722174,-6570.29306385838
9.839308968860124,9.995665876909069,0.671960296567638,50.14099129511325,-6570.612092733279
9.839308968860124,9.995665876909069,0.671960296567638,50.14099129511325,-6570.612092733279
9.839308968860124,9.995665876909069,0.671960296567638,50.14099129511325,-6570.612092733279
9.839308968860124,9.995665876909069,0.671960296567638,50.14099129511325,-6570.612092733279
9.839308968860124,9.995665876909069,0.671960296567638,50.14099129511325,-6570.612092733279
9.609857760517741,9.579559835632244,0.6974952031555651,49.7167163753466,-6571.224851552775
9.609857760517741,9.579559835632244,0.6974952031555651,49.7167163753466,-6571.224851552775
9.609857760517741,9.579559835632244,0.6974952031555651,49.7167163753466,-6571.224851552775
9.609857760517741,9.579559835632244,0.6974952031555651,49.7167163753466,-6571.224851552775
10.985375478979115,7.936788591042546,0.5578680713489508,49.806252293966395,-6572.919525934922
10.985375478979115,7.936788591042546,0.5578680713489508,49.806252293966395,-6572.919525934922
10.985375478979115,7.936788591042546,0.5578680713489508,49.806252293966395,-6572.919525934922
10.985375478979115,7.936788591042546,0.5578680713489508,49.806252293966395,-6572.919525934922
11.31539695493912,9.374322133160707,0.6464580229020318,49.98695596082868,-6573.5743250302985
11.31539695493912,9.374322133160707,0.6464580229020318,49.98695596082868,-6573.5743250302985
11.535239401740027,5.842295372887181,0.7219818549590541,51.05967052077063,-6572.118966558262
10.5082798331888,6.919256061613494,0.8216856895297532,49.91521202144138,-6570.873166875949
9.839669239744397,6.973005415291976,0.871967998406099,50.130212986021995,-6571.721010625167
9.839669239744397,6.973005415291976,0.871967998406099,50.130212986021995,-6571.721010625167
10.59230434498056,6.122237363230527,1.0494454590931899,50.427296542975554,-6572.2967715691275
10.59230434498056,6.122237363230527,1.0494454590931899,50.427296542975554,-6572.2967715691275
10.59230434498056,6.122237363230527,1.0494454590931899,50.427296542975554,-6572.2967715691275
10.082657342592057,6.505630676368396,0.9608046815611134,49.932654848774966,-6571.893487148403
9.790032268997777,7.944709990751912,1.0190334158829453,50.36807587265974,-6571.79834388311
9.790032268997777,7.944709990751912,1.0190334158829453,50.36807587265974,-6571.79834388311
9.578621538752571,7.503609418081458,0.8587991363427485,50.93261872502027,-6572.325746038508
9.578621538752571,7.503609418081458,0.8587991363427485,50.93261872502027,-6572.325746038508
9.578621538752571,7.503609418081458,0.8587991363427485,50.93261872502027,-6572.325746038508
9.578621538752571,7.503609418081458,0.8587991363427485,50.93261872502027,-6572.325746038508
9.578621538752571,7.503609418081458,0.8587991363427485,50.93261872502027,-6572.325746038508
9.578621538752571,7.503609418081458,0.8587991363427485,50.93261872502027,-6572.325746038508
9.578621538752571,7.503609418081458,0.8587991363427485,50.93261872502027,-6572.325746038508
9.578621538752571,7.503609418081458,0.8587991363427485,50.93261872502027,-6572.325746038508
9.033882987034719,9.917420816126176,0.7287413558627145,50.90714322360182,-6572.042178333206
9.033882987034719,9.917420816126176,0.7287413558627145,50.90714322360182,-6572.042178333206
9.033882987034719,9.917420816126176,0.7287413558627145,50.90714322360182,-6572.042178333206
8.934240095517113,10.481813294609346,0.6419599235861421,50.67790281796136,-6572.630063064529
8.934240095517113,10.481813294609346,0.6419599235861421,50.67790281796136,-6572.630063064529
8.934240095517113,10.481813294609346,0.6419599235861421,50.67790281796136,-6572.630063064529
9.963505364615912,9.292786218744086,0.5537077608189238,50.73046368796897,-6572.5371795843475
9.963505364615912,9.292786218744086,0.5537077608189238,50.73046368796897,-6572.5371795843475
9.963505364615912,9.292786218744086,0.5537077608189238,50.73046368796897,-6572.5371795843475
10.75120356223907,7.086055834966913,0.693161754871111,50.9867335315979,-6571.415408432897
10.75120356223907,7.086055834966913,0.693161754871111,50.9867335315979,-6571.415408432897
10.832844647573701,7.742490167528559,0.6871415790116543,50.951561056381415,-6570.952470931723
10.832844647573701,7.742490167528559,0.6871415790116543,50.951561056381415,-6570.952470931723
10.832844647573701,7.742490167528559,0.6871415790116543,50.951561056381415,-6570.952470931723
10.832844647573701,7.742490167528559,0.6871415790116543,50.951561056381415,-6570.952470931723
10.832844647573701,7.742490167528559,0.6871415790116543,50.951561056381415,-6570.952470931723
10.832844647573701,7.742490167528559,0.6871415790116543,50.951561056381415,-6570.952470931723
10.832844647573701,7.742490167528559,0.6871415790116543,50.951561056381415,-6570.952470931723
10.832844647573701,7.742490167528559,0.6871415790116543,50.951561056381415,-6570.952470931723
10.20440034789484,9.803182321622018,0.5813634450499998,51.5380940501395,-6573.0253000456705
9.233621941767103,9.311924765867476,0.6536003796985279,50.517497248605856,-6572.699300085035
9.143782943330255,9.016800383889342,0.9923789734809842,50.5736249346633,-6572.1468980696645
9.143782943330255,9.016800383889342,0.9923789734809842,50.5736249346633,-6572.1468980696645
9.143782943330255,9.016800383889342,0.9923789734809842,50.5736249346633,-6572.1468980696645
9.143782943330255,9.016800383889342,0.9923789734809842,50.5736249346633,-6572.1468980696645
8.977227548677197,9.960604274384684,0.6955868106850929,50.25535827196984,-6572.036273741479
8.977227548677197,9.960604274384684,0.6955868106850929,50.25535827196984,-6572.036273741479
8.977227548677197,9.960604274384684,0.6955868106850929,50.25535827196984,-6572.036273741479
8.977227548677197,9.960604274384684,0.6955868106850929,50.25535827196984,-6572.036273741479
8.555404126353817,10.758259556551002,0.708520594566654,50.32928124992872,-6572.769067854686
8.555404126353817,10.758259556551002,0.708520594566654,50.32928124992872,-6572.769067854686
8.883216469651737,9.030375994810917,0.8191387338227958,50.63031189429595,-6572.619725365293
8.883216469651737,9.030375994810917,0.8191387338227958,50.63031189429595,-6572.619725365293
10.402936609973882,7.661106129574652,0.9144333069928354,50.53197279368744,-6570.985655968391
11.360488114145806,5.359597487198297,0.7780830553102294,50.281861569439414,-6571.8107312583015
11.360488114145806,5.359597487198297,0.7780830553102294,50.281861569439414,-6571.8107312583015
11.360488114145806,5.359597487198297,0.7780830553102294,50.281861569439414,-6571.8107312583015
11.360488114145806,5.359597487198297,0.7780830553102294,50.281861569439414,-6571.8107312583015
11.192902177218436,7.380940858783557,0.6280453927417025,50.67943962614025,-6571.398469381558
11.192902177218436,7.380940858783557,0.6280453927417025,50.67943962614025,-6571.398469381558
11.192902177218436,7.380940858783557,0.6280453927417025,50.67943962614025,-6571.398469381558
11.192902177218436,7.380940858783557,0.6280453927417025,50.67943962614025,-6571.398469381558
11.192902177218436,7.380940858783557,0.6280453927417025,50.67943962614025,-6571.398469381558
11.192902177218436,7.380940858783557,0.6280453927417025,50.67943962614025,-6571.398469381558
11.192902177218436,7.380940858783557,0.6280453927417025,50.67943962614025,-6571.398469381558
11.192902177218436,7.380940858783557,0.6280453927417025,50.67943962614025,-6571.398469381558
11.192902177218436,7.380940858783557,0.6280453927417025,50.67943962614025,-6571.398469381558
11.192902177218436,7.380940858783557,0.6280453927417025,50.67943962614025,-6571.398469381558
11.192902177218436,7.380940858783557,0.6280453927417025,50.67943962614025,-6571.398469381558
11.192902177218436,7.380940858783557,0.6280453927417025,50.67943962614025,-6571.398469381558
9.692355205563093,11.832534007538683,0.5557642787267075,50.66200205552441,-6572.284634316558
9.692355205563093,11.832534007538683,0.5557642787267075,50.66200205552441,-6572.284634316558
9.73598114567415,9.68540219169834,0.6153294401403482,49.78567182532463,-6571.832678633231
9.73598114567415,9.68540219169834,0.6153294401403482,49.78567182532463,-6571.832678633231
9.73598114567415,9.68540219169834,0.6153294401403482,49.78567182532463,-6571.832678633231
9.73598114567415,9.68540219169834,0.6153294401403482,49.78567182532463,-6571.832678633231
9.73598114567415,9.68540219169834,0.6153294401403482,49.78567182532463,-6571.832678633231
9.743976247077146,11.238477285217023,0.6350382621276296,50.386330506103825,-6571.384791743246
9.743976247077146,11.238477285217023,0.6350382621276296,50.386330506103825,-6571.384791743246
9.743976247077146,11.238477285217023,0.6350382621276296,50.386330506103825,-6571.384791743246
9.743976247077146,11.238477285217023,0.6350382621276296,50.386330506103825,-6571.384791743246
9.58327475192567,9.092470435692189,0.810335865921367,50.46472712101414,-6570.43886521949
9.58327475192567,9.092470435692189,0.810335865921367,50.46472712101414,-6570.43886521949
9.58327475192567,9.092470435692189,0.810335865921367,50.46472712101414,-6570.43886521949
9.58327475192567,9.092470435692189,0.810335865921367,50.46472712101414,-6570.43886521949
9.58327475192567,9.092470435692189,0.810335865921367,50.46472712101414,-6570.43886521949
9.58327475192567,9.092470435692189,0.810335865921367,50.46472712101414,-6570.43886521949
9.58327475192567,9.092470435692189,0.810335865921367,50.46472712101414,-6570.43886521949
9.58327475192567,9.092470435692189,0.810335865921367,50.46472712101414,-6570.43886521949
9.58327475192567,9.092470435692189,0.810335865921367,50.46472712101414,-6570.43886521949
9.58327475192567,9.092470435692189,0.810335865921367,50.46472712101414,-6570.43886521949
9.58327475192567,9.092470435692189,0.810335865921367,50.46472712101414,-6570.43886521949
10.35587052717322,7.14175463820148,0.7744608507015356,50.19455576274684,-6570.733525270549
10.35587052717322,7.14175463820148,0.7744608507015356,50.19455576274684,-6570.733525270549
10.35587052717322,7.14175463820148,0.7744608507015356,50.19455576274684,-6570.733525270549
10.35587052717322,7.14175463820148,0.7744608507015356,50.19455576274684,-6570.733525270549
9.46690296090468,8.94517178231705,0.9065900108773127,49.95106972252264,-6571.134885399075
10.682749947554473,7.804159912265893,0.6721712999479702,49.824290970451976,-6571.214609686606
10.682749947554473,7.804159912265893,0.6721712999479702,49.824290970451976,-6571.214609686606
10.682749947554473,7.804159912265893,0.6721712999479702,49.824290970451976,-6571.214609686606
10.682749947554473,7.804159912265893,0.6721712999479702,49.824290970451976,-6571.214609686606
10.682749947554473,7.804159912265893,0.6721712999479702,49.824290970451976,-6571.214609686606
10.682749947554473,7.804159912265893,0.6721712999479702,49.824290970451976,-6571.214609686606
10.682749947554473,7.804159912265893,0.6721712999479702,49.824290970451976,-6571.214609686606
10.682749947554473,7.804159912265893,0.6721712999479702,49.824290970451976,-6571.214609686606
10.682749947554473,7.804159912265893,0.6721712999479702,49.824290970451976,-6571.214609686606
10.5089934298633,8.408497991011593,0.6697857805552221,50.25248003255565,-6570.497471117497
9.893433907472852,8.336505970789684,0.7352859617366024,50.135471715461335,-6570.652730684572
10.809561404200984,7.376080405245239,0.6179435993319792,50.09751420023132,-6571.912308235316
10.809561404200984,7.376080405245239,0.6179435993319792,50.09751420023132,-6571.912308235316
10.809561404200984,7.376080405245239,0.6179435993319792,50.09751420023132,-6571.912308235316
10.809561404200984,7.376080405245239,0.6179435993319792,50.09751420023132,-6571.912308235316
10.809561404200984,7.376080405245239,0.6179435993319792,50.09751420023132,-6571.912308235316
10.809561404200984,7.376080405245239,0.6179435993319792,50.09751420023132,-6571.912308235316
9.695285927806804,9.37605380688607,0.8145401841292527,50.48127337474851,-6570.458384081686
9.695285927806804,9.37605380688607,0.8145401841292527,50.48127337474851,-6570.458384081686
10.52043305739215,7.475074585589468,0.7108799534830785,50.05590447863603,-6570.816059181425
10.52043305739215,7.475074585589468,0.7108799534830785,50.05590447863603,-6570.816059181425
10.52043305739215,7.475074585589468,0.7108799534830785,50.05590447863603,-6570.816059181425
10.995610195583257,8.41430079362677,0.6813790314022081,50.246659841283495,-6571.083647812402
10.995610195583257,8.41430079362677,0.6813790314022081,50.246659841283495,-6571.083647812402
11.552209884520012,6.595098037520474,0.6185632204837743,50.80325145562701,-6572.234449953514
11.552209884520012,6.595098037520474,0.6185632204837743,50.80325145562701,-6572.234449953514
11.552209884520012,6.595098037520474,0.6185632204837743,50.80325145562701,-6572.234449953514
11.792486157537937,7.617084212792745,0.6101647235766801,50.34667228847087,-6572.597981301675
10.988705142406706,7.071561598839443,0.7399413658130722,50.523362611198,-6570.60401209938
11.475345137943268,6.5750632427401206,0.8307756845942877,50.667972690670084,-6571.767046845469
11.475345137943268,6.5750632427401206,0.8307756845942877,50.667972690670084,-6571.767046845469
11.475345137943268,6.5750632427401206,0.8307756845942877,50.667972690670084,-6571.767046845469
10.927342690812498,6.74617783173845,0.7024691322859271,50.72074145629308,-6571.160112560708
10.927342690812498,6.74617783173845,0.7024691322859271,50.72074145629308,-6571.160112560708
10.927342690812498,6.74617783173845,0.7024691322859271,50.72074145629308,-6571.160112560708
10.927342690812498,6.74617783173845,0.7024691322859271,50.72074145629308,-6571.160112560708
10.927342690812498,6.74617783173845,0.7024691322859271,50.72074145629308,-6571.160112560708
10.927342690812498,6.74617783173845,0.7024691322859271,50.72074145629308,-6571.160112560708
10.927342690812498,6.74617783173845,0.7024691322859271,50.72074145629308,-6571.160112560708
10.927342690812498,6.74617783173845,0.7024691322859271,50.72074145629308,-6571.160112560708
10.927342690812498,6.74617783173845,0.7024691322859271,50.72074145629308,-6571.160112560708
10.927342690812498,6.74617783173845,0.7024691322859271,50.72074145629308,-6571.160112560708
10.927342690812498,6.74617783173845,0.7024691322859271,50.72074145629308,-6571.160112560708
10.927342690812498,6.74617783173845,0.7024691322859271,50.72074145629308,-6571.160112560708
10.927342690812498,6.74617783173845,0.7024691322859271,50.72074145629308,-6571.160112560708
10.927342690812498,6.74617783173845,0.7024691322859271,50.72074145629308,-6571.160112560708
10.927342690812498,6.74617783173845,0.7024691322859271,50.72074145629308,-6571.160112560708
10.554197999544423,7.155625167408149,0.7391815710465782,51.0340184292842,-6571.251645831364
10.08088436148679,7.848360982011756,0.8848359522007824,51.232086768932895,-6571.7409018882045
10.08088436148679,7.848360982011756,0.8848359522007824,51.232086768932895,-6571.7409018882045
10.08088436148679,7.848360982011756,0.8848359522007824,51.232086768932895,-6571.7409018882045
10.08088436148679,7.848360982011756,0.8848359522007824,51.232086768932895,-6571.7409018882045
10.315556238812452,7.884475563663298,0.9395427115742547,50.91671057096402,-6571.74020392643
10.315556238812452,7.884475563663298,0.9395427115742547,50.91671057096402,-6571.74020392643
10.315556238812452,7.884475563663298,0.9395427115742547,50.91671057096402,-6571.74020392643
10.080608386679602,7.317180866504543,0.9376583469344075,50.39780313361239,-6570.948869788317
10.080608386679602,7.317180866504543,0.9376583469344075,50.39780313361239,-6570.948869788317
9.577955975855831,7.8623059597551705,0.8283458078120992,49.92966661023104,-6571.593999273891
9.919532626841555,7.360307527808779,0.7163277045443405,50.23271153289678,-6572.378287366633
9.919532626841555,7.360307527808779,0.7163277045443405,50.23271153289678,-6572.378287366633
9.919532626841555,7.360307527808779,0.7163277045443405,50.23271153289678,-6572.378287366633
9.919532626841555,7.360307527808779,0.7163277045443405,50.23271153289678,-6572.378287366633
9.919532626841555,7.360307527808779,0.7163277045443405,50.23271153289678,-6572.378287366633
10.506373590492418,6.484818073517634,0.760685509779973,49.80239622482374,-6572.050050824998
10.506373590492418,6.484818073517634,0.760685509779973,49.80239622482374,-6572.050050824998
10.506373590492418,6.484818073517634,0.760685509779973,49.80239622482374,-6572.050050824998
10.506373590492418,6.484818073517634,0.760685509779973,49.80239622482374,-6572.050050824998
10.506373590492418,6.484818073517634,0.760685509779973,49.80239622482374,-6572.050050824998
10.506373590492418,6.484818073517634,0.760685509779973,49.80239622482374,-6572.050050824998
10.506373590492418,6.484818073517634,0.760685509779973,49.80239622482374,-6572.050050824998
10.506373590492418,6.484818073517634,0.760685509779973,49.80239622482374,-6572.050050824998
10.506373590492418,6.484818073517634,0.760685509779973,49.80239622482374,-6572.050050824998
10.506373590492418,6.484818073517634,0.760685509779973,49.80239622482374,-6572.050050824998
11.053668626169278,7.349563827884044,0.838943269996429,50.44593643324621,-6571.24419713277
11.053668626169278,7.349563827884044,0.838943269996429,50.44593643324621,-6571.24419713277
10.633369701820895,8.091814161857654,0.8467676030438177,50.60227613969883,-6571.042419132655
9.908653178275427,8.857729391144119,0.9005026663902083,51.14833725181358,-6571.981997260007
9.875266464002303,8.10689479926929,0.9302448022245347,50.26824596889582,-6570.88532624002
9.875266464002303,8.10689479926929,0.9302448022245347,50.26824596889582,-6570.88532624002
9.979101005606505,7.957985192067533,0.8235005034191878,49.871450594669994,-6570.7210664749355
9.796017691291494,10.370376688361366,0.729357274233735,49.32333328204508,-6572.425513287713
9.796017691291494,10.370376688361366,0.729357274233735,49.32333328204508,-6572.425513287713
9.796017691291494,10.370376688361366,0.729357274233735,49.32333328204508,-6572.425513287713
9.796017691291494,10.370376688361366,0.729357274233735,49.32333328204508,-6572.425513287713
9.796017691291494,10.370376688361366,0.729357274233735,49.32333328204508,-6572.425513287713
9.796017691291494,10.370376688361366,0.729357274233735,49.32333328204508,-6572.425513287713
9.796017691291494,10.370376688361366,0.729357274233735,49.32333328204508,-6572.425513287713
9.796017691291494,10.370376688361366,0.729357274233735,49.32333328204508,-6572.425513287713
9.796017691291494,10.370376688361366,0.729357274233735,49.32333328204508,-6572.425513287713
9.796017691291494,10.370376688361366,0.729357274233735,49.32333328204508,-6572.425513287713
9.796017691291494,10.370376688361366,0.729357274233735,49.32333328204508,-6572.425513287713
10.082496390763874,9.935764993179575,0.6737390898117583,49.64593710778996,-6571.486302380779
10.082496390763874,9.935764993179575,0.6737390898117583,49.64593710778996,-6571.486302380779
10.169473944367036,9.183254625169912,0.7192295682294622,49.08126914901588,-6572.884391732223
10.169473944367036,9.183254625169912,0.7192295682294622,49.08126914901588,-6572.884391732223
10.169473944367036,9.183254625169912,0.7192295682294622,49.08126914901588,-6572.884391732223
10.169473944367036,9.183254625169912,0.7192295682294622,49.08126914901588,-6572.884391732223
10.169473944367036,9.183254625169912,0.7192295682294622,49.08126914901588,-6572.884391732223
10.169473944367036,9.183254625169912,0.7192295682294622,49.08126914901588,-6572.884391732223
10.169473944367036,9.183254625169912,0.7192295682294622,49.08126914901588,-6572.884391732223
9.095845282532629,10.90358629113582,0.6811823675814505,49.769536410992046,-6571.754124163597
9.095845282532629,10.90358629113582,0.6811823675814505,49.769536410992046,-6571.754124163597
9.095845282532629,10.90358629113582,0.6811823675814505,49.769536410992046,-6571.754124163597
9.095845282532629,10.90358629113582,0.6811823675814505,49.769536410992046,-6571.754124163597
9.095845282532629,10.90358629113582,0.6811823675814505,49.769536410992046,-6571.754124163597
9.095845282532629,10.90358629113582,0.6811823675814505,49.769536410992046,-6571.754124163597
9.095845282532629,10.90358629113582,0.6811823675814505,49.769536410992046,-6571.754124163597
9.095845282532629,10.90358629113582,0.6811823675814505,49.769536410992046,-6571.754124163597
9.095845282532629,10.90358629113582,0.6811823675814505,49.769536410992046,-6571.754124163597
9.21231867639329,10.666861053596103,0.7851734466985544,50.2945459590359,-6570.9794825178715
9.21231867639329,10.666861053596103,0.7851734466985544,50.2945459590359,-6570.9794825178715
9.21231867639329,10.666861053596103,0.7851734466985544,50.2945459590359,-6570.9794825178715
9.21231867639329,10.666861053596103,0.7851734466985544,50.2945459590359,-6570.9794825178715
9.21231867639329,10.666861053596103,0.7851734466985544,50.2945459590359,-6570.9794825178715
9.21231867639329,10.666861053596103,0.7851734466985544,50.2945459590359,-6570.9794825178715
9.21231867639329,10.666861053596103,0.7851734466985544,50.2945459590359,-6570.9794825178715
9.21231867639329,10.666861053596103,0.7851734466985544,50.2945459590359,-6570.9794825178715
9.21231867639329,10.666861053596103,0.7851734466985544,50.2945459590359,-6570.9794825178715
9.21231867639329,10.666861053596103,0.7851734466985544,50.2945459590359,-6570.9794825178715
9.21231867639329,10.666861053596103,0.7851734466985544,50.2945459590359,-6570.9794825178715
9.21231867639329,10.666861053596103,0.7851734466985544,50.2945459590359,-6570.9794825178715
9.21231867639329,10.666861053596103,0.7851734466985544,50.2945459590359,-6570.9794825178715
9.21231867639329,10.666861053596103,0.7851734466985544,50.2945459590359,-6570.9794825178715
9.21231867639329,10.666861053596103,0.7851734466985544,50.2945459590359,-6570.9794825178715
9.21231867639329,10.666861053596103,0.7851734466985544,50.2945459590359,-6570.9794825178715
9.21231867639329,10.666861053596103,0.7851734466985544,50.2945459590359,-6570.9794825178715
9.21231867639329,10.666861053596103,0.7851734466985544,50.2945459590359,-6570.9794825178715
9.21231867639329,10.666861053596103,0.7851734466985544,50.2945459590359,-6570.9794825178715
9.21231867639329,10.666861053596103,0.7851734466985544,50.2945459590359,-6570.9794825178715
9.21231867639329,10.666861053596103,0.7851734466985544,50.2945459590359,-6570.9794825178715
9.21231867639329,10.666861053596103,0.7851734466985544,50.2945459590359,-6570.9794825178715
9.21231867639329,10.666861053596103,0.7851734466985544,50.2945459590359,-6570.9794825178715
9.21231867639329,10.666861053596103,0.7851734466985544,50.2945459590359,-6570.9794825178715
9.21231867639329,10.666861053596103,0.7851734466985544,50.2945459590359,-6570.9794825178715
9.21231867639329,10.666861053596103,0.7851734466985544,50.2945459590359,-6570.9794825178715
9.568814634319535,10.099715771653715,0.758399100777871,50.417792031912384,-6570.536076295651
9.913955004238993,10.07316626576526,0.7171950589330605,50.88460192204192,-6570.984235446676
9.530027613843256,10.692362460228248,0.6653591233798549,50.7371168649374,-6571.033318107866
9.530027613843256,10.692362460228248,0.6653591233798549,50.7371168649374,-6571.033318107866
9.605314748595488,9.663851160493332,0.5614706409416529,50.10123884202204,-6572.971166416783
9.605314748595488,9.663851160493332,0.5614706409416529,50.10123884202204,-6572.971166416783
9.605314748595488,9.663851160493332,0.5614706409416529,50.10123884202204,-6572.971166416783
9.605314748595488,9.663851160493332,0.5614706409416529,50.10123884202204,-6572.971166416783
9.605314748595488,9.663851160493332,0.5614706409416529,50.10123884202204,-6572.971166416783
8.490504845936584,11.723200674227353,0.6469861752897529,50.51291550799293,-6573.082767735923
8.490504845936584,11.723200674227353,0.6469861752897529,50.51291550799293,-6573.082767735923
8.490504845936584,11.723200674227353,0.6469861752897529,50.51291550799293,-6573.082767735923
8.490504845936584,11.723200674227353,0.6469861752897529,50.51291550799293,-6573.082767735923
8.490504845936584,11.723200674227353,0.6469861752897529,50.51291550799293,-6573.082767735923
8.490504845936584,11.723200674227353,0.6469861752897529,50.51291550799293,-6573.082767735923
9.998125047538224,11.765108041187885,0.7017412664250183,50.46781390200497,-6573.307598372811
8.8562859362788,13.036249286409333,0.6170594835188791,50.11917616391435,-6572.891893408927
8.8562859362788,13.036249286409333,0.6170594835188791,50.11917616391435,-6572.891893408927
8.8562859362788,13.036249286409333,0.6170594835188791,50.11917616391435,-6572.891893408927
8.8562859362788,13.036249286409333,0.6170594835188791,50.11917616391435,-6572.891893408927
8.8562859362788,13.036249286409333,0.6170594835188791,50.11917616391435,-6572.891893408927
9.27508941920513,12.444015812943972,0.593522907086932,49.88412700337185,-6572.747359196977
9.27508941920513,12.444015812943972,0.593522907086932,49.88412700337185,-6572.747359196977
9.27508941920513,12.444015812943972,0.593522907086932,49.88412700337185,-6572.747359196977
9.27508941920513,12.444015812943972,0.593522907086932,49.88412700337185,-6572.747359196977
9.27508941920513,12.444015812943972,0.593522907086932,49.88412700337185,-6572.747359196977
9.27508941920513,12.444015812943972,0.593522907086932,49.88412700337185,-6572.747359196977
8.91061975436882,12.377534213028726,0.6159854055975025,50.648453120764515,-6572.395169945983
8.948781785653832,11.70990250083613,0.7910216871228716,50.92836397270832,-6572.511881291748
9.54806692286766,9.588711635871284,0.7255955127764092,50.327579385429544,-6570.476739491603
9.54806692286766,9.588711635871284,0.7255955127764092,50.327579385429544,-6570.476739491603
9.54806692286766,9.588711635871284,0.7255955127764092,50.327579385429544,-6570.476739491603
9.54806692286766,9.588711635871284,0.7255955127764092,50.327579385429544,-6570.476739491603
9.54806692286766,9.588711635871284,0.7255955127764092,50.327579385429544,-6570.476739491603
8.713693708967513,11.233175789405687,0.8223746698216389,50.237967897036825,-6571.836768528983
8.713693708967513,11.233175789405687,0.8223746698216389,50.237967897036825,-6571.836768528983
8.713693708967513,11.233175789405687,0.8223746698216389,50.237967897036825,-6571.836768528983
8.95751015044807,10.240034399915809,0.7490540922745204,50.323762770710076,-6571.333234125241
8.95751015044807,10.240034399915809,0.7490540922745204,50.323762770710076,-6571.333234125241
8.95751015044807,10.240034399915809,0.7490540922745204,50.323762770710076,-6571.333234125241
8.95751015044807,10.240034399915809,0.7490540922745204,50.323762770710076,-6571.333234125241
8.95751015044807,10.240034399915809,0.7490540922745204,50.323762770710076,-6571.333234125241
8.95751015044807,10.240034399915809,0.7490540922745204,50.323762770710076,-6571.333234125241
8.95751015044807,10.240034399915809,0.7490540922745204,50.323762770710076,-6571.333234125241
8.95751015044807,10.240034399915809,0.7490540922745204,50.323762770710076,-6571.333234125241
8.95751015044807,10.240034399915809,0.7490540922745204,50.323762770710076,-6571.333234125241
8.95751015044807,10.240034399915809,0.7490540922745204,50.323762770710076,-6571.333234125241
8.95751015044807,10.240034399915809,0.7490540922745204,50.323762770710076,-6571.333234125241
8.95751015044807,10.240034399915809,0.7490540922745204,50.323762770710076,-6571.333234125241
8.95751015044807,10.240034399915809,0.7490540922745204,50.323762770710076,-6571.333234125241
8.95751015044807,10.240034399915809,0.7490540922745204,50.323762770710076,-6571.333234125241
8.95751015044807,10.240034399915809,0.7490540922745204,50.323762770710076,-6571.333234125241
8.95751015044807,10.240034399915809,0.7490540922745204,50.323762770710076,-6571.333234125241
8.95751015044807,10.240034399915809,0.7490540922745204,50.323762770710076,-6571.333234125241
8.95751015044807,10.240034399915809,0.7490540922745204,50.323762770710076,-6571.333234125241
10.863332389642045,8.042806873609905,0.7915936275681247,50.331082972751226,-6570.957780111331
10.863332389642045,8.042806873609905,0.7915936275681247,50.331082972751226,-6570.957780111331
10.863332389642045,8.042806873609905,0.7915936275681247,50.331082972751226,-6570.957780111331
10.863332389642045,8.042806873609905,0.7915936275681247,50.331082972751226,-6570.957780111331
10.237891660285088,9.184237076465363,0.6982238704027325,50.71284794855964,-6570.465918737223
10.237891660285088,9.184237076465363,0.6982238704027325,50.71284794855964,-6570.465918737223
10.237891660285088,9.184237076465363,0.6982238704027325,50.71284794855964,-6570.465918737223
10.237891660285088,9.184237076465363,0.6982238704027325,50.71284794855964,-6570.465918737223
10.237891660285088,9.184237076465363,0.6982238704027325,50.71284794855964,-6570.465918737223
10.237891660285088,9.184237076465363,0.6982238704027325,50.71284794855964,-6570.465918737223
10.192433769848362,8.590646152431777,0.6229345809943687,50.470124984228505,-6571.168293742196
10.115634398644413,9.042928382075834,0.6365914973036694,49.970063634761665,-6571.05019882528
10.115634398644413,9.042928382075834,0.6365914973036694,49.970063634761665,-6571.05019882528
10.115634398644413,9.042928382075834,0.6365914973036694,49.970063634761665,-6571.05019882528
10.115634398644413,9.042928382075834,0.6365914973036694,49.970063634761665,-6571.05019882528
10.115634398644413,9.042928382075834,0.6365914973036694,49.970063634761665,-6571.05019882528
10.115634398644413,9.042928382075834,0.6365914973036694,49.970063634761665,-6571.05019882528
10.115634398644413,9.042928382075834,0.6365914973036694,49.970063634761665,-6571.05019882528
10.115634398644413,9.042928382075834,0.6365914973036694,49.970063634761665,-6571.05019882528
10.115634398644413,9.042928382075834,0.6365914973036694,49.970063634761665,-6571.05019882528
10.115634398644413,9.042928382075834,0.6365914973036694,49.970063634761665,-6571.05019882528
10.115634398644413,9.042928382075834,0.6365914973036694,49.970063634761665,-6571.05019882528
9.987451560977648,8.824682867589297,0.5770181467804317,49.75899048049666,-6573.147680895258
9.987451560977648,8.824682867589297,0.5770181467804317,49.75899048049666,-6573.147680895258
11.068903340444397,9.019940822224044,0.532619339206196,49.45015343433064,-6574.068075443536
10.397550248474506,9.738411051578574,0.6553247718733286,49.38076112556739,-6572.546982835702
10.397550248474506,9.738411051578574,0.6553247718733286,49.38076112556739,-6572.546982835702
10.397550248474506,9.738411051578574,0.6553247718733286,49.38076112556739,-6572.546982835702
10.397550248474506,9.738411051578574,0.6553247718733286,49.38076112556739,-6572.546982835702
10.397550248474506,9.738411051578574,0.6553247718733286,49.38076112556739,-6572.546982835702
10.397550248474506,9.738411051578574,0.6553247718733286,49.38076112556739,-6572.546982835702
10.397550248474506,9.738411051578574,0.6553247718733286,49.38076112556739,-6572.546982835702
10.397550248474506,9.738411051578574,0.6553247718733286,49.38076112556739,-6572.546982835702
10.397550248474506,9.738411051578574,0.6553247718733286,49.38076112556739,-6572.546982835702
11.242474499651433,8.261668398275546,0.6145813761090098,49.60292112333019,-6572.746921239769
11.242474499651433,8.261668398275546,0.6145813761090098,49.60292112333019,-6572.746921239769
9.593792372031084,7.685442172220414,0.747931732146608,50.344759197073216,-6572.5098796223
9.593792372031084,7.685442172220414,0.747931732146608,50.344759197073216,-6572.5098796223
9.593792372031084,7.685442172220414,0.747931732146608,50.344759197073216,-6572.5098796223
9.705472571989159,10.18202227405217,0.6806316618953716,49.92936050135975,-6570.86912370237
9.705472571989159,10.18202227405217,0.6806316618953716,49.92936050135975,-6570.86912370237
9.705472571989159,10.18202227405217,0.6806316618953716,49.92936050135975,-6570.86912370237
9.705472571989159,10.18202227405217,0.6806316618953716,49.92936050135975,-6570.86912370237
9.705472571989159,10.18202227405217,0.6806316618953716,49.92936050135975,-6570.86912370237
8.900695701546152,11.071011395778374,0.7341315408512262,50.95724722442419,-6572.012593033351
8.900695701546152,11.071011395778374,0.7341315408512262,50.95724722442419,-6572.012593033351
10.535977699533648,8.08128074467879,0.7535781430084557,50.13881861836802,-6570.336688282539
10.535977699533648,8.08128074467879,0.7535781430084557,50.13881861836802,-6570.336688282539
10.535977699533648,8.08128074467879,0.7535781430084557,50.13881861836802,-6570.336688282539
10.535977699533648,8.08128074467879,0.7535781430084557,50.13881861836802,-6570.336688282539
10.535977699533648,8.08128074467879,0.7535781430084557,50.13881861836802,-6570.336688282539
10.535977699533648,8.08128074467879,0.7535781430084557,50.13881861836802,-6570.336688282539
10.535977699533648,8.08128074467879,0.7535781430084557,50.13881861836802,-6570.336688282539
10.535977699533648,8.08128074467879,0.7535781430084557,50.13881861836802,-6570.336688282539
10.535977699533648,8.08128074467879,0.7535781430084557,50.13881861836802,-6570.336688282539
10.535977699533648,8.08128074467879,0.7535781430084557,50.13881861836802,-6570.336688282539
10.535977699533648,8.08128074467879,0.7535781430084557,50.13881861836802,-6570.336688282539
10.535977699533648,8.08128074467879,0.7535781430084557,50.13881861836802,-6570.336688282539
10.535977699533648,8.08128074467879,0.7535781430084557,50.13881861836802,-6570.336688282539
10.535977699533648,8.08128074467879,0.7535781430084557,50.13881861836802,-6570.336688282539
10.535977699533648,8.08128074467879,0.7535781430084557,50.13881861836802,-6570.336688282539
10.535977699533648,8.08128074467879,0.7535781430084557,50.13881861836802,-6570.336688282539
10.535977699533648,8.08128074467879,0.7535781430084557,50.13881861836802,-6570.336688282539
10.142323864805897,8.236516702678069,0.7496025550922399,50.892119287213525,-6570.618514172115
10.142323864805897,8.236516702678069,0.7496025550922399,50.892119287213525,-6570.618514172115
10.142323864805897,8.236516702678069,0.7496025550922399,50.892119287213525,-6570.618514172115
10.646978186594701,6.578828096286684,0.8173212743634894,50.92190336910688,-6571.143783071112
10.646978186594701,6.578828096286684,0.8173212743634894,50.92190336910688,-6571.143783071112
10.646978186594701,6.578828096286684,0.8173212743634894,50.92190336910688,-6571.143783071112
10.646978186594701,6.578828096286684,0.8173212743634894,50.92190336910688,-6571.143783071112
10.646978186594701,6.578828096286684,0.8173212743634894,50.92190336910688,-6571.143783071112
10.646978186594701,6.578828096286684,0.8173212743634894,50.92190336910688,-6571.143783071112
10.646978186594701,6.578828096286684,0.8173212743634894,50.92190336910688,-6571.143783071112
10.646978186594701,6.578828096286684,0.8173212743634894,50.92190336910688,-6571.143783071112
10.646978186594701,6.578828096286684,0.8173212743634894,50.92190336910688,-6571.143783071112
10.646978186594701,6.578828096286684,0.8173212743634894,50.92190336910688,-6571.143783071112
10.646978186594701,6.578828096286684,0.8173212743634894,50.92190336910688,-6571.143783071112
10.646978186594701,6.578828096286684,0.8173212743634894,50.92190336910688,-6571.143783071112
10.495342962964067,8.518884946089539,0.8607449587333968,50.69901187244454,-6571.424382070188
10.495342962964067,8.518884946089539,0.8607449587333968,50.69901187244454,-6571.424382070188
10.495342962964067,8.518884946089539,0.8607449587333968,50.69901187244454,-6571.424382070188
10.495342962964067,8.518884946089539,0.8607449587333968,50.69901187244454,-6571.424382070188
10.495342962964067,8.518884946089539,0.8607449587333968,50.69901187244454,-6571.424382070188
10.495342962964067,8.518884946089539,0.8607449587333968,50.69901187244454,-6571.424382070188
10.495342962964067,8.518884946089539,0.8607449587333968,50.69901187244454,-6571.424382070188
10.790689896454616,8.680363688393939,0.6596083765963197,50.24761567659518,-6570.857109102308
10.790689896454616,8.680363688393939,0.6596083765963197,50.24761567659518,-6570.857109102308
10.790689896454616,8.680363688393939,0.6596083765963197,50.24761567659518,-6570.857109102308
10.70952625804183,8.953743959461082,0.6101246695907154,50.08334121018421,-6571.251371631558
10.70952625804183,8.953743959461082,0.6101246695907154,50.08334121018421,-6571.251371631558
10.70952625804183,8.953743959461082,0.6101246695907154,50.08334121018421,-6571.251371631558
10.70952625804183,8.953743959461082,0.6101246695907154,50.08334121018421,-6571.251371631558
9.809614197368589,10.329955243883424,0.6321023201139768,50.084248781155175,-6570.982271702613
9.809614197368589,10.329955243883424,0.6321023201139768,50.084248781155175,-6570.982271702613
9.809614197368589,10.329955243883424,0.6321023201139768,50.084248781155175,-6570.982271702613
9.79376150877156,9.785170417795547,0.6964318675334107,50.287088902345566,-6570.399405943372
10.196069587252584,10.6572683295617,0.5940008771795712,50.99148051205659,-6571.931211187258
10.196069587252584,10.6572683295617,0.5940008771795712,50.99148051205659,-6571.931211187258
10.196069587252584,10.6572683295617,0.5940008771795712,50.99148051205659,-6571.931211187258
10.196069587252584,10.6572683295617,0.5940008771795712,50.99148051205659,-6571.931211187258
10.196069587252584,10.6572683295617,0.5940008771795712,50.99148051205659,-6571.931211187258
9.743498219137972,9.195063714757628,0.6889702716698919,50.50735042306595,-6570.6193475863465
9.743498219137972,9.195063714757628,0.6889702716698919,50.50735042306595,-6570.6193475863465
9.743498219137972,9.195063714757628,0.6889702716698919,50.50735042306595,-6570.6193475863465
9.743498219137972,9.195063714757628,0.6889702716698919,50.50735042306595,-6570.6193475863465
9.743498219137972,9.195063714757628,0.6889702716698919,50.50735042306595,-6570.6193475863465
9.743498219137972,9.195063714757628,0.6889702716698919,50.50735042306595,-6570.6193475863465
9.743498219137972,9.195063714757628,0.6889702716698919,50.50735042306595,-6570.6193475863465
9.743498219137972,9.195063714757628,0.6889702716698919,50.50735042306595,-6570.6193475863465
9.133633760299809,8.35279189713196,0.9285484942729474,49.50741033979648,-6572.991187164649
9.133633760299809,8.35279189713196,0.9285484942729474,49.50741033979648,-6572.991187164649
9.133633760299809,8.35279189713196,0.9285484942729474,49.50741033979648,-6572.991187164649
9.133633760299809,8.35279189713196,0.9285484942729474,49.50741033979648,-6572.991187164649
10.429199543763296,6.886408552377928,0.8977814420000381,49.58424224581548,-6571.661481747307
10.731263984036948,6.356599491232503,0.7737900997366556,50.09353013297045,-6571.247068611121
10.731263984036948,6.356599491232503,0.7737900997366556,50.09353013297045,-6571.247068611121
9.846329719283364,9.170550263071753,0.6659513870055007,49.76894628836447,-6571.290603471634
9.846329719283364,9.170550263071753,0.6659513870055007,49.76894628836447,-6571.290603471634
10.287730820662647,8.387587909310561,0.8009603163754947,49.69052776304096,-6570.955058391798
10.287730820662647,8.387587909310561,0.8009603163754947,49.69052776304096,-6570.955058391798
10.287730820662647,8.387587909310561,0.8009603163754947,49.69052776304096,-6570.955058391798
10.287730820662647,8.387587909310561,0.8009603163754947,49.69052776304096,-6570.955058391798
10.287730820662647,8.387587909310561,0.8009603163754947,49.69052776304096,-6570.955058391798
10.084199965215229,9.157431848032864,0.6428146576360435,49.9947971198927,-6570.917566961527
10.084199965215229,9.157431848032864,0.6428146576360435,49.9947971198927,-6570.917566961527
10.084199965215229,9.157431848032864,0.6428146576360435,49.9947971198927,-6570.917566961527
10.084199965215229,9.157431848032864,0.6428146576360435,49.9947971198927,-6570.917566961527
10.084199965215229,9.157431848032864,0.6428146576360435,49.9947971198927,-6570.917566961527
10.084199965215229,9.157431848032864,0.6428146576360435,49.9947971198927,-6570.917566961527
10.084199965215229,9.157431848032864,0.6428146576360435,49.9947971198927,-6570.917566961527
10.381632572332302,10.050984344593472,0.7010252000409094,50.171362363804754,-6571.485309338382
10.381632572332302,10.050984344593472,0.7010252000409094,50.171362363804754,-6571.485309338382
10.381632572332302,10.050984344593472,0.7010252000409094,50.171362363804754,-6571.485309338382
9.913931092395723,8.401877008155846,0.8567171882081066,49.934878810965984,-6570.643278173187
9.913931092395723,8.401877008155846,0.8567171882081066,49.934878810965984,-6570.643278173187
10.180131558401557,8.24044014679206,0.9329168908205148,49.790383848039475,-6571.6558483855415
10.180131558401557,8.24044014679206,0.9329168908205148,49.790383848039475,-6571.6558483855415
10.021317271806282,7.708073222734653,0.8546865002902652,49.513019349216364,-6571.559084835868
10.135311184625042,9.803183384767983,0.8146593702366913,49.973798768222856,-6571.710605854305
10.601253201180517,9.357502352729306,0.7516892745620256,50.052617897295626,-6571.644710859017
11.398524134698494,8.927586211060515,0.5919951510158464,50.78311496581993,-6572.683179386298
11.398524134698494,8.927586211060515,0.5919951510158464,50.78311496581993,-6572.683179386298
11.398524134698494,8.927586211060515,0.5919951510158464,50.78311496581993,-6572.683179386298
11.398524134698494,8.927586211060515,0.5919951510158464,50.78311496581993,-6572.683179386298
11.398524134698494,8.927586211060515,0.5919951510158464,50.78311496581993,-6572.683179386298
11.398524134698494,8.927586211060515,0.5919951510158464,50.78311496581993,-6572.683179386298
11.398524134698494,8.927586211060515,0.5919951510158464,50.78311496581993,-6572.683179386298
11.398524134698494,8.927586211060515,0.5919951510158464,50.78311496581993,-6572.683179386298
11.398524134698494,8.927586211060515,0.5919951510158464,50.78311496581993,-6572.683179386298
11.398524134698494,8.927586211060515,0.5919951510158464,50.78311496581993,-6572.683179386298
11.398524134698494,8.927586211060515,0.5919951510158464,50.78311496581993,-6572.683179386298
11.398524134698494,8.927586211060515,0.5919951510158464,50.78311496581993,-6572.683179386298
11.398524134698494,8.927586211060515,0.5919951510158464,50.78311496581993,-6572.683179386298
11.398524134698494,8.927586211060515,0.5919951510158464,50.78311496581993,-6572.683179386298
11.398524134698494,8.927586211060515,0.5919951510158464,50.78311496581993,-6572.683179386298
11.398524134698494,8.927586211060515,0.5919951510158464,50.78311496581993,-6572.683179386298
10.983789913493096,8.557717086316565,0.5812758713658116,50.48052199454127,-6571.5037682843495
10.983789913493096,8.557717086316565,0.5812758713658116,50.48052199454127,-6571.5037682843495
10.983789913493096,8.557717086316565,0.5812758713658116,50.48052199454127,-6571.5037682843495
10.983789913493096,8.557717086316565,0.5812758713658116,50.48052199454127,-6571.5037682843495
10.983789913493096,8.557717086316565,0.5812758713658116,50.48052199454127,-6571.5037682843495
10.983789913493096,8.557717086316565,0.5812758713658116,50.48052199454127,-6571.5037682843495
10.983789913493096,8.557717086316565,0.5812758713658116,50.48052199454127,-6571.5037682843495
10.983789913493096,8.557717086316565,0.5812758713658116,50.48052199454127,-6571.5037682843495
10.983789913493096,8.557717086316565,0.5812758713658116,50.48052199454127,-6571.5037682843495
10.983789913493096,8.557717086316565,0.5812758713658116,50.48052199454127,-6571.5037682843495
10.983789913493096,8.557717086316565,0.5812758713658116,50.48052199454127,-6571.5037682843495
10.934608547656993,9.482524003490104,0.6954034483354571,50.14481576375192,-6572.41027796481
11.101713552554216,8.178081302868973,0.8249545993759579,50.31043769669843,-6572.306588391564
11.101713552554216,8.178081302868973,0.8249545993759579,50.31043769669843,-6572.306588391564
11.713242319254386,7.374017426243194,0.7884533615053338,50.61060969374827,-6573.079586729863
11.713242319254386,7.374017426243194,0.7884533615053338,50.61060969374827,-6573.079586729863
11.713242319254386,7.374017426243194,0.7884533615053338,50.61060969374827,-6573.079586729863
9.585748447603981,7.464816193693568,0.7897639571614999,50.26506934083857,-6572.436248957034
9.98167674837775,10.21050706256583,0.7711916050894622,50.437942617982195,-6571.229961301469
9.98167674837775,10.21050706256583,0.7711916050894622,50.437942617982195,-6571.229961301469
9.328807689210022,11.502819553081082,0.5847503571214606,50.05789242355224,-6571.993629407061
9.049926521481058,9.18019251582512,0.7668384802062531,50.1266023565636,-6571.970615578506
9.049926521481058,9.18019251582512,0.7668384802062531,50.1266023565636,-6571.970615578506
9.049926521481058,9.18019251582512,0.7668384802062531,50.1266023565636,-6571.970615578506
9.049926521481058,9.18019251582512,0.7668384802062531,50.1266023565636,-6571.970615578506
9.049926521481058,9.18019251582512,0.7668384802062531,50.1266023565636,-6571.970615578506
9.049926521481058,9.18019251582512,0.7668384802062531,50.1266023565636,-6571.970615578506
9.049926521481058,9.18019251582512,0.7668384802062531,50.1266023565636,-6571.970615578506
9.403565175437764,7.740113103147694,0.7570809743059231,50.46891234612964,-6573.260810911897
9.403565175437764,7.740113103147694,0.7570809743059231,50.46891234612964,-6573.260810911897
9.403565175437764,7.740113103147694,0.7570809743059231,50.46891234612964,-6573.260810911897
9.403565175437764,7.740113103147694,0.7570809743059231,50.46891234612964,-6573.260810911897
9.250423304336241,7.14213934809156,0.9052404884943234,50.583184819276866,-6573.906809405624
9.250423304336241,7.14213934809156,0.9052404884943234,50.583184819276866,-6573.906809405624
9.194919395419937,7.325303150620097,0.932714605034477,50.73136576773148,-6573.764309136002
10.715338226105828,5.394134127191299,1.138115512199388,50.55762538521807,-6573.705329464341
10.715338226105828,5.394134127191299,1.138115512199388,50.55762538521807,-6573.705329464341
9.133378307421538,7.7625599558633365,0.8957854515022858,49.512101470512164,-6574.080790041497
9.133378307421538,7.7625599558633365,0.8957854515022858,49.512101470512164,-6574.080790041497
9.133378307421538,7.7625599558633365,0.8957854515022858,49.512101470512164,-6574.080790041497
9.251533317406034,8.389218740057704,1.0505506738802963,49.282291203064766,-6574.015348916071
9.251533317406034,8.389218740057704,1.0505506738802963,49.282291203064766,-6574.015348916071
9.251533317406034,8.389218740057704,1.0505506738802963,49.282291203064766,-6574.015348916071
9.251533317406034,8.389218740057704,1.0505506738802963,49.282291203064766,-6574.015348916071
9.251533317406034,8.389218740057704,1.0505506738802963,49.282291203064766,-6574.015348916071
9.251533317406034,8.389218740057704,1.0505506738802963,49.282291203064766,-6574.015348916071
9.251533317406034,8.389218740057704,1.0505506738802963,49.282291203064766,-6574.015348916071
9.251533317406034,8.389218740057704,1.0505506738802963,49.282291203064766,-6574.015348916071
8.782182144941581,8.814234372440458,0.9777100939561276,50.35825975179895,-6572.9019866188255
8.782182144941581,8.814234372440458,0.9777100939561276,50.35825975179895,-6572.9019866188255
8.782182144941581,8.814234372440458,0.9777100939561276,50.35825975179895,-6572.9019866188255
8.782182144941581,8.814234372440458,0.9777100939561276,50.35825975179895,-6572.9019866188255
8.782182144941581,8.814234372440458,0.9777100939561276,50.35825975179895,-6572.9019866188255
9.31186793357396,9.158195112912665,0.845441788182165,50.14844586444465,-6570.8681947390805
9.539928808007165,7.598273919590769,0.9954448502932395,50.21865845603837,-6571.855210433431
9.539928808007165,7.598273919590769,0.9954448502932395,50.21865845603837,-6571.855210433431
9.539928808007165,7.598273919590769,0.9954448502932395,50.21865845603837,-6571.855210433431
10.038738276183679,8.422540638975251,0.8464169671195105,49.73935925990267,-6570.915841764621
10.038738276183679,8.422540638975251,0.8464169671195105,49.73935925990267,-6570.915841764621
10.038738276183679,8.422540638975251,0.8464169671195105,49.73935925990267,-6570.915841764621
10.038738276183679,8.422540638975251,0.8464169671195105,49.73935925990267,-6570.915841764621
9.92261345693116,8.593254021457064,0.9607166626999619,49.758270197904835,-6571.968573003567
9.92261345693116,8.593254021457064,0.9607166626999619,49.758270197904835,-6571.968573003567
9.92261345693116,8.593254021457064,0.9607166626999619,49.758270197904835,-6571.968573003567
10.14129084679423,9.259384271134074,0.8005222037285896,49.71921307906303,-6571.283683462596
10.14129084679423,9.259384271134074,0.8005222037285896,49.71921307906303,-6571.283683462596
10.14129084679423,9.259384271134074,0.8005222037285896,49.71921307906303,-6571.283683462596
10.14129084679423,9.259384271134074,0.8005222037285896,49.71921307906303,-6571.283683462596
10.14129084679423,9.259384271134074,0.8005222037285896,49.71921307906303,-6571.283683462596
10.14129084679423,9.259384271134074,0.8005222037285896,49.71921307906303,-6571.283683462596
10.14129084679423,9.259384271134074,0.8005222037285896,49.71921307906303,-6571.283683462596
10.696929440353811,10.220924939784807,0.7057482003245625,49.897265276686596,-6573.241222951876
10.696929440353811,10.220924939784807,0.7057482003245625,49.897265276686596,-6573.241222951876
10.440731157606162,9.884156410009629,0.7330439748084732,49.78354860714676,-6572.14860963857
10.440731157606162,9.884156410009629,0.7330439748084732,49.78354860714676,-6572.14860963857
10.440731157606162,9.884156410009629,0.7330439748084732,49.78354860714676,-6572.14860963857
10.440731157606162,9.884156410009629,0.7330439748084732,49.78354860714676,-6572.14860963857
10.440731157606162,9.884156410009629,0.7330439748084732,49.78354860714676,-6572.14860963857
10.421460708876658,7.447647603156861,0.8067650248680899,49.822543040230045,-6570.770982030319
10.421460708876658,7.447647603156861,0.8067650248680899,49.822543040230045,-6570.770982030319
10.421460708876658,7.447647603156861,0.8067650248680899,49.822543040230045,-6570.770982030319
10.421460708876658,7.447647603156861,0.8067650248680899,49.822543040230045,-6570.770982030319
10.603988643669071,8.073786357546625,0.7827754710980064,50.14434704391693,-6570.488191494157
10.603988643669071,8.073786357546625,0.7827754710980064,50.14434704391693,-6570.488191494157
10.603988643669071,8.073786357546625,0.7827754710980064,50.14434704391693,-6570.488191494157
10.578182279989397,7.9369215785265785,0.680191090246647,50.513476901039326,-6570.528287389212
10.578182279989397,7.9369215785265785,0.680191090246647,50.513476901039326,-6570.528287389212
10.578182279989397,7.9369215785265785,0.680191090246647,50.513476901039326,-6570.528287389212
10.578182279989397,7.9369215785265785,0.680191090246647,50.513476901039326,-6570.528287389212
10.578182279989397,7.9369215785265785,0.680191090246647,50.513476901039326,-6570.528287389212
10.578182279989397,7.9369215785265785,0.680191090246647,50.513476901039326,-6570.528287389212
10.991471568136724,6.700276084771589,0.7506807683623482,50.140954621549575,-6570.840422485518
10.991471568136724,6.700276084771589,0.7506807683623482,50.140954621549575,-6570.840422485518
11.043956325568185,6.1857654405691544,0.8441473899263162,50.07849029904498,-6571.095977443022
11.043956325568185,6.1857654405691544,0.8441473899263162,50.07849029904498,-6571.095977443022
10.444447267168119,7.367530063582844,0.8320209678904302,49.70386652385447,-6571.039631445607
10.444447267168119,7.367530063582844,0.8320209678904302,49.70386652385447,-6571.039631445607
10.444447267168119,7.367530063582844,0.8320209678904302,49.70386652385447,-6571.039631445607
10.444447267168119,7.367530063582844,0.8320209678904302,49.70386652385447,-6571.039631445607
10.444447267168119,7.367530063582844,0.8320209678904302,49.70386652385447,-6571.039631445607
10.444447267168119,7.367530063582844,0.8320209678904302,49.70386652385447,-6571.039631445607
10.444447267168119,7.367530063582844,0.8320209678904302,49.70386652385447,-6571.039631445607
10.014695887904658,9.67921264227714,1.0078832921220706,49.730764245404465,-6574.733132415236
10.014695887904658,9.67921264227714,1.0078832921220706,49.730764245404465,-6574.733132415236
10.014695887904658,9.67921264227714,1.0078832921220706,49.730764245404465,-6574.733132415236
10.014695887904658,9.67921264227714,1.0078832921220706,49.730764245404465,-6574.733132415236
10.076039117359112,7.723900544756356,1.0722871950489117,49.62804032014523,-6573.368852251557
10.076039117359112,7.723900544756356,1.0722871950489117,49.62804032014523,-6573.368852251557
10.076039117359112,7.723900544756356,1.0722871950489117,49.62804032014523,-6573.368852251557
10.076039117359112,7.723900544756356,1.0722871950489117,49.62804032014523,-6573.368852251557
10.076039117359112,7.723900544756356,1.0722871950489117,49.62804032014523,-6573.368852251557
10.076039117359112,7.723900544756356,1.0722871950489117,49.62804032014523,-6573.368852251557
10.076039117359112,7.723900544756356,1.0722871950489117,49.62804032014523,-6573.368852251557
10.076039117359112,7.723900544756356,1.0722871950489117,49.62804032014523,-6573.368852251557
10.076039117359112,7.723900544756356,1.0722871950489117,49.62804032014523,-6573.368852251557
10.076039117359112,7.723900544756356,1.0722871950489117,49.62804032014523,-6573.368852251557
10.076039117359112,7.723900544756356,1.0722871950489117,49.62804032014523,-6573.368852251557
10.076039117359112,7.723900544756356,1.0722871950489117,49.62804032014523,-6573.368852251557
10.076039117359112,7.723900544756356,1.0722871950489117,49.62804032014523,-6573.368852251557
10.076039117359112,7.723900544756356,1.0722871950489117,49.62804032014523,-6573.368852251557
10.076039117359112,7.723900544756356,1.0722871950489117,49.62804032014523,-6573.368852251557
10.076039117359112,7.723900544756356,1.0722871950489117,49.62804032014523,-6573.368852251557
9.255227874760331,9.256130938600649,1.0163659272751713,49.896182390045624,-6572.522207759106
9.185563620637327,11.00746825651229,0.9154292317764916,49.577762666139,-6573.440095225846
9.230247137688943,10.613918232307824,0.887336898488316,50.17432590328586,-6571.856917635067
9.389181087267858,8.417304866199784,0.8802212998747821,50.77314971332954,-6571.474198632018
9.389181087267858,8.417304866199784,0.8802212998747821,50.77314971332954,-6571.474198632018
9.389181087267858,8.417304866199784,0.8802212998747821,50.77314971332954,-6571.474198632018
9.389181087267858,8.417304866199784,0.8802212998747821,50.77314971332954,-6571.474198632018
9.389181087267858,8.417304866199784,0.8802212998747821,50.77314971332954,-6571.474198632018
9.389181087267858,8.417304866199784,0.8802212998747821,50.77314971332954,-6571.474198632018
9.389181087267858,8.417304866199784,0.8802212998747821,50.77314971332954,-6571.474198632018
9.40237231914215,7.701630221534635,0.9672093792793277,50.40395975102033,-6571.963550500406
9.68115617209441,8.882030132512371,0.7842477413094063,50.47663195834857,-6570.370803605934
10.622863879985458,7.250281502554488,0.8630316501658349,50.29752950181441,-6570.601559985209
10.622863879985458,7.250281502554488,0.8630316501658349,50.29752950181441,-6570.601559985209
10.622863879985458,7.250281502554488,0.8630316501658349,50.29752950181441,-6570.601559985209
10.622863879985458,7.250281502554488,0.8630316501658349,50.29752950181441,-6570.601559985209
10.622863879985458,7.250281502554488,0.8630316501658349,50.29752950181441,-6570.601559985209
10.622863879985458,7.250281502554488,0.8630316501658349,50.29752950181441,-6570.601559985209
10.622863879985458,7.250281502554488,0.8630316501658349,50.29752950181441,-6570.601559985209
10.622863879985458,7.250281502554488,0.8630316501658349,50.29752950181441,-6570.601559985209
10.76064910508327,6.494134480079197,0.8131195827162601,50.10051975082877,-6570.8596703999665
10.76064910508327,6.494134480079197,0.8131195827162601,50.10051975082877,-6570.8596703999665
10.76064910508327,6.494134480079197,0.8131195827162601,50.10051975082877,-6570.8596703999665
10.76064910508327,6.494134480079197,0.8131195827162601,50.10051975082877,-6570.8596703999665
10.76064910508327,6.494134480079197,0.8131195827162601,50.10051975082877,-6570.8596703999665
10.76064910508327,6.494134480079197,0.8131195827162601,50.10051975082877,-6570.8596703999665
10.76064910508327,6.494134480079197,0.8131195827162601,50.10051975082877,-6570.8596703999665
10.898775452463134,7.3553797227677515,0.8155135810617177,50.467759044656304,-6570.708168084609
10.292829374306626,8.56624566393935,0.6916671187341561,50.09900645942128,-6570.444725488209
10.292829374306626,8.56624566393935,0.6916671187341561,50.09900645942128,-6570.444725488209
10.292829374306626,8.56624566393935,0.6916671187341561,50.09900645942128,-6570.444725488209
10.292829374306626,8.56624566393935,0.6916671187341561,50.09900645942128,-6570.444725488209
10.292829374306626,8.56624566393935,0.6916671187341561,50.09900645942128,-6570.444725488209
10.292829374306626,8.56624566393935,0.6916671187341561,50.09900645942128,-6570.444725488209
10.292829374306626,8.56624566393935,0.6916671187341561,50.09900645942128,-6570.444725488209
10.292829374306626,8.56624566393935,0.6916671187341561,50.09900645942128,-6570.444725488209
10.292829374306626,8.56624566393935,0.6916671187341561,50.09900645942128,-6570.444725488209
10.292829374306626,8.56624566393935,0.6916671187341561,50.09900645942128,-6570.444725488209
10.292829374306626,8.56624566393935,0.6916671187341561,50.09900645942128,-6570.444725488209
10.292829374306626,8.56624566393935,0.6916671187341561,50.09900645942128,-6570.444725488209
10.292829374306626,8.56624566393935,0.6916671187341561,50.09900645942128,-6570.444725488209
10.292829374306626,8.56624566393935,0.6916671187341561,50.09900645942128,-6570.444725488209
10.292829374306626,8.56624566393935,0.6916671187341561,50.09900645942128,-6570.444725488209
10.292829374306626,8.56624566393935,0.6916671187341561,50.09900645942128,-6570.444725488209
10.292829374306626,8.56624566393935,0.6916671187341561,50.09900645942128,-6570.444725488209
10.292829374306626,8.56624566393935,0.6916671187341561,50.09900645942128,-6570.444725488209
10.292829374306626,8.56624566393935,0.6916671187341561,50.09900645942128,-6570.444725488209
10.292829374306626,8.56624566393935,0.6916671187341561,50.09900645942128,-6570.444725488209
10.292829374306626,8.56624566393935,0.6916671187341561,50.09900645942128,-6570.444725488209
10.292829374306626,8.56624566393935,0.6916671187341561,50.09900645942128,-6570.444725488209
10.292829374306626,8.56624566393935,0.6916671187341561,50.09900645942128,-6570.444725488209
9.756256312014665,8.763968128923667,0.6981262484108838,50.85144856746382,-6571.190508665868
9.756256312014665,8.763968128923667,0.6981262484108838,50.85144856746382,-6571.190508665868
9.756256312014665,8.763968128923667,0.6981262484108838,50.85144856746382,-6571.190508665868
9.756256312014665,8.763968128923667,0.6981262484108838,50.85144856746382,-6571.190508665868
9.756256312014665,8.763968128923667,0.6981262484108838,50.85144856746382,-6571.190508665868
9.756256312014665,8.763968128923667,0.6981262484108838,50.85144856746382,-6571.190508665868
9.756256312014665,8.763968128923667,0.6981262484108838,50.85144856746382,-6571.190508665868
10.124254952175114,7.153393443844055,0.7750795363740954,50.46318483776663,-6571.175347287441
10.124254952175114,7.153393443844055,0.7750795363740954,50.46318483776663,-6571.175347287441
10.124254952175114,7.153393443844055,0.7750795363740954,50.46318483776663,-6571.175347287441
10.124254952175114,7.153393443844055,0.7750795363740954,50.46318483776663,-6571.175347287441
9.688908412538387,11.618989953049613,0.7299474997549189,50.370678022892704,-6572.353569622384
9.688908412538387,11.618989953049613,0.7299474997549189,50.370678022892704,-6572.353569622384
9.379850884823218,10.88600085164383,0.7308901978324375,49.7368487782976,-6571.495469820747
9.379850884823218,10.88600085164383,0.7308901978324375,49.7368487782976,-6571.495469820747
9.379850884823218,10.88600085164383,0.7308901978324375,49.7368487782976,-6571.495469820747
9.379850884823218,10.88600085164383,0.7308901978324375,49.7368487782976,-6571.495469820747
9.379850884823218,10.88600085164383,0.7308901978324375,49.7368487782976,-6571.495469820747
9.379850884823218,10.88600085164383,0.7308901978324375,49.7368487782976,-6571.495469820747
9.603274043216834,8.653925466995831,0.7778429761017861,49.65168022997128,-6571.396452095823
9.518899036308571,8.861380609549698,0.9700333062880028,49.65542535449643,-6572.1276441860555
9.075370260503242,9.987575065346066,0.794643808766328,50.01880638748755,-6571.1454528985
9.075370260503242,9.987575065346066,0.794643808766328,50.01880638748755,-6571.1454528985
9.075370260503242,9.987575065346066,0.794643808766328,50.01880638748755,-6571.1454528985
9.075370260503242,9.987575065346066,0.794643808766328,50.01880638748755,-6571.1454528985
9.075370260503242,9.987575065346066,0.794643808766328,50.01880638748755,-6571.1454528985
9.210581915930565,11.590332378962602,0.7166736296115709,49.679695736834304,-6572.122519104551
9.210581915930565,11.590332378962602,0.7166736296115709,49.679695736834304,-6572.122519104551
9.210581915930565,11.590332378962602,0.7166736296115709,49.679695736834304,-6572.122519104551
8.27666768252182,12.899818359926606,0.6363115270774294,49.74171061379938,-6574.086032191289
8.27666768252182,12.899818359926606,0.6363115270774294,49.74171061379938,-6574.086032191289
8.27666768252182,12.899818359926606,0.6363115270774294,49.74171061379938,-6574.086032191289
8.27666768252182,12.899818359926606,0.6363115270774294,49.74171061379938,-6574.086032191289
8.27666768252182,12.899818359926606,0.6363115270774294,49.74171061379938,-6574.086032191289
8.234307301131203,13.200673358759555,0.7547405670241748,49.71647222493256,-6574.006488552476
8.234307301131203,13.200673358759555,0.7547405670241748,49.71647222493256,-6574.006488552476
8.234307301131203,13.200673358759555,0.7547405670241748,49.71647222493256,-6574.006488552476
8.234307301131203,13.200673358759555,0.7547405670241748,49.71647222493256,-6574.006488552476
8.234307301131203,13.200673358759555,0.7547405670241748,49.71647222493256,-6574.006488552476
8.234307301131203,13.200673358759555,0.7547405670241748,49.71647222493256,-6574.006488552476
8.365159871121552,14.004145917278665,0.6639821143282842,49.67327031433614,-6574.667470353028
8.365159871121552,14.004145917278665,0.6639821143282842,49.67327031433614,-6574.667470353028
8.365159871121552,14.004145917278665,0.6639821143282842,49.67327031433614,-6574.667470353028
8.365159871121552,14.004145917278665,0.6639821143282842,49.67327031433614,-6574.667470353028
8.365159871121552,14.004145917278665,0.6639821143282842,49.67327031433614,-6574.667470353028
8.365159871121552,14.004145917278665,0.6639821143282842,49.67327031433614,-6574.667470353028
8.365159871121552,14.004145917278665,0.6639821143282842,49.67327031433614,-6574.667470353028
8.365159871121552,14.004145917278665,0.6639821143282842,49.67327031433614,-6574.667470353028
8.365159871121552,14.004145917278665,0.6639821143282842,49.67327031433614,-6574.667470353028
8.365159871121552,14.004145917278665,0.6639821143282842,49.67327031433614,-6574.667470353028
8.365159871121552,14.004145917278665,0.6639821143282842,49.67327031433614,-6574.667470353028
8.365159871121552,14.004145917278665,0.6639821143282842,49.67327031433614,-6574.667470353028
8.365159871121552,14.004145917278665,0.6639821143282842,49.67327031433614,-6574.667470353028
8.365159871121552,14.004145917278665,0.6639821143282842,49.67327031433614,-6574.667470353028
8.32869901426533,13.293870741478887,0.5405340769170252,50.28608448126275,-6574.792334105419
8.610100166109252,14.841539764599121,0.6195604868530555,50.547042411829636,-6575.361795987368
8.712284708390367,14.127301235913162,0.8001366005972177,50.67480758984371,-6576.260372598877
8.03060554336975,13.484647773865818,0.9175402063296356,50.218576565413706,-6575.636100351352
7.773826245011701,11.35505206579576,0.7979083423361698,50.348898701590386,-6575.518164123496
7.773826245011701,11.35505206579576,0.7979083423361698,50.348898701590386,-6575.518164123496
8.75517862393839,13.521684688079485,0.7408629578090584,50.40512699677037,-6574.01329828005
8.75517862393839,13.521684688079485,0.7408629578090584,50.40512699677037,-6574.01329828005
8.75517862393839,13.521684688079485,0.7408629578090584,50.40512699677037,-6574.01329828005
8.75517862393839,13.521684688079485,0.7408629578090584,50.40512699677037,-6574.01329828005
8.75517862393839,13.521684688079485,0.7408629578090584,50.40512699677037,-6574.01329828005
8.75517862393839,13.521684688079485,0.7408629578090584,50.40512699677037,-6574.01329828005
8.75517862393839,13.521684688079485,0.7408629578090584,50.40512699677037,-6574.01329828005
8.75517862393839,13.521684688079485,0.7408629578090584,50.40512699677037,-6574.01329828005
9.339805413086763,13.05382807459356,0.6368907622393749,50.73032903329494,-6573.511121618301
9.339805413086763,13.05382807459356,0.6368907622393749,50.73032903329494,-6573.511121618301
9.424833395592328,11.926290127588425,0.7022260133957845,50.43225301688991,-6572.045844012789
9.996996774502064,9.848626935312076,0.8568766010977644,50.70594592433293,-6571.961161357556
9.996996774502064,9.848626935312076,0.8568766010977644,50.70594592433293,-6571.961161357556
9.996996774502064,9.848626935312076,0.8568766010977644,50.70594592433293,-6571.961161357556
9.996996774502064,9.848626935312076,0.8568766010977644,50.70594592433293,-6571.961161357556
9.996996774502064,9.848626935312076,0.8568766010977644,50.70594592433293,-6571.961161357556
9.946985260651955,9.424635029457283,0.843578485269099,50.813889038023376,-6571.259531406593
9.946985260651955,9.424635029457283,0.843578485269099,50.813889038023376,-6571.259531406593
9.946985260651955,9.424635029457283,0.843578485269099,50.813889038023376,-6571.259531406593
9.946985260651955,9.424635029457283,0.843578485269099,50.813889038023376,-6571.259531406593
9.946985260651955,9.424635029457283,0.843578485269099,50.813889038023376,-6571.259531406593
9.80991508071978,9.189096963329625,0.8410578495691763,49.78394151040571,-6571.000679208749
9.80991508071978,9.189096963329625,0.8410578495691763,49.78394151040571,-6571.000679208749
9.80991508071978,9.189096963329625,0.8410578495691763,49.78394151040571,-6571.000679208749
9.724640714281028,8.337837623616513,0.9945558691294446,50.542061046471275,-6571.707403092663
9.724640714281028,8.337837623616513,0.9945558691294446,50.542061046471275,-6571.707403092663
9.724640714281028,8.337837623616513,0.9945558691294446,50.542061046471275,-6571.707403092663
9.724640714281028,8.337837623616513,0.9945558691294446,50.542061046471275,-6571.707403092663
8.625655783000136,10.20138424573661,1.0577120642204019,49.910531639272605,-6573.930229572279
8.915982043432914,9.112469007259893,0.9876898705809544,49.91396651536007,-6572.543541040239
8.915982043432914,9.112469007259893,0.9876898705809544,49.91396651536007,-6572.543541040239
8.915982043432914,9.112469007259893,0.9876898705809544,49.91396651536007,-6572.543541040239
8.915982043432914,9.112469007259893,0.9876898705809544,49.91396651536007,-6572.543541040239
8.915982043432914,9.112469007259893,0.9876898705809544,49.91396651536007,-6572.543541040239
10.8780677171338,8.62180229980605,0.9056485411961775,51.14972243970108,-6574.367568674419
10.8780677171338,8.62180229980605,0.9056485411961775,51.14972243970108,-6574.367568674419
10.8780677171338,8.62180229980605,0.9056485411961775,51.14972243970108,-6574.367568674419
10.287521416385378,8.38258339862356,0.809481347183662,51.2674484515526,-6571.510690713378
10.287521416385378,8.38258339862356,0.809481347183662,51.2674484515526,-6571.510690713378
10.85163565484831,6.689030774698568,0.7189993397494412,51.34037330587032,-6572.286504299947
10.85163565484831,6.689030774698568,0.7189993397494412,51.34037330587032,-6572.286504299947
10.31938768356828,6.874419027356378,0.9444157388645095,51.43486653593658,-6572.857747536146
10.31938768356828,6.874419027356378,0.9444157388645095,51.43486653593658,-6572.857747536146
10.31938768356828,6.874419027356378,0.9444157388645095,51.43486653593658,-6572.857747536146
10.31938768356828,6.874419027356378,0.9444157388645095,51.43486653593658,-6572.857747536146
10.31938768356828,6.874419027356378,0.9444157388645095,51.43486653593658,-6572.857747536146
10.31938768356828,6.874419027356378,0.9444157388645095,51.43486653593658,-6572.857747536146
10.31938768356828,6.874419027356378,0.9444157388645095,51.43486653593658,-6572.857747536146
10.31938768356828,6.874419027356378,0.9444157388645095,51.43486653593658,-6572.857747536146
10.31938768356828,6.874419027356378,0.9444157388645095,51.43486653593658,-6572.857747536146
10.31938768356828,6.874419027356378,0.9444157388645095,51.43486653593658,-6572.857747536146
10.31938768356828,6.874419027356378,0.9444157388645095,51.43486653593658,-6572.857747536146
10.31938768356828,6.874419027356378,0.9444157388645095,51.43486653593658,-6572.857747536146
10.31938768356828,6.874419027356378,0.9444157388645095,51.43486653593658,-6572.857747536146
10.31938768356828,6.874419027356378,0.9444157388645095,51.43486653593658,-6572.857747536146
10.31938768356828,6.874419027356378,0.9444157388645095,51.43486653593658,-6572.857747536146
10.31938768356828,6.874419027356378,0.9444157388645095,51.43486653593658,-6572.857747536146
10.31938768356828,6.874419027356378,0.9444157388645095,51.43486653593658,-6572.857747536146
10.31938768356828,6.874419027356378,0.9444157388645095,51.43486653593658,-6572.857747536146
10.31938768356828,6.874419027356378,0.9444157388645095,51.43486653593658,-6572.857747536146
10.31938768356828,6.874419027356378,0.9444157388645095,51.43486653593658,-6572.857747536146
10.31938768356828,6.874419027356378,0.9444157388645095,51.43486653593658,-6572.857747536146
9.529520373478919,7.2819310269231465,1.0116487045765301,51.40266009639343,-6574.186615828265
9.529520373478919,7.2819310269231465,1.0116487045765301,51.40266009639343,-6574.186615828265
9.529520373478919,7.2819310269231465,1.0116487045765301,51.40266009639343,-6574.186615828265
9.529520373478919,7.2819310269231465,1.0116487045765301,51.40266009639343,-6574.186615828265
9.529520373478919,7.2819310269231465,1.0116487045765301,51.40266009639343,-6574.186615828265
9.529520373478919,7.2819310269231465,1.0116487045765301,51.40266009639343,-6574.186615828265
9.33048587914818,6.7082133744124945,1.0702827873760792,50.18755450565328,-6574.04881014229
10.092064857483864,5.90321113676883,1.200541508898587,50.68822496795515,-6574.557435930174
9.819361146695377,6.874167941138232,1.0917439566614433,50.890246503591136,-6573.250932845665
9.819361146695377,6.874167941138232,1.0917439566614433,50.890246503591136,-6573.250932845665
9.819361146695377,6.874167941138232,1.0917439566614433,50.890246503591136,-6573.250932845665
9.819361146695377,6.874167941138232,1.0917439566614433,50.890246503591136,-6573.250932845665
8.742659006450765,11.11369367768991,1.1558451669477552,51.04160749979764,-6577.777478069449
8.742659006450765,11.11369367768991,1.1558451669477552,51.04160749979764,-6577.777478069449
9.747750927531555,7.596920449334334,0.9833217679606541,51.55959249009291,-6573.88105956009
9.360683949281196,7.567947438929564,1.1183885291775635,50.83354382513348,-6573.822478909289
9.360683949281196,7.567947438929564,1.1183885291775635,50.83354382513348,-6573.822478909289
9.388147108211061,6.890239880019908,0.9993865804150578,51.067537518182874,-6574.24957690326
9.388147108211061,6.890239880019908,0.9993865804150578,51.067537518182874,-6574.24957690326
9.388147108211061,6.890239880019908,0.9993865804150578,51.067537518182874,-6574.24957690326
9.388147108211061,6.890239880019908,0.9993865804150578,51.067537518182874,-6574.24957690326
9.388147108211061,6.890239880019908,0.9993865804150578,51.067537518182874,-6574.24957690326
10.129590816694435,6.0260134020895855,0.8715892321807652,51.26584941915983,-6573.890004061963
10.129590816694435,6.0260134020895855,0.8715892321807652,51.26584941915983,-6573.890004061963
10.129590816694435,6.0260134020895855,0.8715892321807652,51.26584941915983,-6573.890004061963
8.892392055054586,9.198737321085572,0.899066097983818,51.316677213474534,-6573.705441886985
8.892392055054586,9.198737321085572,0.899066097983818,51.316677213474534,-6573.705441886985
9.729988202170183,9.024342589338989,0.8144748426833567,50.701610802539,-6570.5303849986285
10.251029977923565,10.290398540388134,0.7156401066197425,50.407773619495806,-6571.508008700715
10.251029977923565,10.290398540388134,0.7156401066197425,50.407773619495806,-6571.508008700715
10.251029977923565,10.290398540388134,0.7156401066197425,50.407773619495806,-6571.508008700715
10.387544623561807,10.041168240714713,0.6460199039871792,50.91720623888113,-6571.498243983086
10.387544623561807,10.041168240714713,0.6460199039871792,50.91720623888113,-6571.498243983086
10.387544623561807,10.041168240714713,0.6460199039871792,50.91720623888113,-6571.498243983086
10.387544623561807,10.041168240714713,0.6460199039871792,50.91720623888113,-6571.498243983086
10.387544623561807,10.041168240714713,0.6460199039871792,50.91720623888113,-6571.498243983086
10.387544623561807,10.041168240714713,0.6460199039871792,50.91720623888113,-6571.498243983086
9.872635569301949,10.909680951269063,0.7177345011926385,51.083880453778725,-6572.235017218443
9.872635569301949,10.909680951269063,0.7177345011926385,51.083880453778725,-6572.235017218443
10.26994064104847,11.292996411186687,0.5650235300733317,50.717906050842664,-6572.536686145377
10.26994064104847,11.292996411186687,0.5650235300733317,50.717906050842664,-6572.536686145377
10.569005244831708,7.99348302893191,0.56539755679777,50.79856202815308,-6572.641903910315
10.569005244831708,7.99348302893191,0.56539755679777,50.79856202815308,-6572.641903910315
10.569005244831708,7.99348302893191,0.56539755679777,50.79856202815308,-6572.641903910315
10.336292009969386,9.723963998876782,0.6026009766224555,50.846496616957054,-6571.235327906591
10.336292009969386,9.723963998876782,0.6026009766224555,50.846496616957054,-6571.235327906591
10.336292009969386,9.723963998876782,0.6026009766224555,50.846496616957054,-6571.235327906591
10.336292009969386,9.723963998876782,0.6026009766224555,50.846496616957054,-6571.235327906591
10.336292009969386,9.723963998876782,0.6026009766224555,50.846496616957054,-6571.235327906591
10.336292009969386,9.723963998876782,0.6026009766224555,50.846496616957054,-6571.235327906591
10.336292009969386,9.723963998876782,0.6026009766224555,50.846496616957054,-6571.235327906591
10.336292009969386,9.723963998876782,0.6026009766224555,50.846496616957054,-6571.235327906591
10.336292009969386,9.723963998876782,0.6026009766224555,50.846496616957054,-6571.235327906591
10.336292009969386,9.723963998876782,0.6026009766224555,50.846496616957054,-6571.235327906591
10.336292009969386,9.723963998876782,0.6026009766224555,50.846496616957054,-6571.235327906591
10.336292009969386,9.723963998876782,0.6026009766224555,50.846496616957054,-6571.235327906591
10.336292009969386,9.723963998876782,0.6026009766224555,50.846496616957054,-6571.235327906591
10.336292009969386,9.723963998876782,0.6026009766224555,50.846496616957054,-6571.235327906591
10.336292009969386,9.723963998876782,0.6026009766224555,50.846496616957054,-6571.235327906591
10.336292009969386,9.723963998876782,0.6026009766224555,50.846496616957054,-6571.235327906591
10.336292009969386,9.723963998876782,0.6026009766224555,50.846496616957054,-6571.235327906591
9.732327990793928,9.498957145834309,0.6443140804691141,50.49249131181212,-6570.938650715255
9.732327990793928,9.498957145834309,0.6443140804691141,50.49249131181212,-6570.938650715255
9.732327990793928,9.498957145834309,0.6443140804691141,50.49249131181212,-6570.938650715255
9.732327990793928,9.498957145834309,0.6443140804691141,50.49249131181212,-6570.938650715255
9.732327990793928,9.498957145834309,0.6443140804691141,50.49249131181212,-6570.938650715255
9.732327990793928,9.498957145834309,0.6443140804691141,50.49249131181212,-6570.938650715255
9.732327990793928,9.498957145834309,0.6443140804691141,50.49249131181212,-6570.938650715255
9.732327990793928,9.498957145834309,0.6443140804691141,50.49249131181212,-6570.938650715255
9.732327990793928,9.498957145834309,0.6443140804691141,50.49249131181212,-6570.938650715255
9.732327990793928,9.498957145834309,0.6443140804691141,50.49249131181212,-6570.938650715255
9.732327990793928,9.498957145834309,0.6443140804691141,50.49249131181212,-6570.938650715255
9.732327990793928,9.498957145834309,0.6443140804691141,50.49249131181212,-6570.938650715255
9.732327990793928,9.498957145834309,0.6443140804691141,50.49249131181212,-6570.938650715255
10.333578653256883,6.848496422675166,0.7920265279562102,50.19294681303599,-6571.030150463153
11.522137927349377,7.660965887839809,0.7260517385354796,51.329420001730924,-6573.046046861722
11.522137927349377,7.660965887839809,0.7260517385354796,51.329420001730924,-6573.046046861722
11.433670989500275,5.80345616276943,0.6195024788071126,50.981538682431896,-6573.731172703943
11.433670989500275,5.80345616276943,0.6195024788071126,50.981538682431896,-6573.731172703943
11.433670989500275,5.80345616276943,0.6195024788071126,50.981538682431896,-6573.731172703943
11.433670989500275,5.80345616276943,0.6195024788071126,50.981538682431896,-6573.731172703943
12.249829495050669,4.237679493777747,0.7173882082566061,50.45319750711006,-6573.76586853173
12.249829495050669,4.237679493777747,0.7173882082566061,50.45319750711006,-6573.76586853173
12.61866125008554,4.9484148249513025,0.7570783452972121,50.42304014833944,-6573.831121177445
10.994514502471638,6.091380533856911,0.9017556890936759,50.66842704593167,-6571.302555202238
10.994514502471638,6.091380533856911,0.9017556890936759,50.66842704593167,-6571.302555202238
10.994514502471638,6.091380533856911,0.9017556890936759,50.66842704593167,-6571.302555202238
10.734711063869218,5.859941940555565,0.9139784386878027,50.53718865192923,-6571.37693699528
10.734711063869218,5.859941940555565,0.9139784386878027,50.53718865192923,-6571.37693699528
10.734711063869218,5.859941940555565,0.9139784386878027,50.53718865192923,-6571.37693699528
10.806251749009858,5.318899343500611,0.9429697368117265,50.25991848185269,-6571.96903667667
11.738103272905871,4.686772337786017,0.8955862588043639,49.93193053226181,-6572.8012586243385
11.738103272905871,4.686772337786017,0.8955862588043639,49.93193053226181,-6572.8012586243385
11.738103272905871,4.686772337786017,0.8955862588043639,49.93193053226181,-6572.8012586243385
11.406677728924981,5.146858554983173,1.0070931218878854,49.47661955864319,-6573.995484936708
11.406677728924981,5.146858554983173,1.0070931218878854,49.47661955864319,-6573.995484936708
11.406677728924981,5.146858554983173,1.0070931218878854,49.47661955864319,-6573.995484936708
10.469576497822798,5.261964025462162,0.9941205968448119,49.89279513313171,-6573.058406208798
10.469576497822798,5.261964025462162,0.9941205968448119,49.89279513313171,-6573.058406208798
10.469576497822798,5.261964025462162,0.9941205968448119,49.89279513313171,-6573.058406208798
10.469576497822798,5.261964025462162,0.9941205968448119,49.89279513313171,-6573.058406208798
10.532690580140601,5.896932427116248,1.1490440943124205,49.97461055031103,-6573.811786918364
10.532690580140601,5.896932427116248,1.1490440943124205,49.97461055031103,-6573.811786918364
10.224727229466652,5.814310422805833,0.9475908998497197,49.67754152544998,-6573.065416494517
10.224727229466652,5.814310422805833,0.9475908998497197,49.67754152544998,-6573.065416494517
10.224727229466652,5.814310422805833,0.9475908998497197,49.67754152544998,-6573.065416494517
10.224727229466652,5.814310422805833,0.9475908998497197,49.67754152544998,-6573.065416494517
10.224727229466652,5.814310422805833,0.9475908998497197,49.67754152544998,-6573.065416494517
10.224727229466652,5.814310422805833,0.9475908998497197,49.67754152544998,-6573.065416494517
10.224727229466652,5.814310422805833,0.9475908998497197,49.67754152544998,-6573.065416494517
10.792190783248886,6.890429656628708,0.7724420745005318,49.76825078641723,-6571.168161826669
10.792190783248886,6.890429656628708,0.7724420745005318,49.76825078641723,-6571.168161826669
10.792190783248886,6.890429656628708,0.7724420745005318,49.76825078641723,-6571.168161826669
10.792190783248886,6.890429656628708,0.7724420745005318,49.76825078641723,-6571.168161826669
10.792190783248886,6.890429656628708,0.7724420745005318,49.76825078641723,-6571.168161826669
10.792190783248886,6.890429656628708,0.7724420745005318,49.76825078641723,-6571.168161826669
10.792190783248886,6.890429656628708,0.7724420745005318,49.76825078641723,-6571.168161826669
10.792190783248886,6.890429656628708,0.7724420745005318,49.76825078641723,-6571.168161826669
10.792190783248886,6.890429656628708,0.7724420745005318,49.76825078641723,-6571.168161826669
10.792190783248886,6.890429656628708,0.7724420745005318,49.76825078641723,-6571.168161826669
10.792190783248886,6.890429656628708,0.7724420745005318,49.76825078641723,-6571.168161826669
10.792190783248886,6.890429656628708,0.7724420745005318,49.76825078641723,-6571.168161826669
10.792190783248886,6.890429656628708,0.7724420745005318,49.76825078641723,-6571.168161826669
10.579715054353088,7.953911526343385,0.7302803699284544,49.60260179183053,-6571.261952857407
10.579715054353088,7.953911526343385,0.7302803699284544,49.60260179183053,-6571.261952857407
10.579715054353088,7.953911526343385,0.7302803699284544,49.60260179183053,-6571.261952857407
10.579715054353088,7.953911526343385,0.7302803699284544,49.60260179183053,-6571.261952857407
10.579715054353088,7.953911526343385,0.7302803699284544,49.60260179183053,-6571.261952857407
10.579715054353088,7.953911526343385,0.7302803699284544,49.60260179183053,-6571.261952857407
10.579715054353088,7.953911526343385,0.7302803699284544,49.60260179183053,-6571.261952857407
10.579715054353088,7.953911526343385,0.7302803699284544,49.60260179183053,-6571.261952857407
10.579715054353088,7.953911526343385,0.7302803699284544,49.60260179183053,-6571.261952857407
10.579715054353088,7.953911526343385,0.7302803699284544,49.60260179183053,-6571.261952857407
10.579715054353088,7.953911526343385,0.7302803699284544,49.60260179183053,-6571.261952857407
10.579715054353088,7.953911526343385,0.7302803699284544,49.60260179183053,-6571.261952857407
10.579715054353088,7.953911526343385,0.7302803699284544,49.60260179183053,-6571.261952857407
10.579715054353088,7.953911526343385,0.7302803699284544,49.60260179183053,-6571.261952857407
9.2326046104255,9.036123219527521,0.7222731899631102,50.43138713583531,-6571.905080693349
9.2326046104255,9.036123219527521,0.7222731899631102,50.43138713583531,-6571.905080693349
9.2326046104255,9.036123219527521,0.7222731899631102,50.43138713583531,-6571.905080693349
9.2326046104255,9.036123219527521,0.7222731899631102,50.43138713583531,-6571.905080693349
9.2326046104255,9.036123219527521,0.7222731899631102,50.43138713583531,-6571.905080693349
9.2326046104255,9.036123219527521,0.7222731899631102,50.43138713583531,-6571.905080693349
8.649457236006413,9.711464668135104,0.9536757567350291,50.550114674008746,-6572.733556216941
8.649457236006413,9.711464668135104,0.9536757567350291,50.550114674008746,-6572.733556216941
8.649457236006413,9.711464668135104,0.9536757567350291,50.550114674008746,-6572.733556216941
9.639643390502828,9.361706180109385,0.7923771524650265,49.84247369417391,-6570.725015471762
9.160482622443704,8.643774715848215,0.7805933198107431,50.064656681178896,-6572.247434482761
10.68128790130547,8.12241931627182,0.9914250319477895,50.654483132525385,-6573.584821177184
10.68128790130547,8.12241931627182,0.9914250319477895,50.654483132525385,-6573.584821177184
12.076221705251248,5.178476429405889,0.7911091575816839,50.60203435162317,-6572.485010126073
12.076221705251248,5.178476429405889,0.7911091575816839,50.60203435162317,-6572.485010126073
12.076221705251248,5.178476429405889,0.7911091575816839,50.60203435162317,-6572.485010126073
12.076221705251248,5.178476429405889,0.7911091575816839,50.60203435162317,-6572.485010126073
12.076221705251248,5.178476429405889,0.7911091575816839,50.60203435162317,-6572.485010126073
10.126789097517399,6.9857923073828925,0.7860571566561122,50.111740483980114,-6571.446491768705
9.693147439732344,8.841688031211731,0.9685799328099799,49.97181978924054,-6571.7310028735465
9.891306635730764,10.04028917091578,0.9628511471865111,49.93082858868261,-6573.8377743183755
9.794029306823845,9.31821942170539,0.9474669201758449,50.1065274748631,-6571.956398972612
10.10099888716151,8.406971078537213,0.865924835710242,49.996233721033114,-6570.70921342731
10.765252652404541,8.174355195455027,0.9804018574820116,49.74027983140589,-6574.165485290132
10.683637861575054,6.657951796945533,0.9132188902322631,49.35564708616494,-6572.494780886924
10.683637861575054,6.657951796945533,0.9132188902322631,49.35564708616494,-6572.494780886924
10.683637861575054,6.657951796945533,0.9132188902322631,49.35564708616494,-6572.494780886924
9.976091023942073,6.400524907565334,0.964714860769158,49.529863278336684,-6573.0671928960455
9.976091023942073,6.400524907565334,0.964714860769158,49.529863278336684,-6573.0671928960455
9.976091023942073,6.400524907565334,0.964714860769158,49.529863278336684,-6573.0671928960455
11.117761405073708,6.172959420620425,1.0331366744445845,49.52476756988362,-6574.013489738375
10.837180084921705,5.121876391233695,1.0978711404743995,50.19245061874922,-6573.288244805315
10.837180084921705,5.121876391233695,1.0978711404743995,50.19245061874922,-6573.288244805315
10.971378026217433,3.8941897908606333,1.1116677260060994,50.34499284927339,-6574.679211383533
10.971378026217433,3.8941897908606333,1.1116677260060994,50.34499284927339,-6574.679211383533
10.789624529924872,4.989039075922749,1.0910019407878635,51.04961173600278,-6573.984096245803
10.789624529924872,4.989039075922749,1.0910019407878635,51.04961173600278,-6573.984096245803
10.789624529924872,4.989039075922749,1.0910019407878635,51.04961173600278,-6573.984096245803
10.789624529924872,4.989039075922749,1.0910019407878635,51.04961173600278,-6573.984096245803
10.789624529924872,4.989039075922749,1.0910019407878635,51.04961173600278,-6573.984096245803
10.678892183482818,6.124616197093148,1.188830025573317,51.31915514155228,-6576.127766462847
10.678892183482818,6.124616197093148,1.188830025573317,51.31915514155228,-6576.127766462847
10.678892183482818,6.124616197093148,1.188830025573317,51.31915514155228,-6576.127766462847
10.678892183482818,6.124616197093148,1.188830025573317,51.31915514155228,-6576.127766462847
10.678892183482818,6.124616197093148,1.188830025573317,51.31915514155228,-6576.127766462847
10.678892183482818,6.124616197093148,1.188830025573317,51.31915514155228,-6576.127766462847
10.678892183482818,6.124616197093148,1.188830025573317,51.31915514155228,-6576.127766462847
10.198551927289287,8.1809480748793,1.0145368025679733,51.54137347363409,-6574.610530021148
10.198551927289287,8.1809480748793,1.0145368025679733,51.54137347363409,-6574.610530021148
10.198551927289287,8.1809480748793,1.0145368025679733,51.54137347363409,-6574.610530021148
10.198551927289287,8.1809480748793,1.0145368025679733,51.54137347363409,-6574.610530021148
9.906498781944624,9.832065427402652,0.9023129914383219,51.99814956318598,-6576.212805618101
9.906498781944624,9.832065427402652,0.9023129914383219,51.99814956318598,-6576.212805618101
9.150034849516755,10.334490941458283,0.92688262179214,51.949043799060554,-6576.18109257451
9.150034849516755,10.334490941458283,0.92688262179214,51.949043799060554,-6576.18109257451
9.150034849516755,10.334490941458283,0.92688262179214,51.949043799060554,-6576.18109257451
9.150034849516755,10.334490941458283,0.92688262179214,51.949043799060554,-6576.18109257451
9.150034849516755,10.334490941458283,0.92688262179214,51.949043799060554,-6576.18109257451
9.150034849516755,10.334490941458283,0.92688262179214,51.949043799060554,-6576.18109257451
9.150034849516755,10.334490941458283,0.92688262179214,51.949043799060554,-6576.18109257451
9.150034849516755,10.334490941458283,0.92688262179214,51.949043799060554,-6576.18109257451
9.150034849516755,10.334490941458283,0.92688262179214,51.949043799060554,-6576.18109257451
10.648537541702304,7.381201600017663,0.9561191091920321,52.2231345756308,-6576.735060383313
10.648537541702304,7.381201600017663,0.9561191091920321,52.2231345756308,-6576.735060383313
10.648537541702304,7.381201600017663,0.9561191091920321,52.2231345756308,-6576.735060383313
10.648537541702304,7.381201600017663,0.9561191091920321,52.2231345756308,-6576.735060383313
9.90185893608603,6.43008600656897,0.958491784777133,50.810912038025634,-6572.563471542458
9.90185893608603,6.43008600656897,0.958491784777133,50.810912038025634,-6572.563471542458
8.749918652693912,6.816884134841614,1.1367535019706454,50.31762670301715,-6577.2140122840465
8.74081059471704,9.253129277537267,1.2908935581971488,50.84058754015133,-6577.725863319208
8.74081059471704,9.253129277537267,1.2908935581971488,50.84058754015133,-6577.725863319208
8.74081059471704,9.253129277537267,1.2908935581971488,50.84058754015133,-6577.725863319208
8.74081059471704,9.253129277537267,1.2908935581971488,50.84058754015133,-6577.725863319208
9.697449965074753,6.343596370317178,1.1985225445313468,51.13951081318753,-6575.60916964908
9.96052256884122,7.750197050406886,0.924875355297031,50.53889942921337,-6570.886199054162
9.96052256884122,7.750197050406886,0.924875355297031,50.53889942921337,-6570.886199054162
9.96052256884122,7.750197050406886,0.924875355297031,50.53889942921337,-6570.886199054162
9.96052256884122,7.750197050406886,0.924875355297031,50.53889942921337,-6570.886199054162
9.909049893520422,7.301522356801934,0.9342854764817367,50.92897438367665,-6571.664683586926
9.909049893520422,7.301522356801934,0.9342854764817367,50.92897438367665,-6571.664683586926
9.909049893520422,7.301522356801934,0.9342854764817367,50.92897438367665,-6571.664683586926
11.06425541911534,5.333093379005738,0.8833463501758514,50.07034833507359,-6571.811496945257
11.06425541911534,5.333093379005738,0.8833463501758514,50.07034833507359,-6571.811496945257
11.06425541911534,5.333093379005738,0.8833463501758514,50.07034833507359,-6571.811496945257
11.06425541911534,5.333093379005738,0.8833463501758514,50.07034833507359,-6571.811496945257
11.06425541911534,5.333093379005738,0.8833463501758514,50.07034833507359,-6571.811496945257
11.06425541911534,5.333093379005738,0.8833463501758514,50.07034833507359,-6571.811496945257
11.06425541911534,5.333093379005738,0.8833463501758514,50.07034833507359,-6571.811496945257
11.06425541911534,5.333093379005738,0.8833463501758514,50.07034833507359,-6571.811496945257
11.06425541911534,5.333093379005738,0.8833463501758514,50.07034833507359,-6571.811496945257
10.753644640917633,8.101507649920865,0.718571414968167,49.78855740097982,-6571.0529153983925
10.753644640917633,8.101507649920865,0.718571414968167,49.78855740097982,-6571.0529153983925
11.698883763789858,8.022434004321962,0.8043995024648009,50.08717839187249,-6574.660965977311
11.698883763789858,8.022434004321962,0.8043995024648009,50.08717839187249,-6574.660965977311
11.698883763789858,8.022434004321962,0.8043995024648009,50.08717839187249,-6574.660965977311
10.244675338594309,8.309578736001223,0.719291265185761,49.88582744786441,-6570.647400393749
10.244675338594309,8.309578736001223,0.719291265185761,49.88582744786441,-6570.647400393749
10.244675338594309,8.309578736001223,0.719291265185761,49.88582744786441,-6570.647400393749
10.244675338594309,8.309578736001223,0.719291265185761,49.88582744786441,-6570.647400393749
10.244675338594309,8.309578736001223,0.719291265185761,49.88582744786441,-6570.647400393749
10.244675338594309,8.309578736001223,0.719291265185761,49.88582744786441,-6570.647400393749
10.244675338594309,8.309578736001223,0.719291265185761,49.88582744786441,-6570.647400393749
9.288492602623045,11.119497699576762,0.7020744018306184,50.49506100137096,-6571.074329370244
9.288492602623045,11.119497699576762,0.7020744018306184,50.49506100137096,-6571.074329370244
9.524973934986477,12.38169873729376,0.5867495920099789,49.91402489136109,-6572.89326365003
9.635324255698483,11.179775501414614,0.5973093013755547,50.0893326918998,-6571.583583311943
9.635324255698483,11.179775501414614,0.5973093013755547,50.0893326918998,-6571.583583311943
9.764010241189313,11.059264101247726,0.60761166896642,50.78811514226941,-6571.528857106261
9.764010241189313,11.059264101247726,0.60761166896642,50.78811514226941,-6571.528857106261
9.764010241189313,11.059264101247726,0.60761166896642,50.78811514226941,-6571.528857106261
9.764010241189313,11.059264101247726,0.60761166896642,50.78811514226941,-6571.528857106261
9.764010241189313,11.059264101247726,0.60761166896642,50.78811514226941,-6571.528857106261
9.764010241189313,11.059264101247726,0.60761166896642,50.78811514226941,-6571.528857106261
10.32180648667516,9.562379602631369,0.8267971272742926,49.40940464508848,-6573.125216751806
10.32180648667516,9.562379602631369,0.8267971272742926,49.40940464508848,-6573.125216751806
10.32180648667516,9.562379602631369,0.8267971272742926,49.40940464508848,-6573.125216751806
10.32180648667516,9.562379602631369,0.8267971272742926,49.40940464508848,-6573.125216751806
9.722861493733774,8.450145401051843,0.7557312684529648,49.48943744620911,-6571.885802260699
9.722861493733774,8.450145401051843,0.7557312684529648,49.48943744620911,-6571.885802260699
9.722861493733774,8.450145401051843,0.7557312684529648,49.48943744620911,-6571.885802260699
9.722861493733774,8.450145401051843,0.7557312684529648,49.48943744620911,-6571.885802260699
9.722861493733774,8.450145401051843,0.7557312684529648,49.48943744620911,-6571.885802260699
9.722861493733774,8.450145401051843,0.7557312684529648,49.48943744620911,-6571.885802260699
9.722861493733774,8.450145401051843,0.7557312684529648,49.48943744620911,-6571.885802260699
9.722861493733774,8.450145401051843,0.7557312684529648,49.48943744620911,-6571.885802260699
9.722861493733774,8.450145401051843,0.7557312684529648,49.48943744620911,-6571.885802260699
9.722861493733774,8.450145401051843,0.7557312684529648,49.48943744620911,-6571.885802260699
10.302054111916945,9.68207484451477,0.759551904611806,50.23398491653056,-6571.185837576779
10.302054111916945,9.68207484451477,0.759551904611806,50.23398491653056,-6571.185837576779
10.302054111916945,9.68207484451477,0.759551904611806,50.23398491653056,-6571.185837576779
10.302054111916945,9.68207484451477,0.759551904611806,50.23398491653056,-6571.185837576779
10.302054111916945,9.68207484451477,0.759551904611806,50.23398491653056,-6571.185837576779
10.302054111916945,9.68207484451477,0.759551904611806,50.23398491653056,-6571.185837576779
10.302054111916945,9.68207484451477,0.759551904611806,50.23398491653056,-6571.185837576779
10.302054111916945,9.68207484451477,0.759551904611806,50.23398491653056,-6571.185837576779
10.302054111916945,9.68207484451477,0.759551904611806,50.23398491653056,-6571.185837576779
10.207312662946315,8.961236082700033,0.746104189469333,50.02513109010581,-6570.430620863801
9.637494655768045,9.179080607564948,0.7790042335808218,49.82002345916259,-6570.755275459565
9.637494655768045,9.179080607564948,0.7790042335808218,49.82002345916259,-6570.755275459565
9.637494655768045,9.179080607564948,0.7790042335808218,49.82002345916259,-6570.755275459565
9.637494655768045,9.179080607564948,0.7790042335808218,49.82002345916259,-6570.755275459565
9.637494655768045,9.179080607564948,0.7790042335808218,49.82002345916259,-6570.755275459565
9.637494655768045,9.179080607564948,0.7790042335808218,49.82002345916259,-6570.755275459565
9.637494655768045,9.179080607564948,0.7790042335808218,49.82002345916259,-6570.755275459565
9.637494655768045,9.179080607564948,0.7790042335808218,49.82002345916259,-6570.755275459565
9.637494655768045,9.179080607564948,0.7790042335808218,49.82002345916259,-6570.755275459565
9.637494655768045,9.179080607564948,0.7790042335808218,49.82002345916259,-6570.755275459565
9.637494655768045,9.179080607564948,0.7790042335808218,49.82002345916259,-6570.755275459565
9.45652262758695,8.21749195928551,0.7563755650738894,50.43577275850569,-6571.895318664579
9.847587931776987,9.49423400749927,0.8263398424931436,51.589900140774965,-6573.028908837348
9.847587931776987,9.49423400749927,0.8263398424931436,51.589900140774965,-6573.028908837348
10.530413290697343,7.644201411522589,0.6268829744122124,51.59064487778259,-6573.733936829439
11.023595527222342,8.430604950469661,0.7587291723478,51.0242528677791,-6572.070972420208
11.279090727997854,5.969484352797812,0.6894597577114651,50.77964484260021,-6572.0412872740035
11.279090727997854,5.969484352797812,0.6894597577114651,50.77964484260021,-6572.0412872740035
11.279090727997854,5.969484352797812,0.6894597577114651,50.77964484260021,-6572.0412872740035
11.279090727997854,5.969484352797812,0.6894597577114651,50.77964484260021,-6572.0412872740035
11.279090727997854,5.969484352797812,0.6894597577114651,50.77964484260021,-6572.0412872740035
10.939632627095092,8.605868303960303,0.7311740556638658,51.23097005115913,-6572.195402645471
10.939632627095092,8.605868303960303,0.7311740556638658,51.23097005115913,-6572.195402645471
10.939632627095092,8.605868303960303,0.7311740556638658,51.23097005115913,-6572.195402645471
10.939632627095092,8.605868303960303,0.7311740556638658,51.23097005115913,-6572.195402645471
10.939632627095092,8.605868303960303,0.7311740556638658,51.23097005115913,-6572.195402645471
10.939632627095092,8.605868303960303,0.7311740556638658,51.23097005115913,-6572.195402645471
10.939632627095092,8.605868303960303,0.7311740556638658,51.23097005115913,-6572.195402645471
10.939632627095092,8.605868303960303,0.7311740556638658,51.23097005115913,-6572.195402645471
10.939632627095092,8.605868303960303,0.7311740556638658,51.23097005115913,-6572.195402645471
10.939632627095092,8.605868303960303,0.7311740556638658,51.23097005115913,-6572.195402645471
10.939632627095092,8.605868303960303,0.7311740556638658,51.23097005115913,-6572.195402645471
10.939632627095092,8.605868303960303,0.7311740556638658,51.23097005115913,-6572.195402645471
10.5284903774246,10.012402142059315,0.6065145345930381,50.894964425543286,-6571.702544333822
10.5284903774246,10.012402142059315,0.6065145345930381,50.894964425543286,-6571.702544333822
10.5284903774246,10.012402142059315,0.6065145345930381,50.894964425543286,-6571.702544333822
10.5284903774246,10.012402142059315,0.6065145345930381,50.894964425543286,-6571.702544333822
10.5284903774246,10.012402142059315,0.6065145345930381,50.894964425543286,-6571.702544333822
10.5284903774246,10.012402142059315,0.6065145345930381,50.894964425543286,-6571.702544333822
10.5284903774246,10.012402142059315,0.6065145345930381,50.894964425543286,-6571.702544333822
11.109208060118567,7.935954529318325,0.7191115852981067,51.216155841749305,-6571.864643315836
11.109208060118567,7.935954529318325,0.7191115852981067,51.216155841749305,-6571.864643315836
11.109208060118567,7.935954529318325,0.7191115852981067,51.216155841749305,-6571.864643315836
11.109208060118567,7.935954529318325,0.7191115852981067,51.216155841749305,-6571.864643315836
11.109208060118567,7.935954529318325,0.7191115852981067,51.216155841749305,-6571.864643315836
11.109208060118567,7.935954529318325,0.7191115852981067,51.216155841749305,-6571.864643315836
11.109208060118567,7.935954529318325,0.7191115852981067,51.216155841749305,-6571.864643315836
11.109208060118567,7.935954529318325,0.7191115852981067,51.216155841749305,-6571.864643315836
11.109208060118567,7.935954529318325,0.7191115852981067,51.216155841749305,-6571.864643315836
11.109208060118567,7.935954529318325,0.7191115852981067,51.216155841749305,-6571.864643315836
11.109208060118567,7.935954529318325,0.7191115852981067,51.216155841749305,-6571.864643315836
11.109208060118567,7.935954529318325,0.7191115852981067,51.216155841749305,-6571.864643315836
11.109208060118567,7.935954529318325,0.7191115852981067,51.216155841749305,-6571.864643315836
11.109208060118567,7.935954529318325,0.7191115852981067,51.216155841749305,-6571.864643315836
11.109208060118567,7.935954529318325,0.7191115852981067,51.216155841749305,-6571.864643315836
11.109208060118567,7.935954529318325,0.7191115852981067,51.216155841749305,-6571.864643315836
11.109208060118567,7.935954529318325,0.7191115852981067,51.216155841749305,-6571.864643315836
11.109208060118567,7.935954529318325,0.7191115852981067,51.216155841749305,-6571.864643315836
11.109208060118567,7.935954529318325,0.7191115852981067,51.216155841749305,-6571.864643315836
10.408574761918937,9.723528724981245,0.7657901499938959,50.64697361590392,-6571.67198872386
10.408574761918937,9.723528724981245,0.7657901499938959,50.64697361590392,-6571.67198872386
10.408574761918937,9.723528724981245,0.7657901499938959,50.64697361590392,-6571.67198872386
10.408574761918937,9.723528724981245,0.7657901499938959,50.64697361590392,-6571.67198872386
10.408574761918937,9.723528724981245,0.7657901499938959,50.64697361590392,-6571.67198872386
10.408574761918937,9.723528724981245,0.7657901499938959,50.64697361590392,-6571.67198872386
10.408574761918937,9.723528724981245,0.7657901499938959,50.64697361590392,-6571.67198872386
10.408574761918937,9.723528724981245,0.7657901499938959,50.64697361590392,-6571.67198872386
10.408574761918937,9.723528724981245,0.7657901499938959,50.64697361590392,-6571.67198872386
9.757523899171781,11.180848717934918,0.659953959502876,49.44686530911675,-6572.7183820403325
9.79101806381819,8.933325531288645,0.8357059081584911,49.197947449603625,-6572.373594945636
9.79101806381819,8.933325531288645,0.8357059081584911,49.197947449603625,-6572.373594945636
9.822420220208231,7.95206687581227,0.7970285196076187,49.40451842380317,-6572.142440139553
9.822420220208231,7.95206687581227,0.7970285196076187,49.40451842380317,-6572.142440139553
10.284110010283793,6.685904679174531,0.8091658972756604,50.52356523129974,-6571.242073115604
10.284110010283793,6.685904679174531,0.8091658972756604,50.52356523129974,-6571.242073115604
10.284110010283793,6.685904679174531,0.8091658972756604,50.52356523129974,-6571.242073115604
10.49791119141763,7.774206415791758,0.8533558703528861,50.248734768592556,-6570.5735028335075
10.49791119141763,7.774206415791758,0.8533558703528861,50.248734768592556,-6570.5735028335075
10.49791119141763,7.774206415791758,0.8533558703528861,50.248734768592556,-6570.5735028335075
10.49791119141763,7.774206415791758,0.8533558703528861,50.248734768592556,-6570.5735028335075
10.49791119141763,7.774206415791758,0.8533558703528861,50.248734768592556,-6570.5735028335075
10.49791119141763,7.774206415791758,0.8533558703528861,50.248734768592556,-6570.5735028335075
10.123881687484225,7.137632417313199,0.854830512184208,50.38335127871723,-6570.762919523311
10.123881687484225,7.137632417313199,0.854830512184208,50.38335127871723,-6570.762919523311
10.123881687484225,7.137632417313199,0.854830512184208,50.38335127871723,-6570.762919523311
10.123881687484225,7.137632417313199,0.854830512184208,50.38335127871723,-6570.762919523311
10.123881687484225,7.137632417313199,0.854830512184208,50.38335127871723,-6570.762919523311
10.123881687484225,7.137632417313199,0.854830512184208,50.38335127871723,-6570.762919523311
10.123881687484225,7.137632417313199,0.854830512184208,50.38335127871723,-6570.762919523311
10.1836585651048,9.06924178511122,0.6473707675280751,49.88257631753679,-6571.006285415893
10.1836585651048,9.06924178511122,0.6473707675280751,49.88257631753679,-6571.006285415893
10.515503386420368,9.464789884734607,0.7230651998509244,50.39778828240618,-6571.115950705844
10.515503386420368,9.464789884734607,0.7230651998509244,50.39778828240618,-6571.115950705844
11.027966685027302,8.118049815125154,0.6379339450805975,50.350499370844396,-6571.041945431937
11.027966685027302,8.118049815125154,0.6379339450805975,50.350499370844396,-6571.041945431937
11.027966685027302,8.118049815125154,0.6379339450805975,50.350499370844396,-6571.041945431937
11.027966685027302,8.118049815125154,0.6379339450805975,50.350499370844396,-6571.041945431937
11.027966685027302,8.118049815125154,0.6379339450805975,50.350499370844396,-6571.041945431937
11.027966685027302,8.118049815125154,0.6379339450805975,50.350499370844396,-6571.041945431937
11.027966685027302,8.118049815125154,0.6379339450805975,50.350499370844396,-6571.041945431937
11.027966685027302,8.118049815125154,0.6379339450805975,50.350499370844396,-6571.041945431937
11.027966685027302,8.118049815125154,0.6379339450805975,50.350499370844396,-6571.041945431937
11.027966685027302,8.118049815125154,0.6379339450805975,50.350499370844396,-6571.041945431937
11.027966685027302,8.118049815125154,0.6379339450805975,50.350499370844396,-6571.041945431937
11.027966685027302,8.118049815125154,0.6379339450805975,50.350499370844396,-6571.041945431937
11.027966685027302,8.118049815125154,0.6379339450805975,50.350499370844396,-6571.041945431937
11.027966685027302,8.118049815125154,0.6379339450805975,50.350499370844396,-6571.041945431937
11.027966685027302,8.118049815125154,0.6379339450805975,50.350499370844396,-6571.041945431937
10.096719078623952,8.49043607519967,0.6793703356142847,50.15122265878702,-6570.710869715476
10.085653808438213,7.499281576939465,0.7521859010685793,50.719688974734446,-6571.152462738356
9.722416511697649,9.720353566055781,0.7423500005152341,51.0042472454842,-6570.98434518632
9.618419349403979,9.478275058476994,0.6879566747802208,51.23638610436802,-6571.877076223895
9.618419349403979,9.478275058476994,0.6879566747802208,51.23638610436802,-6571.877076223895
9.618419349403979,9.478275058476994,0.6879566747802208,51.23638610436802,-6571.877076223895
9.519215232217501,10.20062545366982,0.6693721382313551,51.14299719153669,-6571.687851399091
9.519215232217501,10.20062545366982,0.6693721382313551,51.14299719153669,-6571.687851399091
9.519215232217501,10.20062545366982,0.6693721382313551,51.14299719153669,-6571.687851399091
10.52027130477757,9.501653367030453,0.5945501236510311,51.343360652755614,-6572.293181006931
10.52027130477757,9.501653367030453,0.5945501236510311,51.343360652755614,-6572.293181006931
10.52027130477757,9.501653367030453,0.5945501236510311,51.343360652755614,-6572.293181006931
10.52027130477757,9.501653367030453,0.5945501236510311,51.343360652755614,-6572.293181006931
10.52027130477757,9.501653367030453,0.5945501236510311,51.343360652755614,-6572.293181006931
10.52027130477757,9.501653367030453,0.5945501236510311,51.343360652755614,-6572.293181006931
10.52027130477757,9.501653367030453,0.5945501236510311,51.343360652755614,-6572.293181006931
10.52027130477757,9.501653367030453,0.5945501236510311,51.343360652755614,-6572.293181006931
10.52027130477757,9.501653367030453,0.5945501236510311,51.343360652755614,-6572.293181006931
10.52027130477757,9.501653367030453,0.5945501236510311,51.343360652755614,-6572.293181006931
10.52027130477757,9.501653367030453,0.5945501236510311,51.343360652755614,-6572.293181006931
10.52027130477757,9.501653367030453,0.5945501236510311,51.343360652755614,-6572.293181006931
10.52027130477757,9.501653367030453,0.5945501236510311,51.343360652755614,-6572.293181006931
10.52027130477757,9.501653367030453,0.5945501236510311,51.343360652755614,-6572.293181006931
10.52027130477757,9.501653367030453,0.5945501236510311,51.343360652755614,-6572.293181006931
10.432692420185123,8.7911944329178,0.6292086337591534,50.57143413423286,-6570.747987702127
10.432692420185123,8.7911944329178,0.6292086337591534,50.57143413423286,-6570.747987702127
10.432692420185123,8.7911944329178,0.6292086337591534,50.57143413423286,-6570.747987702127
10.432692420185123,8.7911944329178,0.6292086337591534,50.57143413423286,-6570.747987702127
10.432692420185123,8.7911944329178,0.6292086337591534,50.57143413423286,-6570.747987702127
10.432692420185123,8.7911944329178,0.6292086337591534,50.57143413423286,-6570.747987702127
10.432692420185123,8.7911944329178,0.6292086337591534,50.57143413423286,-6570.747987702127
10.432692420185123,8.7911944329178,0.6292086337591534,50.57143413423286,-6570.747987702127
10.432692420185123,8.7911944329178,0.6292086337591534,50.57143413423286,-6570.747987702127
10.432692420185123,8.7911944329178,0.6292086337591534,50.57143413423286,-6570.747987702127
11.3608243855314,6.3850657097565335,0.7609694858713725,51.34413341868986,-6572.240129824402
11.3608243855314,6.3850657097565335,0.7609694858713725,51.34413341868986,-6572.240129824402
11.3608243855314,6.3850657097565335,0.7609694858713725,51.34413341868986,-6572.240129824402
11.3608243855314,6.3850657097565335,0.7609694858713725,51.34413341868986,-6572.240129824402
11.3608243855314,6.3850657097565335,0.7609694858713725,51.34413341868986,-6572.240129824402
11.3608243855314,6.3850657097565335,0.7609694858713725,51.34413341868986,-6572.240129824402
10.889944559867548,7.435266559039157,0.672494506181417,49.932321037011455,-6571.211237283154
10.889944559867548,7.435266559039157,0.672494506181417,49.932321037011455,-6571.211237283154
11.243243017773205,6.762863361580376,0.6574274037712473,50.34240094020115,-6571.437480029075
11.243243017773205,6.762863361580376,0.6574274037712473,50.34240094020115,-6571.437480029075
10.631771162112726,7.149897350342368,0.9195259165514758,49.54392072399727,-6572.0436768204345
10.631771162112726,7.149897350342368,0.9195259165514758,49.54392072399727,-6572.0436768204345
10.631771162112726,7.149897350342368,0.9195259165514758,49.54392072399727,-6572.0436768204345
10.724973915300648,6.882788586208405,0.7117555308402088,50.00265503027316,-6571.285283793044
10.724973915300648,6.882788586208405,0.7117555308402088,50.00265503027316,-6571.285283793044
10.724973915300648,6.882788586208405,0.7117555308402088,50.00265503027316,-6571.285283793044
10.724973915300648,6.882788586208405,0.7117555308402088,50.00265503027316,-6571.285283793044
11.25364264380785,9.029250451907117,0.6484486654740347,50.521701972848575,-6572.38785240319
11.25364264380785,9.029250451907117,0.6484486654740347,50.521701972848575,-6572.38785240319
10.87889244227353,8.77100498329687,0.578800519834209,50.36984312346035,-6571.473236416585
10.87889244227353,8.77100498329687,0.578800519834209,50.36984312346035,-6571.473236416585
10.87889244227353,8.77100498329687,0.578800519834209,50.36984312346035,-6571.473236416585
10.87889244227353,8.77100498329687,0.578800519834209,50.36984312346035,-6571.473236416585
10.87889244227353,8.77100498329687,0.578800519834209,50.36984312346035,-6571.473236416585
10.87889244227353,8.77100498329687,0.578800519834209,50.36984312346035,-6571.473236416585
10.87889244227353,8.77100498329687,0.578800519834209,50.36984312346035,-6571.473236416585
10.87889244227353,8.77100498329687,0.578800519834209,50.36984312346035,-6571.473236416585
10.87889244227353,8.77100498329687,0.578800519834209,50.36984312346035,-6571.473236416585
10.87889244227353,8.77100498329687,0.578800519834209,50.36984312346035,-6571.473236416585
10.87889244227353,8.77100498329687,0.578800519834209,50.36984312346035,-6571.473236416585
10.87889244227353,8.77100498329687,0.578800519834209,50.36984312346035,-6571.473236416585
10.87889244227353,8.77100498329687,0.578800519834209,50.36984312346035,-6571.473236416585
10.87889244227353,8.77100498329687,0.578800519834209,50.36984312346035,-6571.473236416585
10.87889244227353,8.77100498329687,0.578800519834209,50.36984312346035,-6571.473236416585
10.87889244227353,8.77100498329687,0.578800519834209,50.36984312346035,-6571.473236416585
10.87889244227353,8.77100498329687,0.578800519834209,50.36984312346035,-6571.473236416585
10.87889244227353,8.77100498329687,0.578800519834209,50.36984312346035,-6571.473236416585
10.87889244227353,8.77100498329687,0.578800519834209,50.36984312346035,-6571.473236416585
10.87889244227353,8.77100498329687,0.578800519834209,50.36984312346035,-6571.473236416585
10.87889244227353,8.77100498329687,0.578800519834209,50.36984312346035,-6571.473236416585
10.87889244227353,8.77100498329687,0.578800519834209,50.36984312346035,-6571.473236416585
10.87889244227353,8.77100498329687,0.578800519834209,50.36984312346035,-6571.473236416585
10.87889244227353,8.77100498329687,0.578800519834209,50.36984312346035,-6571.473236416585
10.87889244227353,8.77100498329687,0.578800519834209,50.36984312346035,-6571.473236416585
10.87889244227353,8.77100498329687,0.578800519834209,50.36984312346035,-6571.473236416585
10.87889244227353,8.77100498329687,0.578800519834209,50.36984312346035,-6571.473236416585
10.87889244227353,8.77100498329687,0.578800519834209,50.36984312346035,-6571.473236416585
10.87889244227353,8.77100498329687,0.578800519834209,50.36984312346035,-6571.473236416585
9.395497345395658,8.171950624876743,0.8370797163638731,50.80371264404305,-6571.849712406474
9.566955498644313,9.64272926370346,0.9033273633289945,50.90139819215118,-6571.856103112348
9.566955498644313,9.64272926370346,0.9033273633289945,50.90139819215118,-6571.856103112348
9.91041625971914,10.880413903601783,0.7633664121966046,50.64021696349848,-6572.12501017667
9.91041625971914,10.880413903601783,0.7633664121966046,50.64021696349848,-6572.12501017667
9.91041625971914,10.880413903601783,0.7633664121966046,50.64021696349848,-6572.12501017667
9.91041625971914,10.880413903601783,0.7633664121966046,50.64021696349848,-6572.12501017667
9.91041625971914,10.880413903601783,0.7633664121966046,50.64021696349848,-6572.12501017667
10.455012307653165,9.237653127607814,0.6128535714283574,50.54477118766896,-6570.875804896448
10.455012307653165,9.237653127607814,0.6128535714283574,50.54477118766896,-6570.875804896448
10.455012307653165,9.237653127607814,0.6128535714283574,50.54477118766896,-6570.875804896448
10.455012307653165,9.237653127607814,0.6128535714283574,50.54477118766896,-6570.875804896448
10.455012307653165,9.237653127607814,0.6128535714283574,50.54477118766896,-6570.875804896448
10.455012307653165,9.237653127607814,0.6128535714283574,50.54477118766896,-6570.875804896448
10.455012307653165,9.237653127607814,0.6128535714283574,50.54477118766896,-6570.875804896448
10.455012307653165,9.237653127607814,0.6128535714283574,50.54477118766896,-6570.875804896448
10.455012307653165,9.237653127607814,0.6128535714283574,50.54477118766896,-6570.875804896448
10.455012307653165,9.237653127607814,0.6128535714283574,50.54477118766896,-6570.875804896448
10.455012307653165,9.237653127607814,0.6128535714283574,50.54477118766896,-6570.875804896448
9.414078042818854,9.510655023146589,0.7610064912152675,49.92661936247079,-6570.8400825706885
9.414078042818854,9.510655023146589,0.7610064912152675,49.92661936247079,-6570.8400825706885
9.15456670340331,10.417453451340071,0.6571932647759134,49.61165996089897,-6572.402082909814
9.15456670340331,10.417453451340071,0.6571932647759134,49.61165996089897,-6572.402082909814
9.15456670340331,10.417453451340071,0.6571932647759134,49.61165996089897,-6572.402082909814
9.15456670340331,10.417453451340071,0.6571932647759134,49.61165996089897,-6572.402082909814
9.15456670340331,10.417453451340071,0.6571932647759134,49.61165996089897,-6572.402082909814
9.23544934880706,10.16005832030513,0.7234903220567395,50.14569529822688,-6570.903670814995
9.23544934880706,10.16005832030513,0.7234903220567395,50.14569529822688,-6570.903670814995
9.23544934880706,10.16005832030513,0.7234903220567395,50.14569529822688,-6570.903670814995
9.92556626717701,9.69536166316018,0.7998382275600984,49.14961422170951,-6572.902913304044
11.287369940504336,5.611497202540775,0.8231653249362256,49.02186830545532,-6574.349374665115
11.287369940504336,5.611497202540775,0.8231653249362256,49.02186830545532,-6574.349374665115
11.159603755383698,8.9203345560824,0.4899028112642794,49.76572549974721,-6574.11331989081
11.159603755383698,8.9203345560824,0.4899028112642794,49.76572549974721,-6574.11331989081
11.159603755383698,8.9203345560824,0.4899028112642794,49.76572549974721,-6574.11331989081
11.159603755383698,8.9203345560824,0.4899028112642794,49.76572549974721,-6574.11331989081
11.159603755383698,8.9203345560824,0.4899028112642794,49.76572549974721,-6574.11331989081
11.159603755383698,8.9203345560824,0.4899028112642794,49.76572549974721,-6574.11331989081
11.159603755383698,8.9203345560824,0.4899028112642794,49.76572549974721,-6574.11331989081
11.159603755383698,8.9203345560824,0.4899028112642794,49.76572549974721,-6574.11331989081
9.676127544665807,11.843489321596454,0.7138024850909023,50.03431057876625,-6572.732956105273
8.69494977418553,11.792717074620546,0.8551780721867452,49.707219966950966,-6573.050739078659
8.69494977418553,11.792717074620546,0.8551780721867452,49.707219966950966,-6573.050739078659
8.406342031904071,9.25919529870784,1.080487072092747,49.39556581219356,-6575.755116333457
9.04012444418494,9.007583559962926,1.1926749497043732,49.75524784840286,-6575.357971660775
10.234417598608719,8.496898729848464,1.0452401952332153,50.34567888667817,-6573.594749180166
10.234417598608719,8.496898729848464,1.0452401952332153,50.34567888667817,-6573.594749180166
9.662737262603445,6.902300844669208,1.0199687702672806,50.01257511407483,-6572.504259986046
10.210859061489527,7.151155085213912,0.808094588586528,49.53445061758141,-6571.8477443241945
10.210859061489527,7.151155085213912,0.808094588586528,49.53445061758141,-6571.8477443241945
10.210859061489527,7.151155085213912,0.808094588586528,49.53445061758141,-6571.8477443241945
10.210859061489527,7.151155085213912,0.808094588586528,49.53445061758141,-6571.8477443241945
10.210859061489527,7.151155085213912,0.808094588586528,49.53445061758141,-6571.8477443241945
10.210859061489527,7.151155085213912,0.808094588586528,49.53445061758141,-6571.8477443241945
10.210859061489527,7.151155085213912,0.808094588586528,49.53445061758141,-6571.8477443241945
10.210859061489527,7.151155085213912,0.808094588586528,49.53445061758141,-6571.8477443241945
10.095334384266096,10.870056820087092,0.686746575822215,50.036226762576334,-6571.964694069826
10.095334384266096,10.870056820087092,0.686746575822215,50.036226762576334,-6571.964694069826
10.489362195064079,7.658363886540233,0.7132036059864437,50.42114923692057,-6570.470243712072
10.489362195064079,7.658363886540233,0.7132036059864437,50.42114923692057,-6570.470243712072
10.489362195064079,7.658363886540233,0.7132036059864437,50.42114923692057,-6570.470243712072
10.489362195064079,7.658363886540233,0.7132036059864437,50.42114923692057,-6570.470243712072
10.489362195064079,7.658363886540233,0.7132036059864437,50.42114923692057,-6570.470243712072
10.489362195064079,7.658363886540233,0.7132036059864437,50.42114923692057,-6570.470243712072
10.489362195064079,7.658363886540233,0.7132036059864437,50.42114923692057,-6570.470243712072
9.05776532625236,10.379210896702165,0.9647883545656588,49.98655763491113,-6572.606007373177
9.05776532625236,10.379210896702165,0.9647883545656588,49.98655763491113,-6572.606007373177
9.318108005118075,9.567975741350201,0.9841462545310642,49.04712440224192,-6574.384057958838
9.318108005118075,9.567975741350201,0.9841462545310642,49.04712440224192,-6574.384057958838
9.318108005118075,9.567975741350201,0.9841462545310642,49.04712440224192,-6574.384057958838
9.318108005118075,9.567975741350201,0.9841462545310642,49.04712440224192,-6574.384057958838
9.318108005118075,9.567975741350201,0.9841462545310642,49.04712440224192,-6574.384057958838
9.318108005118075,9.567975741350201,0.9841462545310642,49.04712440224192,-6574.384057958838
9.36990511890114,8.049305727373087,0.8741837465921223,49.145858289689464,-6573.824404816856
9.36990511890114,8.049305727373087,0.8741837465921223,49.145858289689464,-6573.824404816856
9.912423020439892,10.059136113836686,0.6964418016869989,49.10400324214052,-6573.0519727783885
9.912423020439892,10.059136113836686,0.6964418016869989,49.10400324214052,-6573.0519727783885
9.912423020439892,10.059136113836686,0.6964418016869989,49.10400324214052,-6573.0519727783885
9.912423020439892,10.059136113836686,0.6964418016869989,49.10400324214052,-6573.0519727783885
9.912423020439892,10.059136113836686,0.6964418016869989,49.10400324214052,-6573.0519727783885
9.643413759010404,12.183939592024991,0.7458743014842679,49.83892893317926,-6573.9555594685935
10.530159964315327,12.016675092020593,0.5811145180869772,49.805225503788485,-6575.4344183880485
10.820777073670783,10.35743574006827,0.8020353841139054,50.724931099631995,-6575.504371413064
9.78108892307376,8.949059653185873,0.8572975621534806,50.763503476074355,-6570.818779478487
9.78108892307376,8.949059653185873,0.8572975621534806,50.763503476074355,-6570.818779478487
9.78108892307376,8.949059653185873,0.8572975621534806,50.763503476074355,-6570.818779478487
9.78108892307376,8.949059653185873,0.8572975621534806,50.763503476074355,-6570.818779478487
9.78108892307376,8.949059653185873,0.8572975621534806,50.763503476074355,-6570.818779478487
9.78108892307376,8.949059653185873,0.8572975621534806,50.763503476074355,-6570.818779478487
9.328887728327942,8.150733022217297,0.997306266117459,50.67582343537935,-6572.179994081741
9.328887728327942,8.150733022217297,0.997306266117459,50.67582343537935,-6572.179994081741
9.586896725251881,8.66312174763017,0.7682280543541438,50.926413125215404,-6571.261886950031
9.586896725251881,8.66312174763017,0.7682280543541438,50.926413125215404,-6571.261886950031
9.586896725251881,8.66312174763017,0.7682280543541438,50.926413125215404,-6571.261886950031
9.586896725251881,8.66312174763017,0.7682280543541438,50.926413125215404,-6571.261886950031
9.423616600056427,10.527796317031772,0.6038581104268946,51.36996921763012,-6573.099828134547
9.423616600056427,10.527796317031772,0.6038581104268946,51.36996921763012,-6573.099828134547
9.423616600056427,10.527796317031772,0.6038581104268946,51.36996921763012,-6573.099828134547
9.423616600056427,10.527796317031772,0.6038581104268946,51.36996921763012,-6573.099828134547
9.423616600056427,10.527796317031772,0.6038581104268946,51.36996921763012,-6573.099828134547
9.423616600056427,10.527796317031772,0.6038581104268946,51.36996921763012,-6573.099828134547
9.423616600056427,10.527796317031772,0.6038581104268946,51.36996921763012,-6573.099828134547
9.423616600056427,10.527796317031772,0.6038581104268946,51.36996921763012,-6573.099828134547
9.423616600056427,10.527796317031772,0.6038581104268946,51.36996921763012,-6573.099828134547
9.423616600056427,10.527796317031772,0.6038581104268946,51.36996921763012,-6573.099828134547
9.423616600056427,10.527796317031772,0.6038581104268946,51.36996921763012,-6573.099828134547
9.423616600056427,10.527796317031772,0.6038581104268946,51.36996921763012,-6573.099828134547
9.423616600056427,10.527796317031772,0.6038581104268946,51.36996921763012,-6573.099828134547
9.423616600056427,10.527796317031772,0.6038581104268946,51.36996921763012,-6573.099828134547
9.423616600056427,10.527796317031772,0.6038581104268946,51.36996921763012,-6573.099828134547
9.423616600056427,10.527796317031772,0.6038581104268946,51.36996921763012,-6573.099828134547
9.173257368437447,9.85999088363841,0.7107751822369445,51.24829290449467,-6572.627660831418
8.387620042072925,13.247789926356068,0.6659847824772148,51.25240754223312,-6574.614719538374
8.387620042072925,13.247789926356068,0.6659847824772148,51.25240754223312,-6574.614719538374
8.387620042072925,13.247789926356068,0.6659847824772148,51.25240754223312,-6574.614719538374
8.387620042072925,13.247789926356068,0.6659847824772148,51.25240754223312,-6574.614719538374
8.387620042072925,13.247789926356068,0.6659847824772148,51.25240754223312,-6574.614719538374
8.387620042072925,13.247789926356068,0.6659847824772148,51.25240754223312,-6574.614719538374
8.977686296849194,10.945832096915133,0.7892363267853029,50.9726706014699,-6571.97697999863
8.977686296849194,10.945832096915133,0.7892363267853029,50.9726706014699,-6571.97697999863
8.977686296849194,10.945832096915133,0.7892363267853029,50.9726706014699,-6571.97697999863
8.977686296849194,10.945832096915133,0.7892363267853029,50.9726706014699,-6571.97697999863
8.977686296849194,10.945832096915133,0.7892363267853029,50.9726706014699,-6571.97697999863
8.977686296849194,10.945832096915133,0.7892363267853029,50.9726706014699,-6571.97697999863
8.95416069426549,10.902301807642175,0.8346235409263703,51.039697044607045,-6572.386197421569
8.95416069426549,10.902301807642175,0.8346235409263703,51.039697044607045,-6572.386197421569
8.95416069426549,10.902301807642175,0.8346235409263703,51.039697044607045,-6572.386197421569
8.95416069426549,10.902301807642175,0.8346235409263703,51.039697044607045,-6572.386197421569
8.95416069426549,10.902301807642175,0.8346235409263703,51.039697044607045,-6572.386197421569
8.95416069426549,10.902301807642175,0.8346235409263703,51.039697044607045,-6572.386197421569
9.762205153746837,8.45108227979051,0.9903139445477641,50.71374188915785,-6571.9036649833315
9.445546859073023,9.147577025183795,0.9267231144068141,50.68223594497424,-6571.411575310182
9.445546859073023,9.147577025183795,0.9267231144068141,50.68223594497424,-6571.411575310182
9.376969065522893,8.725918862264077,0.783212554550062,50.63023769781607,-6571.286157217098
9.376969065522893,8.725918862264077,0.783212554550062,50.63023769781607,-6571.286157217098
9.376969065522893,8.725918862264077,0.783212554550062,50.63023769781607,-6571.286157217098
10.109810461333243,7.741179612987359,0.735494978232584,50.0008442230028,-6570.989609091008
11.048767531319891,8.471914297391578,0.5579001471242054,50.656904423265175,-6571.896361115529
11.048767531319891,8.471914297391578,0.5579001471242054,50.656904423265175,-6571.896361115529
11.262479339194469,7.2327307000354075,0.5357371223624612,51.274326376513876,-6574.16330223137
11.262479339194469,7.2327307000354075,0.5357371223624612,51.274326376513876,-6574.16330223137
11.645359508179498,6.966074562387241,0.4933532099691892,50.615331312404756,-6574.684246299934
11.645359508179498,6.966074562387241,0.4933532099691892,50.615331312404756,-6574.684246299934
11.645359508179498,6.966074562387241,0.4933532099691892,50.615331312404756,-6574.684246299934
11.645359508179498,6.966074562387241,0.4933532099691892,50.615331312404756,-6574.684246299934
11.645359508179498,6.966074562387241,0.4933532099691892,50.615331312404756,-6574.684246299934
11.094780451344782,9.807229889139144,0.5671189987203177,50.62608980878806,-6572.750662154641
11.094780451344782,9.807229889139144,0.5671189987203177,50.62608980878806,-6572.750662154641
11.094780451344782,9.807229889139144,0.5671189987203177,50.62608980878806,-6572.750662154641
9.67427069111724,9.163120235216851,0.6546353683601445,51.244434245004065,-6572.422353619161
9.300696223556848,10.602210743440747,0.6461451643800054,50.9889801105099,-6571.82689525832
9.300696223556848,10.602210743440747,0.6461451643800054,50.9889801105099,-6571.82689525832
9.300696223556848,10.602210743440747,0.6461451643800054,50.9889801105099,-6571.82689525832
9.300696223556848,10.602210743440747,0.6461451643800054,50.9889801105099,-6571.82689525832
9.266322757977914,10.122641771979408,0.6991503422521346,50.681466288372214,-6571.1344993624425
10.359796146882477,8.460936552182192,0.7441625239959896,50.02522263955727,-6570.382043320411
10.359796146882477,8.460936552182192,0.7441625239959896,50.02522263955727,-6570.382043320411
10.359796146882477,8.460936552182192,0.7441625239959896,50.02522263955727,-6570.382043320411
10.509271620688441,8.949928097147778,0.7826434867760947,51.00478666716674,-6571.50092556183
10.336822393139355,10.153695361327111,0.6667990498111126,50.447561174031286,-6571.23539748609
10.336822393139355,10.153695361327111,0.6667990498111126,50.447561174031286,-6571.23539748609
10.336822393139355,10.153695361327111,0.6667990498111126,50.447561174031286,-6571.23539748609
10.336822393139355,10.153695361327111,0.6667990498111126,50.447561174031286,-6571.23539748609
10.336822393139355,10.153695361327111,0.6667990498111126,50.447561174031286,-6571.23539748609
10.294389765296206,9.545530732523412,0.744932344744092,50.54920649533363,-6570.8756585012925
10.294389765296206,9.545530732523412,0.744932344744092,50.54920649533363,-6570.8756585012925
10.294389765296206,9.545530732523412,0.744932344744092,50.54920649533363,-6570.8756585012925
10.294389765296206,9.545530732523412,0.744932344744092,50.54920649533363,-6570.8756585012925
10.294389765296206,9.545530732523412,0.744932344744092,50.54920649533363,-6570.8756585012925
10.294389765296206,9.545530732523412,0.744932344744092,50.54920649533363,-6570.8756585012925
10.294389765296206,9.545530732523412,0.744932344744092,50.54920649533363,-6570.8756585012925
10.62378198213067,8.52983141886934,0.7985807334667607,50.99159519494647,-6571.431990788738
10.1928798617374,7.480604570206334,0.8866738838309736,50.35264399181668,-6570.557944315937
10.1928798617374,7.480604570206334,0.8866738838309736,50.35264399181668,-6570.557944315937
10.1928798617374,7.480604570206334,0.8866738838309736,50.35264399181668,-6570.557944315937
10.1928798617374,7.480604570206334,0.8866738838309736,50.35264399181668,-6570.557944315937
10.1928798617374,7.480604570206334,0.8866738838309736,50.35264399181668,-6570.557944315937
10.1928798617374,7.480604570206334,0.8866738838309736,50.35264399181668,-6570.557944315937
10.1928798617374,7.480604570206334,0.8866738838309736,50.35264399181668,-6570.557944315937
10.1928798617374,7.480604570206334,0.8866738838309736,50.35264399181668,-6570.557944315937
10.1928798617374,7.480604570206334,0.8866738838309736,50.35264399181668,-6570.557944315937
10.1928798617374,7.480604570206334,0.8866738838309736,50.35264399181668,-6570.557944315937
10.1928798617374,7.480604570206334,0.8866738838309736,50.35264399181668,-6570.557944315937
10.1928798617374,7.480604570206334,0.8866738838309736,50.35264399181668,-6570.557944315937
10.1928798617374,7.480604570206334,0.8866738838309736,50.35264399181668,-6570.557944315937
10.1928798617374,7.480604570206334,0.8866738838309736,50.35264399181668,-6570.557944315937
10.1928798617374,7.480604570206334,0.8866738838309736,50.35264399181668,-6570.557944315937
10.1928798617374,7.480604570206334,0.8866738838309736,50.35264399181668,-6570.557944315937
10.1928798617374,7.480604570206334,0.8866738838309736,50.35264399181668,-6570.557944315937
10.401608969959712,8.126110940544628,0.9256561225756755,50.926457090167524,-6571.944003566671
10.401608969959712,8.126110940544628,0.9256561225756755,50.926457090167524,-6571.944003566671
10.401608969959712,8.126110940544628,0.9256561225756755,50.926457090167524,-6571.944003566671
10.401608969959712,8.126110940544628,0.9256561225756755,50.926457090167524,-6571.944003566671
10.401608969959712,8.126110940544628,0.9256561225756755,50.926457090167524,-6571.944003566671
10.401608969959712,8.126110940544628,0.9256561225756755,50.926457090167524,-6571.944003566671
10.401608969959712,8.126110940544628,0.9256561225756755,50.926457090167524,-6571.944003566671
10.401608969959712,8.126110940544628,0.9256561225756755,50.926457090167524,-6571.944003566671
10.401608969959712,8.126110940544628,0.9256561225756755,50.926457090167524,-6571.944003566671
10.401608969959712,8.126110940544628,0.9256561225756755,50.926457090167524,-6571.944003566671
10.542954855974212,6.9347403023883825,0.9868554305634059,51.00320015526941,-6572.260615319634
10.542954855974212,6.9347403023883825,0.9868554305634059,51.00320015526941,-6572.260615319634
11.485744042543084,5.455481192105148,0.8539018497856731,51.1488885035194,-6572.365827300277
11.485744042543084,5.455481192105148,0.8539018497856731,51.1488885035194,-6572.365827300277
11.485744042543084,5.455481192105148,0.8539018497856731,51.1488885035194,-6572.365827300277
11.485744042543084,5.455481192105148,0.8539018497856731,51.1488885035194,-6572.365827300277
11.485744042543084,5.455481192105148,0.8539018497856731,51.1488885035194,-6572.365827300277
10.802739666289398,8.372988492725177,0.7985935340362613,51.61661716379644,-6573.315587935
10.802739666289398,8.372988492725177,0.7985935340362613,51.61661716379644,-6573.315587935
9.888457069106092,11.058389219685434,0.7726423129848432,50.9803152598666,-6572.939993340389
9.662198540783356,12.05215360697936,0.7597109372559707,51.41850199868177,-6575.107856448709
9.37966235590673,13.004916929021054,0.6865149144072341,51.37791810326427,-6575.202053010018
8.80342463950065,13.050069844116583,0.7962386281932462,50.7868918435748,-6574.2111697829405
8.80342463950065,13.050069844116583,0.7962386281932462,50.7868918435748,-6574.2111697829405
8.80342463950065,13.050069844116583,0.7962386281932462,50.7868918435748,-6574.2111697829405
8.80342463950065,13.050069844116583,0.7962386281932462,50.7868918435748,-6574.2111697829405
8.80342463950065,13.050069844116583,0.7962386281932462,50.7868918435748,-6574.2111697829405
9.711906302231908,10.074350646440147,0.8214114619042768,51.38520741608112,-6572.691806459527
9.711906302231908,10.074350646440147,0.8214114619042768,51.38520741608112,-6572.691806459527
9.711906302231908,10.074350646440147,0.8214114619042768,51.38520741608112,-6572.691806459527
9.711906302231908,10.074350646440147,0.8214114619042768,51.38520741608112,-6572.691806459527
9.711906302231908,10.074350646440147,0.8214114619042768,51.38520741608112,-6572.691806459527
9.711906302231908,10.074350646440147,0.8214114619042768,51.38520741608112,-6572.691806459527
9.711906302231908,10.074350646440147,0.8214114619042768,51.38520741608112,-6572.691806459527
9.711906302231908,10.074350646440147,0.8214114619042768,51.38520741608112,-6572.691806459527
9.711906302231908,10.074350646440147,0.8214114619042768,51.38520741608112,-6572.691806459527
10.653184890286035,9.556544691346124,0.6400307381331818,51.15115460764783,-6571.924066210315
10.211860266856183,9.84923600431671,0.6688326467381009,51.63353775982984,-6572.923857505726
10.211860266856183,9.84923600431671,0.6688326467381009,51.63353775982984,-6572.923857505726
10.211860266856183,9.84923600431671,0.6688326467381009,51.63353775982984,-6572.923857505726
10.14082868178374,7.5510745850519045,0.9793144933617244,51.271112608424055,-6572.687958497441
10.14082868178374,7.5510745850519045,0.9793144933617244,51.271112608424055,-6572.687958497441
10.14082868178374,7.5510745850519045,0.9793144933617244,51.271112608424055,-6572.687958497441
10.14082868178374,7.5510745850519045,0.9793144933617244,51.271112608424055,-6572.687958497441
9.18087517378675,10.154244375122303,0.9926379829207701,51.479785462898626,-6574.93778202478
9.18087517378675,10.154244375122303,0.9926379829207701,51.479785462898626,-6574.93778202478
9.18087517378675,10.154244375122303,0.9926379829207701,51.479785462898626,-6574.93778202478
9.18087517378675,10.154244375122303,0.9926379829207701,51.479785462898626,-6574.93778202478
9.889120425241638,8.46913678763851,0.8968967142214511,50.78083300501901,-6571.004744074129
9.889120425241638,8.46913678763851,0.8968967142214511,50.78083300501901,-6571.004744074129
9.889120425241638,8.46913678763851,0.8968967142214511,50.78083300501901,-6571.004744074129
9.889120425241638,8.46913678763851,0.8968967142214511,50.78083300501901,-6571.004744074129
9.889120425241638,8.46913678763851,0.8968967142214511,50.78083300501901,-6571.004744074129
11.006145447294784,7.658569262562179,0.9429775457185334,50.42166066587325,-6572.997519457715
11.006145447294784,7.658569262562179,0.9429775457185334,50.42166066587325,-6572.997519457715
11.455408884648138,5.352106926675615,0.9230166104511179,50.49693067238965,-6572.023281538588
10.7738263031189,5.118820579076305,0.9044489762211062,50.51799038660236,-6572.371325849859
10.7738263031189,5.118820579076305,0.9044489762211062,50.51799038660236,-6572.371325849859
10.7738263031189,5.118820579076305,0.9044489762211062,50.51799038660236,-6572.371325849859
11.13888407806642,5.150486760703877,0.9414221616522762,50.5909497265638,-6572.001784770131
10.865321792760643,5.445285126176092,0.9951800318387723,50.72472134132875,-6572.245561670343
10.865321792760643,5.445285126176092,0.9951800318387723,50.72472134132875,-6572.245561670343
10.865321792760643,5.445285126176092,0.9951800318387723,50.72472134132875,-6572.245561670343
11.020410046977524,6.02674937877418,0.9713081142056719,50.86240205592447,-6572.192821737599
11.020410046977524,6.02674937877418,0.9713081142056719,50.86240205592447,-6572.192821737599
11.020410046977524,6.02674937877418,0.9713081142056719,50.86240205592447,-6572.192821737599
11.020410046977524,6.02674937877418,0.9713081142056719,50.86240205592447,-6572.192821737599
11.440833853889645,7.214083390202976,0.801794095848688,51.12449239582747,-6572.558226972775
11.440833853889645,7.214083390202976,0.801794095848688,51.12449239582747,-6572.558226972775
11.440833853889645,7.214083390202976,0.801794095848688,51.12449239582747,-6572.558226972775
11.440833853889645,7.214083390202976,0.801794095848688,51.12449239582747,-6572.558226972775
10.931640236950615,9.198793326744202,0.7190176750909886,50.49858602706112,-6572.01871744231
10.931640236950615,9.198793326744202,0.7190176750909886,50.49858602706112,-6572.01871744231
10.931640236950615,9.198793326744202,0.7190176750909886,50.49858602706112,-6572.01871744231
11.114443244577492,7.179246319270627,0.839346261974071,49.989102447557556,-6571.512415439062
11.01281145922423,8.205615782799333,0.7139591500193054,50.43002636877092,-6570.979687792784
10.479303343693646,6.70502672115428,0.9192380973701495,50.218842674079404,-6570.946000385819
10.479303343693646,6.70502672115428,0.9192380973701495,50.218842674079404,-6570.946000385819
10.479303343693646,6.70502672115428,0.9192380973701495,50.218842674079404,-6570.946000385819
10.479303343693646,6.70502672115428,0.9192380973701495,50.218842674079404,-6570.946000385819
10.479303343693646,6.70502672115428,0.9192380973701495,50.218842674079404,-6570.946000385819
10.479303343693646,6.70502672115428,0.9192380973701495,50.218842674079404,-6570.946000385819
10.479303343693646,6.70502672115428,0.9192380973701495,50.218842674079404,-6570.946000385819
10.479303343693646,6.70502672115428,0.9192380973701495,50.218842674079404,-6570.946000385819
10.479303343693646,6.70502672115428,0.9192380973701495,50.218842674079404,-6570.946000385819
10.479303343693646,6.70502672115428,0.9192380973701495,50.218842674079404,-6570.946000385819
11.243173164754694,8.377481315193036,0.6468972824978053,50.37065093687506,-6571.587014360444
11.243173164754694,8.377481315193036,0.6468972824978053,50.37065093687506,-6571.587014360444
11.243173164754694,8.377481315193036,0.6468972824978053,50.37065093687506,-6571.587014360444
10.279679843323247,10.144636354037594,0.55584823531906,50.123370094046685,-6571.760018502884
10.279679843323247,10.144636354037594,0.55584823531906,50.123370094046685,-6571.760018502884
10.279679843323247,10.144636354037594,0.55584823531906,50.123370094046685,-6571.760018502884
10.279679843323247,10.144636354037594,0.55584823531906,50.123370094046685,-6571.760018502884
10.279679843323247,10.144636354037594,0.55584823531906,50.123370094046685,-6571.760018502884
10.014975353856055,10.109571029292159,0.7006698244226836,49.73861921110785,-6571.346111845776
10.014975353856055,10.109571029292159,0.7006698244226836,49.73861921110785,-6571.346111845776
10.014975353856055,10.109571029292159,0.7006698244226836,49.73861921110785,-6571.346111845776
10.014975353856055,10.109571029292159,0.7006698244226836,49.73861921110785,-6571.346111845776
9.562528354234761,10.45970903467207,0.7421516017788461,49.662043103133904,-6571.431653314825
9.562528354234761,10.45970903467207,0.7421516017788461,49.662043103133904,-6571.431653314825
9.562528354234761,10.45970903467207,0.7421516017788461,49.662043103133904,-6571.431653314825
9.562528354234761,10.45970903467207,0.7421516017788461,49.662043103133904,-6571.431653314825
9.562528354234761,10.45970903467207,0.7421516017788461,49.662043103133904,-6571.431653314825
9.562528354234761,10.45970903467207,0.7421516017788461,49.662043103133904,-6571.431653314825
9.562528354234761,10.45970903467207,0.7421516017788461,49.662043103133904,-6571.431653314825
9.562528354234761,10.45970903467207,0.7421516017788461,49.662043103133904,-6571.431653314825
9.562528354234761,10.45970903467207,0.7421516017788461,49.662043103133904,-6571.431653314825
9.562528354234761,10.45970903467207,0.7421516017788461,49.662043103133904,-6571.431653314825
9.781464242550994,10.254261687518882,0.7002244069013565,49.91576941061632,-6570.912996139436
9.781464242550994,10.254261687518882,0.7002244069013565,49.91576941061632,-6570.912996139436
9.781464242550994,10.254261687518882,0.7002244069013565,49.91576941061632,-6570.912996139436
9.282517553775957,10.585903397692888,0.7032820942271212,49.97986395930472,-6571.046629445596
9.282517553775957,10.585903397692888,0.7032820942271212,49.97986395930472,-6571.046629445596
9.282517553775957,10.585903397692888,0.7032820942271212,49.97986395930472,-6571.046629445596
9.670860859268181,11.408014030342837,0.7139052986552807,50.524404243673324,-6571.835239180065
9.670860859268181,11.408014030342837,0.7139052986552807,50.524404243673324,-6571.835239180065
9.26030628014195,11.491912462502432,0.9398105385972763,50.03670564311463,-6574.27779286322
9.26030628014195,11.491912462502432,0.9398105385972763,50.03670564311463,-6574.27779286322
9.26030628014195,11.491912462502432,0.9398105385972763,50.03670564311463,-6574.27779286322
8.7661342774318,9.125084968977248,0.843496631059857,50.89944765311158,-6573.3191460979115
8.7661342774318,9.125084968977248,0.843496631059857,50.89944765311158,-6573.3191460979115
8.7661342774318,9.125084968977248,0.843496631059857,50.89944765311158,-6573.3191460979115
9.166019934398163,8.042722120493577,1.1314202055564464,50.45635437724956,-6573.717737087571
9.166019934398163,8.042722120493577,1.1314202055564464,50.45635437724956,-6573.717737087571
9.166019934398163,8.042722120493577,1.1314202055564464,50.45635437724956,-6573.717737087571
9.166019934398163,8.042722120493577,1.1314202055564464,50.45635437724956,-6573.717737087571
9.166019934398163,8.042722120493577,1.1314202055564464,50.45635437724956,-6573.717737087571
9.166019934398163,8.042722120493577,1.1314202055564464,50.45635437724956,-6573.717737087571
9.166019934398163,8.042722120493577,1.1314202055564464,50.45635437724956,-6573.717737087571
9.166019934398163,8.042722120493577,1.1314202055564464,50.45635437724956,-6573.717737087571
9.149572025289075,7.444809670234942,0.9669400262432273,50.38947643033701,-6573.335467232152
9.149572025289075,7.444809670234942,0.9669400262432273,50.38947643033701,-6573.335467232152
9.149572025289075,7.444809670234942,0.9669400262432273,50.38947643033701,-6573.335467232152
9.855177457846017,6.224654617218675,1.131850556097864,50.19020540530622,-6573.562779331909
9.855177457846017,6.224654617218675,1.131850556097864,50.19020540530622,-6573.562779331909
9.855177457846017,6.224654617218675,1.131850556097864,50.19020540530622,-6573.562779331909
9.855177457846017,6.224654617218675,1.131850556097864,50.19020540530622,-6573.562779331909
9.855177457846017,6.224654617218675,1.131850556097864,50.19020540530622,-6573.562779331909
9.855177457846017,6.224654617218675,1.131850556097864,50.19020540530622,-6573.562779331909
9.855177457846017,6.224654617218675,1.131850556097864,50.19020540530622,-6573.562779331909
9.855177457846017,6.224654617218675,1.131850556097864,50.19020540530622,-6573.562779331909
9.855177457846017,6.224654617218675,1.131850556097864,50.19020540530622,-6573.562779331909
9.055970326292053,8.742228124187404,1.0619536053553384,50.785428492385044,-6573.309377420941
9.055970326292053,8.742228124187404,1.0619536053553384,50.785428492385044,-6573.309377420941
9.055970326292053,8.742228124187404,1.0619536053553384,50.785428492385044,-6573.309377420941
9.08834085919261,8.937679942309904,0.7873238251469468,50.21193540479037,-6571.923928271002
10.281507038026009,10.673986101367838,0.7156727624548579,49.79699394923343,-6572.790582356209
11.009785882283396,8.934492397302762,0.5691198715553248,49.733867920555575,-6572.662794163272
11.009785882283396,8.934492397302762,0.5691198715553248,49.733867920555575,-6572.662794163272
11.009785882283396,8.934492397302762,0.5691198715553248,49.733867920555575,-6572.662794163272
11.009785882283396,8.934492397302762,0.5691198715553248,49.733867920555575,-6572.662794163272
11.009785882283396,8.934492397302762,0.5691198715553248,49.733867920555575,-6572.662794163272
11.009785882283396,8.934492397302762,0.5691198715553248,49.733867920555575,-6572.662794163272
11.009785882283396,8.934492397302762,0.5691198715553248,49.733867920555575,-6572.662794163272
11.009785882283396,8.934492397302762,0.5691198715553248,49.733867920555575,-6572.662794163272
11.009785882283396,8.934492397302762,0.5691198715553248,49.733867920555575,-6572.662794163272
10.015363846586364,11.099341035193284,0.545529210002679,49.665976284771524,-6572.966836820101
10.006853678423726,10.32478898249426,0.6838872667771985,49.59722493316462,-6571.819121118461
9.604052541377339,10.69254525805411,0.607661238447581,49.35712065278331,-6572.929809803578
9.15841504792513,9.322818653843296,0.6258517632148847,50.33337742822843,-6573.744231302879
9.15841504792513,9.322818653843296,0.6258517632148847,50.33337742822843,-6573.744231302879
9.115137761548235,7.852076004366876,0.8116988486185077,50.71717323584499,-6574.0504574335555
9.115137761548235,7.852076004366876,0.8116988486185077,50.71717323584499,-6574.0504574335555
9.837979215207417,7.5491294482806675,0.8400785634853403,50.13585488842842,-6571.002747553468
9.837979215207417,7.5491294482806675,0.8400785634853403,50.13585488842842,-6571.002747553468
9.948776980152966,8.88036756144459,0.7374060555504677,49.61890130753953,-6571.077243250692
9.948776980152966,8.88036756144459,0.7374060555504677,49.61890130753953,-6571.077243250692
9.948776980152966,8.88036756144459,0.7374060555504677,49.61890130753953,-6571.077243250692
9.948776980152966,8.88036756144459,0.7374060555504677,49.61890130753953,-6571.077243250692
9.948776980152966,8.88036756144459,0.7374060555504677,49.61890130753953,-6571.077243250692
9.948776980152966,8.88036756144459,0.7374060555504677,49.61890130753953,-6571.077243250692
10.175385398301929,8.202666032486304,0.8535255770232782,50.36345583344127,-6570.406454382127
10.175385398301929,8.202666032486304,0.8535255770232782,50.36345583344127,-6570.406454382127
10.175385398301929,8.202666032486304,0.8535255770232782,50.36345583344127,-6570.406454382127
10.503561607061298,6.4880771068363945,0.8973652372392255,50.823074957773265,-6571.245183701205
10.603890493444382,7.15756989017613,0.8129993651667218,50.57266261631782,-6570.434148836028
10.603890493444382,7.15756989017613,0.8129993651667218,50.57266261631782,-6570.434148836028
10.603890493444382,7.15756989017613,0.8129993651667218,50.57266261631782,-6570.434148836028
10.603890493444382,7.15756989017613,0.8129993651667218,50.57266261631782,-6570.434148836028
10.603890493444382,7.15756989017613,0.8129993651667218,50.57266261631782,-6570.434148836028
10.603890493444382,7.15756989017613,0.8129993651667218,50.57266261631782,-6570.434148836028
10.603890493444382,7.15756989017613,0.8129993651667218,50.57266261631782,-6570.434148836028
10.603890493444382,7.15756989017613,0.8129993651667218,50.57266261631782,-6570.434148836028
10.603890493444382,7.15756989017613,0.8129993651667218,50.57266261631782,-6570.434148836028
10.663766046663271,8.784996919163945,0.6804744628759373,50.31412829793426,-6570.651052012257
10.663766046663271,8.784996919163945,0.6804744628759373,50.31412829793426,-6570.651052012257
10.663766046663271,8.784996919163945,0.6804744628759373,50.31412829793426,-6570.651052012257
10.663766046663271,8.784996919163945,0.6804744628759373,50.31412829793426,-6570.651052012257
10.663766046663271,8.784996919163945,0.6804744628759373,50.31412829793426,-6570.651052012257
9.579199903901,10.531637764682863,0.8341453937262133,49.776266635279974,-6571.991472193366
9.579199903901,10.531637764682863,0.8341453937262133,49.776266635279974,-6571.991472193366
9.579199903901,10.531637764682863,0.8341453937262133,49.776266635279974,-6571.991472193366
9.579199903901,10.531637764682863,0.8341453937262133,49.776266635279974,-6571.991472193366
9.734568840028036,7.510614279154975,0.9605089964438949,49.338653820618795,-6572.838843896414
10.225787654774772,6.744409831516563,0.769605007631304,49.97147146501192,-6571.951168619002
10.225787654774772,6.744409831516563,0.769605007631304,49.97147146501192,-6571.951168619002
10.225787654774772,6.744409831516563,0.769605007631304,49.97147146501192,-6571.951168619002
10.225787654774772,6.744409831516563,0.769605007631304,49.97147146501192,-6571.951168619002
10.859676578762405,6.886939430035412,0.9114105048382517,50.381745449960725,-6571.229530387259
10.859676578762405,6.886939430035412,0.9114105048382517,50.381745449960725,-6571.229530387259
10.799588578220037,7.938576432841025,0.6219916697556278,50.87499092391006,-6571.344500650746
10.799588578220037,7.938576432841025,0.6219916697556278,50.87499092391006,-6571.344500650746
10.799588578220037,7.938576432841025,0.6219916697556278,50.87499092391006,-6571.344500650746
10.799588578220037,7.938576432841025,0.6219916697556278,50.87499092391006,-6571.344500650746
10.430596474384494,8.662162646951623,0.8212312800453188,50.852417798593294,-6571.156827797628
10.430596474384494,8.662162646951623,0.8212312800453188,50.852417798593294,-6571.156827797628
10.77987465532152,7.371486939567531,0.6659384724166544,49.85938186633438,-6571.500771687455
10.77987465532152,7.371486939567531,0.6659384724166544,49.85938186633438,-6571.500771687455
11.24942913524308,7.760883873388975,0.6427852852053155,50.2051322589288,-6571.362985978463
11.131119927402775,7.738077760349469,0.6065340847715317,50.486064189927355,-6571.429428580428
10.139170391472128,9.0392624848866,0.6320017840473452,50.525036076807794,-6570.782900065812
10.139170391472128,9.0392624848866,0.6320017840473452,50.525036076807794,-6570.782900065812
10.139170391472128,9.0392624848866,0.6320017840473452,50.525036076807794,-6570.782900065812
10.943073891401758,7.993302039391636,0.6824610102958811,50.377078112583554,-6570.705131666966
11.059668760961847,9.480012458633194,0.5748687047446916,50.02289571881419,-6572.588003617104
11.059668760961847,9.480012458633194,0.5748687047446916,50.02289571881419,-6572.588003617104
11.079669581583442,8.887063434148718,0.6076814234476683,49.722418495180776,-6572.515348320686
11.079669581583442,8.887063434148718,0.6076814234476683,49.722418495180776,-6572.515348320686
11.079669581583442,8.887063434148718,0.6076814234476683,49.722418495180776,-6572.515348320686
11.079669581583442,8.887063434148718,0.6076814234476683,49.722418495180776,-6572.515348320686
11.079669581583442,8.887063434148718,0.6076814234476683,49.722418495180776,-6572.515348320686
11.079669581583442,8.887063434148718,0.6076814234476683,49.722418495180776,-6572.515348320686
11.079669581583442,8.887063434148718,0.6076814234476683,49.722418495180776,-6572.515348320686
11.079669581583442,8.887063434148718,0.6076814234476683,49.722418495180776,-6572.515348320686
11.079669581583442,8.887063434148718,0.6076814234476683,49.722418495180776,-6572.515348320686
11.079669581583442,8.887063434148718,0.6076814234476683,49.722418495180776,-6572.515348320686
11.079669581583442,8.887063434148718,0.6076814234476683,49.722418495180776,-6572.515348320686
11.079669581583442,8.887063434148718,0.6076814234476683,49.722418495180776,-6572.515348320686
11.079669581583442,8.887063434148718,0.6076814234476683,49.722418495180776,-6572.515348320686
11.079669581583442,8.887063434148718,0.6076814234476683,49.722418495180776,-6572.515348320686
11.079669581583442,8.887063434148718,0.6076814234476683,49.722418495180776,-6572.515348320686
11.079669581583442,8.887063434148718,0.6076814234476683,49.722418495180776,-6572.515348320686
11.079669581583442,8.887063434148718,0.6076814234476683,49.722418495180776,-6572.515348320686
11.079669581583442,8.887063434148718,0.6076814234476683,49.722418495180776,-6572.515348320686
11.079669581583442,8.887063434148718,0.6076814234476683,49.722418495180776,-6572.515348320686
9.691350414795336,10.661316070419774,0.6381481731885636,49.87474002331959,-6571.337048782312
9.691350414795336,10.661316070419774,0.6381481731885636,49.87474002331959,-6571.337048782312
9.691350414795336,10.661316070419774,0.6381481731885636,49.87474002331959,-6571.337048782312
9.691350414795336,10.661316070419774,0.6381481731885636,49.87474002331959,-6571.337048782312
9.691350414795336,10.661316070419774,0.6381481731885636,49.87474002331959,-6571.337048782312
9.691350414795336,10.661316070419774,0.6381481731885636,49.87474002331959,-6571.337048782312
9.762425994461847,11.186022191215821,0.5141836843882195,49.69147361370056,-6573.421796933673
9.00413182198353,10.305326099423029,0.619779726197718,50.63322440065975,-6572.957191063731
9.00413182198353,10.305326099423029,0.619779726197718,50.63322440065975,-6572.957191063731
9.798854114423321,11.198371978387328,0.6362244549333831,50.68322675607224,-6571.522011116944
9.96025181806469,9.10820717442912,0.6212327747087821,50.892467132726075,-6571.508149359244
9.96025181806469,9.10820717442912,0.6212327747087821,50.892467132726075,-6571.508149359244
9.96025181806469,9.10820717442912,0.6212327747087821,50.892467132726075,-6571.508149359244
9.96025181806469,9.10820717442912,0.6212327747087821,50.892467132726075,-6571.508149359244
9.96025181806469,9.10820717442912,0.6212327747087821,50.892467132726075,-6571.508149359244
9.96025181806469,9.10820717442912,0.6212327747087821,50.892467132726075,-6571.508149359244
10.226360853151615,9.744211055130991,0.49803984848383265,50.38317475279705,-6572.915321970032
9.475971434655557,10.42086731447894,0.5223422196006708,50.57926656815694,-6573.401700536902
9.475971434655557,10.42086731447894,0.5223422196006708,50.57926656815694,-6573.401700536902
8.892708462253138,9.416212734889262,0.7101943083963878,50.60326346369473,-6573.2265368856515
9.396404061524013,10.056571485275677,0.7940937673224798,50.821247085157104,-6571.032245257356
9.396404061524013,10.056571485275677,0.7940937673224798,50.821247085157104,-6571.032245257356
9.396404061524013,10.056571485275677,0.7940937673224798,50.821247085157104,-6571.032245257356
9.493513936887704,9.862775478283497,0.7715300165164914,50.739769425329335,-6570.731399022707
9.493513936887704,9.862775478283497,0.7715300165164914,50.739769425329335,-6570.731399022707
9.493513936887704,9.862775478283497,0.7715300165164914,50.739769425329335,-6570.731399022707
9.493513936887704,9.862775478283497,0.7715300165164914,50.739769425329335,-6570.731399022707
9.493513936887704,9.862775478283497,0.7715300165164914,50.739769425329335,-6570.731399022707
9.493513936887704,9.862775478283497,0.7715300165164914,50.739769425329335,-6570.731399022707
9.493513936887704,9.862775478283497,0.7715300165164914,50.739769425329335,-6570.731399022707
9.493513936887704,9.862775478283497,0.7715300165164914,50.739769425329335,-6570.731399022707
9.493513936887704,9.862775478283497,0.7715300165164914,50.739769425329335,-6570.731399022707
9.493513936887704,9.862775478283497,0.7715300165164914,50.739769425329335,-6570.731399022707
9.493513936887704,9.862775478283497,0.7715300165164914,50.739769425329335,-6570.731399022707
9.493513936887704,9.862775478283497,0.7715300165164914,50.739769425329335,-6570.731399022707
9.493513936887704,9.862775478283497,0.7715300165164914,50.739769425329335,-6570.731399022707
9.493513936887704,9.862775478283497,0.7715300165164914,50.739769425329335,-6570.731399022707
9.493513936887704,9.862775478283497,0.7715300165164914,50.739769425329335,-6570.731399022707
9.493513936887704,9.862775478283497,0.7715300165164914,50.739769425329335,-6570.731399022707
9.493513936887704,9.862775478283497,0.7715300165164914,50.739769425329335,-6570.731399022707
9.493513936887704,9.862775478283497,0.7715300165164914,50.739769425329335,-6570.731399022707
9.493513936887704,9.862775478283497,0.7715300165164914,50.739769425329335,-6570.731399022707
10.3353472102262,9.105305441615805,0.8802385625020359,51.38561139685745,-6573.431037136597
9.61446790407271,7.1161477945138625,0.8432332675884191,51.934783672207956,-6576.746083527931
9.61446790407271,7.1161477945138625,0.8432332675884191,51.934783672207956,-6576.746083527931
9.61446790407271,7.1161477945138625,0.8432332675884191,51.934783672207956,-6576.746083527931
9.61446790407271,7.1161477945138625,0.8432332675884191,51.934783672207956,-6576.746083527931
9.61446790407271,7.1161477945138625,0.8432332675884191,51.934783672207956,-6576.746083527931
9.61446790407271,7.1161477945138625,0.8432332675884191,51.934783672207956,-6576.746083527931
9.61446790407271,7.1161477945138625,0.8432332675884191,51.934783672207956,-6576.746083527931
9.457627124806697,9.162108801777805,0.9920525896498216,51.16199431404878,-6573.136652580184
9.457627124806697,9.162108801777805,0.9920525896498216,51.16199431404878,-6573.136652580184
9.457627124806697,9.162108801777805,0.9920525896498216,51.16199431404878,-6573.136652580184
8.996100901616469,9.669349678970292,0.7615123775687556,51.35612265839057,-6573.379954025379
8.996100901616469,9.669349678970292,0.7615123775687556,51.35612265839057,-6573.379954025379
8.996100901616469,9.669349678970292,0.7615123775687556,51.35612265839057,-6573.379954025379
8.996100901616469,9.669349678970292,0.7615123775687556,51.35612265839057,-6573.379954025379
8.996100901616469,9.669349678970292,0.7615123775687556,51.35612265839057,-6573.379954025379
8.996100901616469,9.669349678970292,0.7615123775687556,51.35612265839057,-6573.379954025379
8.996100901616469,9.669349678970292,0.7615123775687556,51.35612265839057,-6573.379954025379
8.996100901616469,9.669349678970292,0.7615123775687556,51.35612265839057,-6573.379954025379
8.971562392702497,8.566801237755852,0.8387984826689651,50.444468896436405,-6572.677656528687
9.665544130077285,9.470248719581289,0.9288548411983694,49.75471516774484,-6572.037012576404
9.665544130077285,9.470248719581289,0.9288548411983694,49.75471516774484,-6572.037012576404
9.665544130077285,9.470248719581289,0.9288548411983694,49.75471516774484,-6572.037012576404
9.665544130077285,9.470248719581289,0.9288548411983694,49.75471516774484,-6572.037012576404
9.665544130077285,9.470248719581289,0.9288548411983694,49.75471516774484,-6572.037012576404
9.665544130077285,9.470248719581289,0.9288548411983694,49.75471516774484,-6572.037012576404
9.665544130077285,9.470248719581289,0.9288548411983694,49.75471516774484,-6572.037012576404
9.665544130077285,9.470248719581289,0.9288548411983694,49.75471516774484,-6572.037012576404
9.665544130077285,9.470248719581289,0.9288548411983694,49.75471516774484,-6572.037012576404
8.913432308126904,10.948641813488518,1.0799207599275662,50.38966907292616,-6575.205880255675
8.662278595541078,11.53990044989431,1.0951070333241082,50.272730729424666,-6576.126557398109
8.662278595541078,11.53990044989431,1.0951070333241082,50.272730729424666,-6576.126557398109
9.321487627518152,12.038783304586909,0.9613823308848188,50.469792622909274,-6576.187294415147
9.025984180143489,9.537513331800394,1.0119600914254256,49.96136815054582,-6572.612982340153
9.080433629154346,11.277133396840364,1.0019457922107968,50.391473657565925,-6574.553596121414
9.080433629154346,11.277133396840364,1.0019457922107968,50.391473657565925,-6574.553596121414
7.871080005121431,11.678349532859464,0.9982373517899823,49.93968076861031,-6575.267048859847
7.871080005121431,11.678349532859464,0.9982373517899823,49.93968076861031,-6575.267048859847
7.871080005121431,11.678349532859464,0.9982373517899823,49.93968076861031,-6575.267048859847
7.871080005121431,11.678349532859464,0.9982373517899823,49.93968076861031,-6575.267048859847
7.871080005121431,11.678349532859464,0.9982373517899823,49.93968076861031,-6575.267048859847
7.871080005121431,11.678349532859464,0.9982373517899823,49.93968076861031,-6575.267048859847
7.871080005121431,11.678349532859464,0.9982373517899823,49.93968076861031,-6575.267048859847
7.871080005121431,11.678349532859464,0.9982373517899823,49.93968076861031,-6575.267048859847
7.871080005121431,11.678349532859464,0.9982373517899823,49.93968076861031,-6575.267048859847
8.192452557066552,8.992175784248886,0.991961746247536,49.628584611294905,-6576.461297620461
8.192452557066552,8.992175784248886,0.991961746247536,49.628584611294905,-6576.461297620461
8.192452557066552,8.992175784248886,0.991961746247536,49.628584611294905,-6576.461297620461
8.192452557066552,8.992175784248886,0.991961746247536,49.628584611294905,-6576.461297620461
8.192452557066552,8.992175784248886,0.991961746247536,49.628584611294905,-6576.461297620461
8.192452557066552,8.992175784248886,0.991961746247536,49.628584611294905,-6576.461297620461
8.192452557066552,8.992175784248886,0.991961746247536,49.628584611294905,-6576.461297620461
8.354283306627309,9.911416984333318,0.7715999765194375,49.333395254323165,-6576.026198638947
7.646146506204092,10.561805758380062,0.8582022907566672,49.89460754344206,-6577.6310233911645
7.592307753279846,14.46376326228593,0.6126551838361767,51.04408441035369,-6577.299148380585
7.592307753279846,14.46376326228593,0.6126551838361767,51.04408441035369,-6577.299148380585
7.592307753279846,14.46376326228593,0.6126551838361767,51.04408441035369,-6577.299148380585
7.592307753279846,14.46376326228593,0.6126551838361767,51.04408441035369,-6577.299148380585
7.592307753279846,14.46376326228593,0.6126551838361767,51.04408441035369,-6577.299148380585
7.592307753279846,14.46376326228593,0.6126551838361767,51.04408441035369,-6577.299148380585
7.592307753279846,14.46376326228593,0.6126551838361767,51.04408441035369,-6577.299148380585
8.171954460170044,14.803781336973872,0.5863318978278189,50.76592785466442,-6575.467702532693
8.171954460170044,14.803781336973872,0.5863318978278189,50.76592785466442,-6575.467702532693
8.770972955479097,12.661974028573953,0.5621956626535487,50.27956352630464,-6573.1763872102
8.770972955479097,12.661974028573953,0.5621956626535487,50.27956352630464,-6573.1763872102
8.770972955479097,12.661974028573953,0.5621956626535487,50.27956352630464,-6573.1763872102
9.325434143746264,9.76252639666938,0.6070864469480216,50.156323096675465,-6572.62797560469
10.228464754338075,11.573900161526485,0.5241005990423578,49.855729562528616,-6573.521421775901
10.48244116237482,8.990931239083224,0.6349213873668684,49.64929731552889,-6571.641581770013
10.48244116237482,8.990931239083224,0.6349213873668684,49.64929731552889,-6571.641581770013
10.48244116237482,8.990931239083224,0.6349213873668684,49.64929731552889,-6571.641581770013
10.48244116237482,8.990931239083224,0.6349213873668684,49.64929731552889,-6571.641581770013
10.48244116237482,8.990931239083224,0.6349213873668684,49.64929731552889,-6571.641581770013
10.009095279594968,8.980932833931933,0.6774436861285562,49.78033405095031,-6571.044644612835
10.009095279594968,8.980932833931933,0.6774436861285562,49.78033405095031,-6571.044644612835
10.009095279594968,8.980932833931933,0.6774436861285562,49.78033405095031,-6571.044644612835
10.009095279594968,8.980932833931933,0.6774436861285562,49.78033405095031,-6571.044644612835
10.142079974391155,9.272620286789369,0.6534786517920708,49.82025219933639,-6571.040998542727
10.142079974391155,9.272620286789369,0.6534786517920708,49.82025219933639,-6571.040998542727
10.142079974391155,9.272620286789369,0.6534786517920708,49.82025219933639,-6571.040998542727
10.132021167885053,9.348437992738976,0.6758581850823268,50.00684102330707,-6570.616556488383
10.132021167885053,9.348437992738976,0.6758581850823268,50.00684102330707,-6570.616556488383
10.132021167885053,9.348437992738976,0.6758581850823268,50.00684102330707,-6570.616556488383
10.132021167885053,9.348437992738976,0.6758581850823268,50.00684102330707,-6570.616556488383
10.46680809725796,9.01622481477949,0.5968372929863668,50.15785243113887,-6571.187554955883
10.46680809725796,9.01622481477949,0.5968372929863668,50.15785243113887,-6571.187554955883
10.431118102038571,9.333647857270066,0.759902680739815,50.80513395448046,-6571.267935619226
10.431118102038571,9.333647857270066,0.759902680739815,50.80513395448046,-6571.267935619226
10.431118102038571,9.333647857270066,0.759902680739815,50.80513395448046,-6571.267935619226
10.431118102038571,9.333647857270066,0.759902680739815,50.80513395448046,-6571.267935619226
10.431118102038571,9.333647857270066,0.759902680739815,50.80513395448046,-6571.267935619226
10.431118102038571,9.333647857270066,0.759902680739815,50.80513395448046,-6571.267935619226
10.550074677244334,7.305878830590986,0.8896887312115422,50.36639040496914,-6570.730492312155
10.550074677244334,7.305878830590986,0.8896887312115422,50.36639040496914,-6570.730492312155
10.814461382449721,8.565967462597067,0.7980529092415438,51.25605400698356,-6572.523782265151
10.814461382449721,8.565967462597067,0.7980529092415438,51.25605400698356,-6572.523782265151
10.814461382449721,8.565967462597067,0.7980529092415438,51.25605400698356,-6572.523782265151
10.814461382449721,8.565967462597067,0.7980529092415438,51.25605400698356,-6572.523782265151
10.814461382449721,8.565967462597067,0.7980529092415438,51.25605400698356,-6572.523782265151
10.814461382449721,8.565967462597067,0.7980529092415438,51.25605400698356,-6572.523782265151
10.568741455894083,9.62541027892638,0.7130172995858355,51.624961171533364,-6573.4767598591425
10.568741455894083,9.62541027892638,0.7130172995858355,51.624961171533364,-6573.4767598591425
8.962950845510909,10.185101071826573,0.7518632057266414,51.62180137104316,-6574.147010342729
8.962950845510909,10.185101071826573,0.7518632057266414,51.62180137104316,-6574.147010342729
8.962950845510909,10.185101071826573,0.7518632057266414,51.62180137104316,-6574.147010342729
8.962950845510909,10.185101071826573,0.7518632057266414,51.62180137104316,-6574.147010342729
8.962950845510909,10.185101071826573,0.7518632057266414,51.62180137104316,-6574.147010342729
8.962950845510909,10.185101071826573,0.7518632057266414,51.62180137104316,-6574.147010342729
8.962950845510909,10.185101071826573,0.7518632057266414,51.62180137104316,-6574.147010342729
8.962950845510909,10.185101071826573,0.7518632057266414,51.62180137104316,-6574.147010342729
8.962950845510909,10.185101071826573,0.7518632057266414,51.62180137104316,-6574.147010342729
8.962950845510909,10.185101071826573,0.7518632057266414,51.62180137104316,-6574.147010342729
8.962950845510909,10.185101071826573,0.7518632057266414,51.62180137104316,-6574.147010342729
8.962950845510909,10.185101071826573,0.7518632057266414,51.62180137104316,-6574.147010342729
8.962950845510909,10.185101071826573,0.7518632057266414,51.62180137104316,-6574.147010342729
8.962950845510909,10.185101071826573,0.7518632057266414,51.62180137104316,-6574.147010342729
9.631738103045382,8.575950143801546,0.8267944439599639,52.00155798730715,-6574.951235392413
9.631738103045382,8.575950143801546,0.8267944439599639,52.00155798730715,-6574.951235392413
9.631738103045382,8.575950143801546,0.8267944439599639,52.00155798730715,-6574.951235392413
9.631738103045382,8.575950143801546,0.8267944439599639,52.00155798730715,-6574.951235392413
10.125279775622964,6.234426148154283,1.0247128945119668,51.36570415065538,-6573.84724037807
10.960392339080919,5.616904418251728,1.0519296365648727,50.57245519249405,-6572.754852561069
10.960392339080919,5.616904418251728,1.0519296365648727,50.57245519249405,-6572.754852561069
10.960392339080919,5.616904418251728,1.0519296365648727,50.57245519249405,-6572.754852561069
10.960392339080919,5.616904418251728,1.0519296365648727,50.57245519249405,-6572.754852561069
10.960392339080919,5.616904418251728,1.0519296365648727,50.57245519249405,-6572.754852561069
10.960392339080919,5.616904418251728,1.0519296365648727,50.57245519249405,-6572.754852561069
11.244379316646556,7.452964406639762,0.6624552770930918,50.26002755906955,-6571.167621785569
11.244379316646556,7.452964406639762,0.6624552770930918,50.26002755906955,-6571.167621785569
11.244379316646556,7.452964406639762,0.6624552770930918,50.26002755906955,-6571.167621785569
11.244379316646556,7.452964406639762,0.6624552770930918,50.26002755906955,-6571.167621785569
11.244379316646556,7.452964406639762,0.6624552770930918,50.26002755906955,-6571.167621785569
11.244379316646556,7.452964406639762,0.6624552770930918,50.26002755906955,-6571.167621785569
11.244379316646556,7.452964406639762,0.6624552770930918,50.26002755906955,-6571.167621785569
11.244379316646556,7.452964406639762,0.6624552770930918,50.26002755906955,-6571.167621785569
11.244379316646556,7.452964406639762,0.6624552770930918,50.26002755906955,-6571.167621785569
11.244379316646556,7.452964406639762,0.6624552770930918,50.26002755906955,-6571.167621785569
11.244379316646556,7.452964406639762,0.6624552770930918,50.26002755906955,-6571.167621785569
11.244379316646556,7.452964406639762,0.6624552770930918,50.26002755906955,-6571.167621785569
10.528882959939908,8.499040882298463,0.7671889932398623,50.534636737324576,-6570.482343899549
10.528882959939908,8.499040882298463,0.7671889932398623,50.534636737324576,-6570.482343899549
10.528882959939908,8.499040882298463,0.7671889932398623,50.534636737324576,-6570.482343899549
10.528882959939908,8.499040882298463,0.7671889932398623,50.534636737324576,-6570.482343899549
10.528882959939908,8.499040882298463,0.7671889932398623,50.534636737324576,-6570.482343899549
10.528882959939908,8.499040882298463,0.7671889932398623,50.534636737324576,-6570.482343899549
10.528882959939908,8.499040882298463,0.7671889932398623,50.534636737324576,-6570.482343899549
10.528882959939908,8.499040882298463,0.7671889932398623,50.534636737324576,-6570.482343899549
10.528882959939908,8.499040882298463,0.7671889932398623,50.534636737324576,-6570.482343899549
10.528882959939908,8.499040882298463,0.7671889932398623,50.534636737324576,-6570.482343899549
10.528882959939908,8.499040882298463,0.7671889932398623,50.534636737324576,-6570.482343899549
10.528882959939908,8.499040882298463,0.7671889932398623,50.534636737324576,-6570.482343899549
10.528882959939908,8.499040882298463,0.7671889932398623,50.534636737324576,-6570.482343899549
10.024335974181728,8.472494312450408,0.7858029031843775,50.78064178014394,-6570.429837333326
10.024335974181728,8.472494312450408,0.7858029031843775,50.78064178014394,-6570.429837333326
10.024335974181728,8.472494312450408,0.7858029031843775,50.78064178014394,-6570.429837333326
10.024335974181728,8.472494312450408,0.7858029031843775,50.78064178014394,-6570.429837333326
10.024335974181728,8.472494312450408,0.7858029031843775,50.78064178014394,-6570.429837333326
10.594552170218565,7.76381377591238,0.6485199364217521,49.96224986406441,-6571.361097535182
10.594552170218565,7.76381377591238,0.6485199364217521,49.96224986406441,-6571.361097535182
10.594552170218565,7.76381377591238,0.6485199364217521,49.96224986406441,-6571.361097535182
10.594552170218565,7.76381377591238,0.6485199364217521,49.96224986406441,-6571.361097535182
10.594552170218565,7.76381377591238,0.6485199364217521,49.96224986406441,-6571.361097535182
10.594552170218565,7.76381377591238,0.6485199364217521,49.96224986406441,-6571.361097535182
10.594552170218565,7.76381377591238,0.6485199364217521,49.96224986406441,-6571.361097535182
10.594552170218565,7.76381377591238,0.6485199364217521,49.96224986406441,-6571.361097535182
10.717730945656099,7.220613037163065,0.9099201931149836,50.104444208427836,-6571.239936824059
10.717730945656099,7.220613037163065,0.9099201931149836,50.104444208427836,-6571.239936824059
10.717730945656099,7.220613037163065,0.9099201931149836,50.104444208427836,-6571.239936824059
10.717730945656099,7.220613037163065,0.9099201931149836,50.104444208427836,-6571.239936824059
9.378948651266507,10.632297228706076,0.821689187820733,49.78799212212974,-6571.6899813416985
9.378948651266507,10.632297228706076,0.821689187820733,49.78799212212974,-6571.6899813416985
9.828759071985552,11.067118899508433,0.781175977473437,50.62714253875364,-6572.452890832802
9.828759071985552,11.067118899508433,0.781175977473437,50.62714253875364,-6572.452890832802
9.828759071985552,11.067118899508433,0.781175977473437,50.62714253875364,-6572.452890832802
9.828759071985552,11.067118899508433,0.781175977473437,50.62714253875364,-6572.452890832802
10.73488653631046,9.159288184845783,0.8297340953865399,50.86385500261704,-6572.958093855344
10.73488653631046,9.159288184845783,0.8297340953865399,50.86385500261704,-6572.958093855344
11.67059784924397,8.143343873088785,0.7069771235636132,51.0215165572856,-6573.538440887001
11.67059784924397,8.143343873088785,0.7069771235636132,51.0215165572856,-6573.538440887001
12.005487142626851,7.044261066251494,0.7409385828524301,51.45337413140994,-6574.507198751386
11.440410244820956,6.592560761682372,0.6910850180670155,51.76943054900245,-6573.776670903921
11.440410244820956,6.592560761682372,0.6910850180670155,51.76943054900245,-6573.776670903921
11.440410244820956,6.592560761682372,0.6910850180670155,51.76943054900245,-6573.776670903921
11.440410244820956,6.592560761682372,0.6910850180670155,51.76943054900245,-6573.776670903921
11.339697497321497,6.6543928186530685,0.7942479682235516,51.575803742421165,-6573.012649533583
11.339697497321497,6.6543928186530685,0.7942479682235516,51.575803742421165,-6573.012649533583
11.339697497321497,6.6543928186530685,0.7942479682235516,51.575803742421165,-6573.012649533583
11.339697497321497,6.6543928186530685,0.7942479682235516,51.575803742421165,-6573.012649533583
11.339697497321497,6.6543928186530685,0.7942479682235516,51.575803742421165,-6573.012649533583
11.339697497321497,6.6543928186530685,0.7942479682235516,51.575803742421165,-6573.012649533583
11.339697497321497,6.6543928186530685,0.7942479682235516,51.575803742421165,-6573.012649533583
11.339697497321497,6.6543928186530685,0.7942479682235516,51.575803742421165,-6573.012649533583
11.339697497321497,6.6543928186530685,0.7942479682235516,51.575803742421165,-6573.012649533583
10.329815988895579,6.169579556724782,0.8913073102921515,51.52651054213333,-6573.682766708955
9.909768093738352,5.972482992927314,0.9615413719496045,51.0266519233149,-6573.854479138755
10.201478428797431,7.113016904499063,1.041374307318128,51.67136828065148,-6574.756536909961
10.201478428797431,7.113016904499063,1.041374307318128,51.67136828065148,-6574.756536909961
10.999550669312132,5.53551259684689,1.045774318055672,51.92157388446769,-6576.184133919292
10.999550669312132,5.53551259684689,1.045774318055672,51.92157388446769,-6576.184133919292
10.999550669312132,5.53551259684689,1.045774318055672,51.92157388446769,-6576.184133919292
10.828353849564865,4.377615996876882,1.0385928702392688,51.639100137386016,-6576.15453181035
10.828353849564865,4.377615996876882,1.0385928702392688,51.639100137386016,-6576.15453181035
12.448868558995176,3.79534596826693,0.9563557331857434,51.88385573149567,-6577.348297717164
12.448868558995176,3.79534596826693,0.9563557331857434,51.88385573149567,-6577.348297717164
12.81767158642247,4.054104213719028,0.8878562100167281,51.811746573212,-6577.471036618274
12.81767158642247,4.054104213719028,0.8878562100167281,51.811746573212,-6577.471036618274
12.81767158642247,4.054104213719028,0.8878562100167281,51.811746573212,-6577.471036618274
12.81767158642247,4.054104213719028,0.8878562100167281,51.811746573212,-6577.471036618274
11.850877917037382,2.6104412546462012,0.9679478267336892,51.49354626098976,-6577.446482943205
10.591287184830442,5.631328081903438,0.8878932137099861,50.41615689040512,-6571.855917020324
10.591287184830442,5.631328081903438,0.8878932137099861,50.41615689040512,-6571.855917020324
10.591287184830442,5.631328081903438,0.8878932137099861,50.41615689040512,-6571.855917020324
10.591287184830442,5.631328081903438,0.8878932137099861,50.41615689040512,-6571.855917020324
10.591287184830442,5.631328081903438,0.8878932137099861,50.41615689040512,-6571.855917020324
10.591287184830442,5.631328081903438,0.8878932137099861,50.41615689040512,-6571.855917020324
10.591287184830442,5.631328081903438,0.8878932137099861,50.41615689040512,-6571.855917020324
10.591287184830442,5.631328081903438,0.8878932137099861,50.41615689040512,-6571.855917020324
10.591287184830442,5.631328081903438,0.8878932137099861,50.41615689040512,-6571.855917020324
11.855272363363898,5.348750035207848,0.6872635499128429,50.99773250230688,-6572.877113304313
11.855272363363898,5.348750035207848,0.6872635499128429,50.99773250230688,-6572.877113304313
11.855272363363898,5.348750035207848,0.6872635499128429,50.99773250230688,-6572.877113304313
11.13343899107729,5.770709273789191,0.6731145998825837,51.15993493790341,-6573.593422014938
11.13343899107729,5.770709273789191,0.6731145998825837,51.15993493790341,-6573.593422014938
11.13343899107729,5.770709273789191,0.6731145998825837,51.15993493790341,-6573.593422014938
11.13343899107729,5.770709273789191,0.6731145998825837,51.15993493790341,-6573.593422014938
11.315740588664916,6.683837992664152,0.8901964748429547,51.27608680634057,-6573.031342384173
11.315740588664916,6.683837992664152,0.8901964748429547,51.27608680634057,-6573.031342384173
11.315740588664916,6.683837992664152,0.8901964748429547,51.27608680634057,-6573.031342384173
11.315740588664916,6.683837992664152,0.8901964748429547,51.27608680634057,-6573.031342384173
11.315740588664916,6.683837992664152,0.8901964748429547,51.27608680634057,-6573.031342384173
10.975097221383926,6.939400530617233,0.8942395002579328,50.82171524474,-6571.586606442468
10.975097221383926,6.939400530617233,0.8942395002579328,50.82171524474,-6571.586606442468
10.238588901115477,6.829429229009158,1.0209838190516274,50.79325652667385,-6572.089335104234
10.238588901115477,6.829429229009158,1.0209838190516274,50.79325652667385,-6572.089335104234
10.238588901115477,6.829429229009158,1.0209838190516274,50.79325652667385,-6572.089335104234
10.238588901115477,6.829429229009158,1.0209838190516274,50.79325652667385,-6572.089335104234
10.238588901115477,6.829429229009158,1.0209838190516274,50.79325652667385,-6572.089335104234
10.238588901115477,6.829429229009158,1.0209838190516274,50.79325652667385,-6572.089335104234
10.238588901115477,6.829429229009158,1.0209838190516274,50.79325652667385,-6572.089335104234
10.238588901115477,6.829429229009158,1.0209838190516274,50.79325652667385,-6572.089335104234
10.238588901115477,6.829429229009158,1.0209838190516274,50.79325652667385,-6572.089335104234
10.238588901115477,6.829429229009158,1.0209838190516274,50.79325652667385,-6572.089335104234
10.274307511312397,7.477244137184314,0.9919257322639546,50.94750069443368,-6572.1696398055365
10.274307511312397,7.477244137184314,0.9919257322639546,50.94750069443368,-6572.1696398055365
9.904154670200214,11.244682897944935,0.7713915955829578,50.49894776489574,-6572.828200412207
9.821599461036852,10.879038757372488,0.651297872332844,50.026700180255766,-6571.32598104043
9.821599461036852,10.879038757372488,0.651297872332844,50.026700180255766,-6571.32598104043
9.821599461036852,10.879038757372488,0.651297872332844,50.026700180255766,-6571.32598104043
9.821599461036852,10.879038757372488,0.651297872332844,50.026700180255766,-6571.32598104043
9.419957641058089,10.272594015690933,0.5865867340577712,49.753773975188906,-6572.720536174416
9.419957641058089,10.272594015690933,0.5865867340577712,49.753773975188906,-6572.720536174416
9.419957641058089,10.272594015690933,0.5865867340577712,49.753773975188906,-6572.720536174416
9.419957641058089,10.272594015690933,0.5865867340577712,49.753773975188906,-6572.720536174416
9.420470754385567,10.812523038132055,0.6535782106932022,50.64859021965329,-6571.098836119591
9.420470754385567,10.812523038132055,0.6535782106932022,50.64859021965329,-6571.098836119591
9.420470754385567,10.812523038132055,0.6535782106932022,50.64859021965329,-6571.098836119591
9.420470754385567,10.812523038132055,0.6535782106932022,50.64859021965329,-6571.098836119591
9.420470754385567,10.812523038132055,0.6535782106932022,50.64859021965329,-6571.098836119591
9.420470754385567,10.812523038132055,0.6535782106932022,50.64859021965329,-6571.098836119591
9.420470754385567,10.812523038132055,0.6535782106932022,50.64859021965329,-6571.098836119591
9.420470754385567,10.812523038132055,0.6535782106932022,50.64859021965329,-6571.098836119591
9.420470754385567,10.812523038132055,0.6535782106932022,50.64859021965329,-6571.098836119591
9.420470754385567,10.812523038132055,0.6535782106932022,50.64859021965329,-6571.098836119591
9.420470754385567,10.812523038132055,0.6535782106932022,50.64859021965329,-6571.098836119591
10.805787545858905,10.315357264456532,0.5371187912031126,50.50931057164903,-6572.63616247719
9.351170749330585,9.227144979586646,0.5935032896602833,50.8083278528888,-6574.17438257504
9.726952503848105,11.293101195363773,0.5782103173160705,50.88202127255392,-6571.964065027394
9.746151611315089,8.978510704662023,0.6111476043045189,50.80543869742917,-6572.350309302119
9.982670510240105,7.667819428724847,0.7625612105344566,50.57387469884237,-6570.958225520017
9.982670510240105,7.667819428724847,0.7625612105344566,50.57387469884237,-6570.958225520017
9.81549517452069,8.794059418040542,0.8810991960000366,50.189472228944815,-6570.685620764845
9.81549517452069,8.794059418040542,0.8810991960000366,50.189472228944815,-6570.685620764845
9.80343362152258,8.588204319467692,0.7534211584970629,51.026351757729465,-6571.122742261097
9.80343362152258,8.588204319467692,0.7534211584970629,51.026351757729465,-6571.122742261097
9.80343362152258,8.588204319467692,0.7534211584970629,51.026351757729465,-6571.122742261097
9.80343362152258,8.588204319467692,0.7534211584970629,51.026351757729465,-6571.122742261097
9.80343362152258,8.588204319467692,0.7534211584970629,51.026351757729465,-6571.122742261097
9.80343362152258,8.588204319467692,0.7534211584970629,51.026351757729465,-6571.122742261097
9.80343362152258,8.588204319467692,0.7534211584970629,51.026351757729465,-6571.122742261097
9.80343362152258,8.588204319467692,0.7534211584970629,51.026351757729465,-6571.122742261097
9.80343362152258,8.588204319467692,0.7534211584970629,51.026351757729465,-6571.122742261097
9.80343362152258,8.588204319467692,0.7534211584970629,51.026351757729465,-6571.122742261097
10.191414407324288,9.630429116843711,0.7284390591872035,50.1710009154237,-6570.703715355799
10.191414407324288,9.630429116843711,0.7284390591872035,50.1710009154237,-6570.703715355799
10.191414407324288,9.630429116843711,0.7284390591872035,50.1710009154237,-6570.703715355799
10.191414407324288,9.630429116843711,0.7284390591872035,50.1710009154237,-6570.703715355799
10.191414407324288,9.630429116843711,0.7284390591872035,50.1710009154237,-6570.703715355799
10.191414407324288,9.630429116843711,0.7284390591872035,50.1710009154237,-6570.703715355799
10.187552443154372,9.299162505534193,0.7688729599927789,50.20049985348281,-6570.592082452062
10.187552443154372,9.299162505534193,0.7688729599927789,50.20049985348281,-6570.592082452062
9.951710725048047,9.81261537246677,0.8302960621782461,49.91070189282209,-6571.528618002896
10.189402002888668,6.863008582911005,0.7572626642679362,50.27701938944529,-6571.730012258143
10.189402002888668,6.863008582911005,0.7572626642679362,50.27701938944529,-6571.730012258143
10.189402002888668,6.863008582911005,0.7572626642679362,50.27701938944529,-6571.730012258143
10.189402002888668,6.863008582911005,0.7572626642679362,50.27701938944529,-6571.730012258143
10.189402002888668,6.863008582911005,0.7572626642679362,50.27701938944529,-6571.730012258143
10.678673456788003,8.764099141922285,0.7319244725567083,50.00260819578459,-6571.0360472755565
10.678673456788003,8.764099141922285,0.7319244725567083,50.00260819578459,-6571.0360472755565
10.678673456788003,8.764099141922285,0.7319244725567083,50.00260819578459,-6571.0360472755565
9.851910590346595,8.52912011308967,0.716618770863295,50.01130778909877,-6570.8468301596695
9.851910590346595,8.52912011308967,0.716618770863295,50.01130778909877,-6570.8468301596695
9.851910590346595,8.52912011308967,0.716618770863295,50.01130778909877,-6570.8468301596695
9.851910590346595,8.52912011308967,0.716618770863295,50.01130778909877,-6570.8468301596695
9.851910590346595,8.52912011308967,0.716618770863295,50.01130778909877,-6570.8468301596695
9.851910590346595,8.52912011308967,0.716618770863295,50.01130778909877,-6570.8468301596695
9.851910590346595,8.52912011308967,0.716618770863295,50.01130778909877,-6570.8468301596695
9.851910590346595,8.52912011308967,0.716618770863295,50.01130778909877,-6570.8468301596695
9.851910590346595,8.52912011308967,0.716618770863295,50.01130778909877,-6570.8468301596695
9.851910590346595,8.52912011308967,0.716618770863295,50.01130778909877,-6570.8468301596695
9.851910590346595,8.52912011308967,0.716618770863295,50.01130778909877,-6570.8468301596695
9.851910590346595,8.52912011308967,0.716618770863295,50.01130778909877,-6570.8468301596695
9.851910590346595,8.52912011308967,0.716618770863295,50.01130778909877,-6570.8468301596695
9.851910590346595,8.52912011308967,0.716618770863295,50.01130778909877,-6570.8468301596695
10.310889505144944,6.732803860135007,0.8362896506719916,49.910451103090224,-6571.2737196986045
10.310889505144944,6.732803860135007,0.8362896506719916,49.910451103090224,-6571.2737196986045
10.310889505144944,6.732803860135007,0.8362896506719916,49.910451103090224,-6571.2737196986045
10.310889505144944,6.732803860135007,0.8362896506719916,49.910451103090224,-6571.2737196986045
10.310889505144944,6.732803860135007,0.8362896506719916,49.910451103090224,-6571.2737196986045
10.310889505144944,6.732803860135007,0.8362896506719916,49.910451103090224,-6571.2737196986045
10.310889505144944,6.732803860135007,0.8362896506719916,49.910451103090224,-6571.2737196986045
10.310889505144944,6.732803860135007,0.8362896506719916,49.910451103090224,-6571.2737196986045
10.310889505144944,6.732803860135007,0.8362896506719916,49.910451103090224,-6571.2737196986045
10.310889505144944,6.732803860135007,0.8362896506719916,49.910451103090224,-6571.2737196986045
10.310889505144944,6.732803860135007,0.8362896506719916,49.910451103090224,-6571.2737196986045
10.310889505144944,6.732803860135007,0.8362896506719916,49.910451103090224,-6571.2737196986045
10.310889505144944,6.732803860135007,0.8362896506719916,49.910451103090224,-6571.2737196986045
10.428729523728327,6.517799278488517,0.8833979394055808,49.99035729496292,-6571.158948885755
10.428729523728327,6.517799278488517,0.8833979394055808,49.99035729496292,-6571.158948885755
10.428729523728327,6.517799278488517,0.8833979394055808,49.99035729496292,-6571.158948885755
10.428729523728327,6.517799278488517,0.8833979394055808,49.99035729496292,-6571.158948885755
10.428729523728327,6.517799278488517,0.8833979394055808,49.99035729496292,-6571.158948885755
10.428729523728327,6.517799278488517,0.8833979394055808,49.99035729496292,-6571.158948885755
10.428729523728327,6.517799278488517,0.8833979394055808,49.99035729496292,-6571.158948885755
10.428729523728327,6.517799278488517,0.8833979394055808,49.99035729496292,-6571.158948885755
10.428729523728327,6.517799278488517,0.8833979394055808,49.99035729496292,-6571.158948885755
10.428729523728327,6.517799278488517,0.8833979394055808,49.99035729496292,-6571.158948885755
10.428729523728327,6.517799278488517,0.8833979394055808,49.99035729496292,-6571.158948885755
10.428729523728327,6.517799278488517,0.8833979394055808,49.99035729496292,-6571.158948885755
10.428729523728327,6.517799278488517,0.8833979394055808,49.99035729496292,-6571.158948885755
10.428729523728327,6.517799278488517,0.8833979394055808,49.99035729496292,-6571.158948885755
10.428729523728327,6.517799278488517,0.8833979394055808,49.99035729496292,-6571.158948885755
10.428729523728327,6.517799278488517,0.8833979394055808,49.99035729496292,-6571.158948885755
10.428729523728327,6.517799278488517,0.8833979394055808,49.99035729496292,-6571.158948885755
10.428729523728327,6.517799278488517,0.8833979394055808,49.99035729496292,-6571.158948885755
11.370832869275326,5.955066098523947,0.9337322826312928,50.34953578402575,-6572.107992170484
11.370832869275326,5.955066098523947,0.9337322826312928,50.34953578402575,-6572.107992170484
11.370832869275326,5.955066098523947,0.9337322826312928,50.34953578402575,-6572.107992170484
11.370832869275326,5.955066098523947,0.9337322826312928,50.34953578402575,-6572.107992170484
10.908061846250371,7.463255399924231,0.9455728516280035,50.05422669955924,-6572.517984493523
10.872997453513968,5.326509366193818,1.0347232896877068,50.7206095887527,-6572.663983782488
10.641785742763876,5.183056676853185,0.8827645584222883,50.037276488452775,-6572.8780658765445
11.017427670455648,6.140331094162018,0.9569352417484903,49.51245947608839,-6572.797695070683
11.017427670455648,6.140331094162018,0.9569352417484903,49.51245947608839,-6572.797695070683
11.017427670455648,6.140331094162018,0.9569352417484903,49.51245947608839,-6572.797695070683
11.676710661757419,4.636145950986709,0.9500730065829676,48.949469290055795,-6575.860527314658
11.676710661757419,4.636145950986709,0.9500730065829676,48.949469290055795,-6575.860527314658
11.676710661757419,4.636145950986709,0.9500730065829676,48.949469290055795,-6575.860527314658
11.676710661757419,4.636145950986709,0.9500730065829676,48.949469290055795,-6575.860527314658
11.676710661757419,4.636145950986709,0.9500730065829676,48.949469290055795,-6575.860527314658
11.676710661757419,4.636145950986709,0.9500730065829676,48.949469290055795,-6575.860527314658
11.676710661757419,4.636145950986709,0.9500730065829676,48.949469290055795,-6575.860527314658
11.676710661757419,4.636145950986709,0.9500730065829676,48.949469290055795,-6575.860527314658
12.074305025109753,3.181870803968322,1.0034197550543673,49.49186518368952,-6575.897771587184
10.6587000023328,3.813923014653737,1.0788388925616212,49.8771718719585,-6576.009304194784
10.6587000023328,3.813923014653737,1.0788388925616212,49.8771718719585,-6576.009304194784
10.6587000023328,3.813923014653737,1.0788388925616212,49.8771718719585,-6576.009304194784
10.6587000023328,3.813923014653737,1.0788388925616212,49.8771718719585,-6576.009304194784
10.6587000023328,3.813923014653737,1.0788388925616212,49.8771718719585,-6576.009304194784
10.6587000023328,3.813923014653737,1.0788388925616212,49.8771718719585,-6576.009304194784
9.951443731176118,6.103751289348643,1.0236007870480222,50.922799921277075,-6573.277170051751
9.792701741804075,7.1053149746791755,1.0427978469663501,51.17831216637146,-6573.311338189536
10.740650144112408,7.637591147078265,0.9474188963053066,50.49254953401024,-6572.133373630879
10.740650144112408,7.637591147078265,0.9474188963053066,50.49254953401024,-6572.133373630879
10.740650144112408,7.637591147078265,0.9474188963053066,50.49254953401024,-6572.133373630879
10.740650144112408,7.637591147078265,0.9474188963053066,50.49254953401024,-6572.133373630879
10.371584105200537,8.460256587133463,0.7776421989277738,50.2365816045244,-6570.296171402682
10.371584105200537,8.460256587133463,0.7776421989277738,50.2365816045244,-6570.296171402682
10.371584105200537,8.460256587133463,0.7776421989277738,50.2365816045244,-6570.296171402682
10.371584105200537,8.460256587133463,0.7776421989277738,50.2365816045244,-6570.296171402682
10.371584105200537,8.460256587133463,0.7776421989277738,50.2365816045244,-6570.296171402682
10.371584105200537,8.460256587133463,0.7776421989277738,50.2365816045244,-6570.296171402682
10.371584105200537,8.460256587133463,0.7776421989277738,50.2365816045244,-6570.296171402682
10.371584105200537,8.460256587133463,0.7776421989277738,50.2365816045244,-6570.296171402682
10.371584105200537,8.460256587133463,0.7776421989277738,50.2365816045244,-6570.296171402682
10.371584105200537,8.460256587133463,0.7776421989277738,50.2365816045244,-6570.296171402682
10.371584105200537,8.460256587133463,0.7776421989277738,50.2365816045244,-6570.296171402682
10.371584105200537,8.460256587133463,0.7776421989277738,50.2365816045244,-6570.296171402682
10.371584105200537,8.460256587133463,0.7776421989277738,50.2365816045244,-6570.296171402682
10.371584105200537,8.460256587133463,0.7776421989277738,50.2365816045244,-6570.296171402682
10.371584105200537,8.460256587133463,0.7776421989277738,50.2365816045244,-6570.296171402682
10.371584105200537,8.460256587133463,0.7776421989277738,50.2365816045244,-6570.296171402682
10.371584105200537,8.460256587133463,0.7776421989277738,50.2365816045244,-6570.296171402682
10.371584105200537,8.460256587133463,0.7776421989277738,50.2365816045244,-6570.296171402682
10.371584105200537,8.460256587133463,0.7776421989277738,50.2365816045244,-6570.296171402682
10.371584105200537,8.460256587133463,0.7776421989277738,50.2365816045244,-6570.296171402682
10.00852618207708,8.408339042503002,0.7298518028294676,50.01271183966361,-6570.5665688445315
10.77787213402295,9.168015645238981,0.7106893312256217,50.42767847368416,-6571.37870132604
10.77787213402295,9.168015645238981,0.7106893312256217,50.42767847368416,-6571.37870132604
10.77787213402295,9.168015645238981,0.7106893312256217,50.42767847368416,-6571.37870132604
10.77787213402295,9.168015645238981,0.7106893312256217,50.42767847368416,-6571.37870132604
10.77787213402295,9.168015645238981,0.7106893312256217,50.42767847368416,-6571.37870132604
10.77787213402295,9.168015645238981,0.7106893312256217,50.42767847368416,-6571.37870132604
10.548238506592135,6.7574759580115185,0.742576039366014,50.302359129025184,-6571.134910101924
10.548238506592135,6.7574759580115185,0.742576039366014,50.302359129025184,-6571.134910101924
10.548238506592135,6.7574759580115185,0.742576039366014,50.302359129025184,-6571.134910101924
10.548238506592135,6.7574759580115185,0.742576039366014,50.302359129025184,-6571.134910101924
10.548238506592135,6.7574759580115185,0.742576039366014,50.302359129025184,-6571.134910101924
10.548238506592135,6.7574759580115185,0.742576039366014,50.302359129025184,-6571.134910101924
10.548238506592135,6.7574759580115185,0.742576039366014,50.302359129025184,-6571.134910101924
10.548238506592135,6.7574759580115185,0.742576039366014,50.302359129025184,-6571.134910101924
10.548238506592135,6.7574759580115185,0.742576039366014,50.302359129025184,-6571.134910101924
11.177139491294225,8.80417839619211,0.5829099267907023,50.25159035096955,-6571.999375713698
11.177139491294225,8.80417839619211,0.5829099267907023,50.25159035096955,-6571.999375713698
11.177139491294225,8.80417839619211,0.5829099267907023,50.25159035096955,-6571.999375713698
11.177139491294225,8.80417839619211,0.5829099267907023,50.25159035096955,-6571.999375713698
11.177139491294225,8.80417839619211,0.5829099267907023,50.25159035096955,-6571.999375713698
11.177139491294225,8.80417839619211,0.5829099267907023,50.25159035096955,-6571.999375713698
11.167805930146079,10.919353204990571,0.5542198659686803,50.09435541747376,-6575.274807168533
10.792025449842763,11.289687904828686,0.4655154263856432,50.53729832790568,-6574.319503464871
10.77760896020214,10.700718494851998,0.5522114539065649,50.69516048387123,-6573.058489700727
10.77760896020214,10.700718494851998,0.5522114539065649,50.69516048387123,-6573.058489700727
10.77760896020214,10.700718494851998,0.5522114539065649,50.69516048387123,-6573.058489700727
10.77760896020214,10.700718494851998,0.5522114539065649,50.69516048387123,-6573.058489700727
10.77760896020214,10.700718494851998,0.5522114539065649,50.69516048387123,-6573.058489700727
10.77472690259967,8.821603820118112,0.7371247218029495,50.31846340844045,-6571.138852058985
9.929177291688061,8.266634269082827,0.7857114527361877,50.33377212157042,-6570.2983476821655
9.929177291688061,8.266634269082827,0.7857114527361877,50.33377212157042,-6570.2983476821655
9.468201471058181,9.45218534637517,0.9003658952567994,51.139391554158884,-6572.151970860386
9.468201471058181,9.45218534637517,0.9003658952567994,51.139391554158884,-6572.151970860386
9.646189880172102,9.529639109415145,0.7233374443145778,50.7567751138468,-6570.63245945026
9.646189880172102,9.529639109415145,0.7233374443145778,50.7567751138468,-6570.63245945026
9.646189880172102,9.529639109415145,0.7233374443145778,50.7567751138468,-6570.63245945026
9.646189880172102,9.529639109415145,0.7233374443145778,50.7567751138468,-6570.63245945026
9.646189880172102,9.529639109415145,0.7233374443145778,50.7567751138468,-6570.63245945026
9.646189880172102,9.529639109415145,0.7233374443145778,50.7567751138468,-6570.63245945026
9.646189880172102,9.529639109415145,0.7233374443145778,50.7567751138468,-6570.63245945026
9.646189880172102,9.529639109415145,0.7233374443145778,50.7567751138468,-6570.63245945026
9.646189880172102,9.529639109415145,0.7233374443145778,50.7567751138468,-6570.63245945026
9.646189880172102,9.529639109415145,0.7233374443145778,50.7567751138468,-6570.63245945026
9.646189880172102,9.529639109415145,0.7233374443145778,50.7567751138468,-6570.63245945026
9.646189880172102,9.529639109415145,0.7233374443145778,50.7567751138468,-6570.63245945026
9.646189880172102,9.529639109415145,0.7233374443145778,50.7567751138468,-6570.63245945026
9.646189880172102,9.529639109415145,0.7233374443145778,50.7567751138468,-6570.63245945026
9.646189880172102,9.529639109415145,0.7233374443145778,50.7567751138468,-6570.63245945026
9.646189880172102,9.529639109415145,0.7233374443145778,50.7567751138468,-6570.63245945026
9.646189880172102,9.529639109415145,0.7233374443145778,50.7567751138468,-6570.63245945026
9.646189880172102,9.529639109415145,0.7233374443145778,50.7567751138468,-6570.63245945026
9.646189880172102,9.529639109415145,0.7233374443145778,50.7567751138468,-6570.63245945026
9.646189880172102,9.529639109415145,0.7233374443145778,50.7567751138468,-6570.63245945026
9.646189880172102,9.529639109415145,0.7233374443145778,50.7567751138468,-6570.63245945026
9.584078268497233,13.014238052929462,0.5024501108875604,50.12284670067631,-6573.999992647185
9.584078268497233,13.014238052929462,0.5024501108875604,50.12284670067631,-6573.999992647185
9.584078268497233,13.014238052929462,0.5024501108875604,50.12284670067631,-6573.999992647185
9.734458114564474,11.060611855211588,0.6060481396253307,49.82860967040558,-6571.848470390366
9.734458114564474,11.060611855211588,0.6060481396253307,49.82860967040558,-6571.848470390366
8.754918359214466,10.966324374970055,0.8983977086737878,50.08908186417023,-6572.264363951397
8.754918359214466,10.966324374970055,0.8983977086737878,50.08908186417023,-6572.264363951397
8.754918359214466,10.966324374970055,0.8983977086737878,50.08908186417023,-6572.264363951397
8.754918359214466,10.966324374970055,0.8983977086737878,50.08908186417023,-6572.264363951397
8.754918359214466,10.966324374970055,0.8983977086737878,50.08908186417023,-6572.264363951397
8.846786823043692,9.751552467193328,0.8137107926489898,51.03150598043025,-6572.6364028628295
9.966975257460012,9.887523261816021,0.8898968949330271,51.12304429353681,-6573.157348219924
10.472077336997515,6.22651662705737,0.9416006045627483,51.36550720129109,-6572.875099320209
10.472077336997515,6.22651662705737,0.9416006045627483,51.36550720129109,-6572.875099320209
10.472077336997515,6.22651662705737,0.9416006045627483,51.36550720129109,-6572.875099320209
10.472077336997515,6.22651662705737,0.9416006045627483,51.36550720129109,-6572.875099320209
10.472077336997515,6.22651662705737,0.9416006045627483,51.36550720129109,-6572.875099320209
10.472077336997515,6.22651662705737,0.9416006045627483,51.36550720129109,-6572.875099320209
10.472077336997515,6.22651662705737,0.9416006045627483,51.36550720129109,-6572.875099320209
10.472077336997515,6.22651662705737,0.9416006045627483,51.36550720129109,-6572.875099320209
10.472077336997515,6.22651662705737,0.9416006045627483,51.36550720129109,-6572.875099320209
10.472077336997515,6.22651662705737,0.9416006045627483,51.36550720129109,-6572.875099320209
10.889370350115,7.354577090753154,0.7699223990430475,51.56827122102944,-6572.462020550076
10.889370350115,7.354577090753154,0.7699223990430475,51.56827122102944,-6572.462020550076
10.685056337102301,6.008870540100374,0.7814310888330368,50.67228516009645,-6571.785909665973
10.812552793655218,6.019693558371859,0.8832900792799818,51.13800429721787,-6571.94815953433
10.812552793655218,6.019693558371859,0.8832900792799818,51.13800429721787,-6571.94815953433
10.778240698329894,5.874051495372007,0.9527254185187197,50.82795565561028,-6571.811367626435
10.778240698329894,5.874051495372007,0.9527254185187197,50.82795565561028,-6571.811367626435
10.778240698329894,5.874051495372007,0.9527254185187197,50.82795565561028,-6571.811367626435
10.95131096620716,5.984825977448515,0.9133007351072855,50.64229680155761,-6571.353384691357
10.95131096620716,5.984825977448515,0.9133007351072855,50.64229680155761,-6571.353384691357
10.95131096620716,5.984825977448515,0.9133007351072855,50.64229680155761,-6571.353384691357
10.95131096620716,5.984825977448515,0.9133007351072855,50.64229680155761,-6571.353384691357
10.70490217579896,5.798235696709106,1.0183559919494964,50.06307275816366,-6572.1842996007745
10.558745619078246,5.729726398900402,0.8248404037325752,50.02287487295533,-6572.383184821583
10.558745619078246,5.729726398900402,0.8248404037325752,50.02287487295533,-6572.383184821583
10.558745619078246,5.729726398900402,0.8248404037325752,50.02287487295533,-6572.383184821583
10.558745619078246,5.729726398900402,0.8248404037325752,50.02287487295533,-6572.383184821583
10.558745619078246,5.729726398900402,0.8248404037325752,50.02287487295533,-6572.383184821583
10.558745619078246,5.729726398900402,0.8248404037325752,50.02287487295533,-6572.383184821583
10.558745619078246,5.729726398900402,0.8248404037325752,50.02287487295533,-6572.383184821583
9.641435183438388,8.299277295225426,0.903158547327674,50.2674089777118,-6570.8138492974995
9.36663368705407,8.801734873621918,0.9799019397591016,49.706190552609335,-6572.156122701756
9.36663368705407,8.801734873621918,0.9799019397591016,49.706190552609335,-6572.156122701756
9.36663368705407,8.801734873621918,0.9799019397591016,49.706190552609335,-6572.156122701756
9.36663368705407,8.801734873621918,0.9799019397591016,49.706190552609335,-6572.156122701756
9.36663368705407,8.801734873621918,0.9799019397591016,49.706190552609335,-6572.156122701756
9.36663368705407,8.801734873621918,0.9799019397591016,49.706190552609335,-6572.156122701756
9.36663368705407,8.801734873621918,0.9799019397591016,49.706190552609335,-6572.156122701756
9.36663368705407,8.801734873621918,0.9799019397591016,49.706190552609335,-6572.156122701756
9.36663368705407,8.801734873621918,0.9799019397591016,49.706190552609335,-6572.156122701756
9.36663368705407,8.801734873621918,0.9799019397591016,49.706190552609335,-6572.156122701756
9.798465651875002,8.324370748631083,0.6921591604104168,49.87771060443469,-6571.7567566097605
9.798465651875002,8.324370748631083,0.6921591604104168,49.87771060443469,-6571.7567566097605
9.719597982467052,10.234262758908953,0.6877360779319098,50.55924625014567,-6570.610043594851
10.086185659002776,7.363588157947262,0.756553642901667,50.39216399039367,-6571.123112786368
10.086185659002776,7.363588157947262,0.756553642901667,50.39216399039367,-6571.123112786368
10.086185659002776,7.363588157947262,0.756553642901667,50.39216399039367,-6571.123112786368
10.086185659002776,7.363588157947262,0.756553642901667,50.39216399039367,-6571.123112786368
10.332132485419189,6.7932419558294255,1.0066749784845077,50.35902380385053,-6571.629484820354
10.332132485419189,6.7932419558294255,1.0066749784845077,50.35902380385053,-6571.629484820354
10.600745025388834,7.500008945614338,0.9032126757282692,50.466949174157236,-6571.045967792084
10.600745025388834,7.500008945614338,0.9032126757282692,50.466949174157236,-6571.045967792084
10.600745025388834,7.500008945614338,0.9032126757282692,50.466949174157236,-6571.045967792084
10.600745025388834,7.500008945614338,0.9032126757282692,50.466949174157236,-6571.045967792084
10.457054607781977,7.1727440056976075,0.9002550434400909,50.22522154682243,-6570.740425484806
10.457054607781977,7.1727440056976075,0.9002550434400909,50.22522154682243,-6570.740425484806
10.457054607781977,7.1727440056976075,0.9002550434400909,50.22522154682243,-6570.740425484806
9.510454956577538,8.650143355515429,0.8008126572455805,50.32377051341786,-6570.745879547797
9.510454956577538,8.650143355515429,0.8008126572455805,50.32377051341786,-6570.745879547797
9.510454956577538,8.650143355515429,0.8008126572455805,50.32377051341786,-6570.745879547797
9.510454956577538,8.650143355515429,0.8008126572455805,50.32377051341786,-6570.745879547797
9.510454956577538,8.650143355515429,0.8008126572455805,50.32377051341786,-6570.745879547797
9.510454956577538,8.650143355515429,0.8008126572455805,50.32377051341786,-6570.745879547797
9.510454956577538,8.650143355515429,0.8008126572455805,50.32377051341786,-6570.745879547797
9.510454956577538,8.650143355515429,0.8008126572455805,50.32377051341786,-6570.745879547797
9.76926669158199,8.097527554417818,0.81757479852933,50.22113724384476,-6570.615853276924
9.76926669158199,8.097527554417818,0.81757479852933,50.22113724384476,-6570.615853276924
9.76926669158199,8.097527554417818,0.81757479852933,50.22113724384476,-6570.615853276924
9.76926669158199,8.097527554417818,0.81757479852933,50.22113724384476,-6570.615853276924
9.76926669158199,8.097527554417818,0.81757479852933,50.22113724384476,-6570.615853276924
9.76926669158199,8.097527554417818,0.81757479852933,50.22113724384476,-6570.615853276924
9.76926669158199,8.097527554417818,0.81757479852933,50.22113724384476,-6570.615853276924
10.116447596741118,9.297508164414307,0.9352867169502,50.30546310656274,-6572.46924869232
10.116447596741118,9.297508164414307,0.9352867169502,50.30546310656274,-6572.46924869232
10.116447596741118,9.297508164414307,0.9352867169502,50.30546310656274,-6572.46924869232
10.116447596741118,9.297508164414307,0.9352867169502,50.30546310656274,-6572.46924869232
10.116447596741118,9.297508164414307,0.9352867169502,50.30546310656274,-6572.46924869232
10.116447596741118,9.297508164414307,0.9352867169502,50.30546310656274,-6572.46924869232
10.415159579960473,7.248143641640822,0.8766493331166917,49.77119842048618,-6571.07527888103
10.9375406235887,8.06080330353503,0.8273581361516926,50.02989769261643,-6571.754060703939
10.9375406235887,8.06080330353503,0.8273581361516926,50.02989769261643,-6571.754060703939
10.9375406235887,8.06080330353503,0.8273581361516926,50.02989769261643,-6571.754060703939
10.9375406235887,8.06080330353503,0.8273581361516926,50.02989769261643,-6571.754060703939
10.831037149760268,9.295429938372267,0.6891499477958843,50.4934922471649,-6571.570989457066
10.831037149760268,9.295429938372267,0.6891499477958843,50.4934922471649,-6571.570989457066
9.676271889166431,7.694550388277238,0.8109952224553053,50.536855354883464,-6571.429416759182
9.676271889166431,7.694550388277238,0.8109952224553053,50.536855354883464,-6571.429416759182
9.676271889166431,7.694550388277238,0.8109952224553053,50.536855354883464,-6571.429416759182
9.676271889166431,7.694550388277238,0.8109952224553053,50.536855354883464,-6571.429416759182
9.676271889166431,7.694550388277238,0.8109952224553053,50.536855354883464,-6571.429416759182
9.676271889166431,7.694550388277238,0.8109952224553053,50.536855354883464,-6571.429416759182
9.676271889166431,7.694550388277238,0.8109952224553053,50.536855354883464,-6571.429416759182
9.676271889166431,7.694550388277238,0.8109952224553053,50.536855354883464,-6571.429416759182
9.377515362428571,9.726200221587352,0.9267055438069437,50.720694427765594,-6571.813698668438
9.445451592583659,7.946104507899276,0.868206962894556,50.367681920553366,-6571.482992487671
10.0205018923847,8.253478664138788,0.9059683418075245,50.36242524794262,-6570.752773724287
10.665582961950985,7.629549190690287,0.7009483514128921,50.584541930735725,-6570.525699575456
11.353505499301209,9.049548527509284,0.5893268090410417,50.169952094827806,-6572.784568764642
11.353505499301209,9.049548527509284,0.5893268090410417,50.169952094827806,-6572.784568764642
11.353505499301209,9.049548527509284,0.5893268090410417,50.169952094827806,-6572.784568764642
11.353505499301209,9.049548527509284,0.5893268090410417,50.169952094827806,-6572.784568764642
10.316846541119196,8.9842988082543,0.5609388910875883,50.43995768090501,-6571.8144314620595
10.644275857236668,9.327251834249653,0.6243128883879795,50.097620331938366,-6571.234688389117
10.644275857236668,9.327251834249653,0.6243128883879795,50.097620331938366,-6571.234688389117
10.644275857236668,9.327251834249653,0.6243128883879795,50.097620331938366,-6571.234688389117
10.129733457441665,9.194730107961059,0.681511425530321,50.63087095422734,-6570.405991759031
10.129733457441665,9.194730107961059,0.681511425530321,50.63087095422734,-6570.405991759031
10.129733457441665,9.194730107961059,0.681511425530321,50.63087095422734,-6570.405991759031
10.129733457441665,9.194730107961059,0.681511425530321,50.63087095422734,-6570.405991759031
10.019053328990145,7.2597410551014185,0.8739475321879524,50.98272944958059,-6571.458356987936
10.019053328990145,7.2597410551014185,0.8739475321879524,50.98272944958059,-6571.458356987936
10.019053328990145,7.2597410551014185,0.8739475321879524,50.98272944958059,-6571.458356987936
11.03200099792054,6.688470700325806,0.851780294519982,50.0749690275005,-6571.081529893503
11.03200099792054,6.688470700325806,0.851780294519982,50.0749690275005,-6571.081529893503
10.959502176955416,7.055492103789575,0.8522665951458506,50.77549229788733,-6571.148660880606
10.959502176955416,7.055492103789575,0.8522665951458506,50.77549229788733,-6571.148660880606
10.900253494019559,5.807462567168447,0.846020559514221,50.812224786281185,-6571.494155000009
10.900253494019559,5.807462567168447,0.846020559514221,50.812224786281185,-6571.494155000009
10.900253494019559,5.807462567168447,0.846020559514221,50.812224786281185,-6571.494155000009
10.900253494019559,5.807462567168447,0.846020559514221,50.812224786281185,-6571.494155000009
10.900253494019559,5.807462567168447,0.846020559514221,50.812224786281185,-6571.494155000009
10.674127074317669,7.13973775235146,0.93252652040093,51.32686477839829,-6572.632708624344
10.674127074317669,7.13973775235146,0.93252652040093,51.32686477839829,-6572.632708624344
10.674127074317669,7.13973775235146,0.93252652040093,51.32686477839829,-6572.632708624344
11.469879487734918,7.763558686452496,0.9190129455144712,51.53961608685761,-6576.603134416322
11.469879487734918,7.763558686452496,0.9190129455144712,51.53961608685761,-6576.603134416322
10.62914676415942,6.142137244826821,1.0294910070433343,50.9435063105286,-6572.601678015
10.62914676415942,6.142137244826821,1.0294910070433343,50.9435063105286,-6572.601678015
10.62914676415942,6.142137244826821,1.0294910070433343,50.9435063105286,-6572.601678015
10.62914676415942,6.142137244826821,1.0294910070433343,50.9435063105286,-6572.601678015
10.62914676415942,6.142137244826821,1.0294910070433343,50.9435063105286,-6572.601678015
10.62914676415942,6.142137244826821,1.0294910070433343,50.9435063105286,-6572.601678015
10.445398822956129,7.2020116102147504,1.044186703589587,50.40584355383942,-6572.478403247491
10.445398822956129,7.2020116102147504,1.044186703589587,50.40584355383942,-6572.478403247491
10.445398822956129,7.2020116102147504,1.044186703589587,50.40584355383942,-6572.478403247491
10.445398822956129,7.2020116102147504,1.044186703589587,50.40584355383942,-6572.478403247491
10.445398822956129,7.2020116102147504,1.044186703589587,50.40584355383942,-6572.478403247491
10.445398822956129,7.2020116102147504,1.044186703589587,50.40584355383942,-6572.478403247491
10.445398822956129,7.2020116102147504,1.044186703589587,50.40584355383942,-6572.478403247491
11.186490271087905,5.487092894852291,0.988647335449731,50.24441428166277,-6572.259267416729
11.186490271087905,5.487092894852291,0.988647335449731,50.24441428166277,-6572.259267416729
11.186490271087905,5.487092894852291,0.988647335449731,50.24441428166277,-6572.259267416729
11.186490271087905,5.487092894852291,0.988647335449731,50.24441428166277,-6572.259267416729
11.186490271087905,5.487092894852291,0.988647335449731,50.24441428166277,-6572.259267416729
10.130559487671569,7.150898873315835,0.931099329961438,51.043152281766126,-6571.704115795997
10.673155572589675,6.9551187186257115,0.8745350070488597,49.41970957341806,-6572.0531236600855
10.673155572589675,6.9551187186257115,0.8745350070488597,49.41970957341806,-6572.0531236600855
10.521541499311924,5.34127903885854,0.8234042792874526,49.80765285501895,-6573.908037566622
10.521541499311924,5.34127903885854,0.8234042792874526,49.80765285501895,-6573.908037566622
11.270316094301567,5.623619571408346,0.842716818689159,49.254816279843475,-6573.392712799819
11.056200633955456,7.683037453607707,0.7552811972061813,49.67910755282285,-6571.693737181456
11.056200633955456,7.683037453607707,0.7552811972061813,49.67910755282285,-6571.693737181456
11.056200633955456,7.683037453607707,0.7552811972061813,49.67910755282285,-6571.693737181456
11.056200633955456,7.683037453607707,0.7552811972061813,49.67910755282285,-6571.693737181456
11.056200633955456,7.683037453607707,0.7552811972061813,49.67910755282285,-6571.693737181456
10.532224327710079,6.757396585445059,0.8297818213507139,50.12988088745029,-6570.730169622466
10.532224327710079,6.757396585445059,0.8297818213507139,50.12988088745029,-6570.730169622466
10.322955172491225,7.6435439671116665,0.7747807958368158,50.399053109530044,-6570.284506117805
10.322955172491225,7.6435439671116665,0.7747807958368158,50.399053109530044,-6570.284506117805
10.322955172491225,7.6435439671116665,0.7747807958368158,50.399053109530044,-6570.284506117805
10.322955172491225,7.6435439671116665,0.7747807958368158,50.399053109530044,-6570.284506117805
10.322955172491225,7.6435439671116665,0.7747807958368158,50.399053109530044,-6570.284506117805
10.322955172491225,7.6435439671116665,0.7747807958368158,50.399053109530044,-6570.284506117805
10.322955172491225,7.6435439671116665,0.7747807958368158,50.399053109530044,-6570.284506117805
10.322955172491225,7.6435439671116665,0.7747807958368158,50.399053109530044,-6570.284506117805
10.322955172491225,7.6435439671116665,0.7747807958368158,50.399053109530044,-6570.284506117805
10.322955172491225,7.6435439671116665,0.7747807958368158,50.399053109530044,-6570.284506117805
10.046526471108448,8.517029948096457,0.8333124116251258,50.367903590785154,-6570.311571743205
10.046526471108448,8.517029948096457,0.8333124116251258,50.367903590785154,-6570.311571743205
10.04806467574593,8.490475794518195,0.7417097556249335,49.78810383878299,-6570.7529361535035
10.04806467574593,8.490475794518195,0.7417097556249335,49.78810383878299,-6570.7529361535035
10.04806467574593,8.490475794518195,0.7417097556249335,49.78810383878299,-6570.7529361535035
10.04806467574593,8.490475794518195,0.7417097556249335,49.78810383878299,-6570.7529361535035
10.04806467574593,8.490475794518195,0.7417097556249335,49.78810383878299,-6570.7529361535035
10.04806467574593,8.490475794518195,0.7417097556249335,49.78810383878299,-6570.7529361535035
10.04806467574593,8.490475794518195,0.7417097556249335,49.78810383878299,-6570.7529361535035
10.04806467574593,8.490475794518195,0.7417097556249335,49.78810383878299,-6570.7529361535035
10.04806467574593,8.490475794518195,0.7417097556249335,49.78810383878299,-6570.7529361535035
10.04806467574593,8.490475794518195,0.7417097556249335,49.78810383878299,-6570.7529361535035
10.04806467574593,8.490475794518195,0.7417097556249335,49.78810383878299,-6570.7529361535035
10.04806467574593,8.490475794518195,0.7417097556249335,49.78810383878299,-6570.7529361535035
10.04806467574593,8.490475794518195,0.7417097556249335,49.78810383878299,-6570.7529361535035
10.04806467574593,8.490475794518195,0.7417097556249335,49.78810383878299,-6570.7529361535035
10.04806467574593,8.490475794518195,0.7417097556249335,49.78810383878299,-6570.7529361535035
9.817521567642412,7.83591007294464,0.7096273748326902,50.32850470593513,-6571.850758605151
9.92941827683588,8.88930942563596,0.7813777322808441,49.5260293887765,-6571.245369109098
9.92941827683588,8.88930942563596,0.7813777322808441,49.5260293887765,-6571.245369109098
9.92941827683588,8.88930942563596,0.7813777322808441,49.5260293887765,-6571.245369109098
9.92941827683588,8.88930942563596,0.7813777322808441,49.5260293887765,-6571.245369109098
9.92941827683588,8.88930942563596,0.7813777322808441,49.5260293887765,-6571.245369109098
9.92941827683588,8.88930942563596,0.7813777322808441,49.5260293887765,-6571.245369109098
10.224917842375158,7.869979999025449,0.9954365012156707,50.516728335354905,-6571.916744248604
10.224917842375158,7.869979999025449,0.9954365012156707,50.516728335354905,-6571.916744248604
10.224917842375158,7.869979999025449,0.9954365012156707,50.516728335354905,-6571.916744248604
10.224917842375158,7.869979999025449,0.9954365012156707,50.516728335354905,-6571.916744248604
10.224917842375158,7.869979999025449,0.9954365012156707,50.516728335354905,-6571.916744248604
10.283427302249455,8.669298684715368,0.8902356420912435,51.04281138799061,-6572.01324238778
10.283427302249455,8.669298684715368,0.8902356420912435,51.04281138799061,-6572.01324238778
10.283427302249455,8.669298684715368,0.8902356420912435,51.04281138799061,-6572.01324238778
10.283427302249455,8.669298684715368,0.8902356420912435,51.04281138799061,-6572.01324238778
10.283427302249455,8.669298684715368,0.8902356420912435,51.04281138799061,-6572.01324238778
10.283427302249455,8.669298684715368,0.8902356420912435,51.04281138799061,-6572.01324238778
9.847162224409923,10.531072361521575,0.9331434984755934,51.377032041525126,-6575.4974610950685
9.847162224409923,10.531072361521575,0.9331434984755934,51.377032041525126,-6575.4974610950685
9.847162224409923,10.531072361521575,0.9331434984755934,51.377032041525126,-6575.4974610950685
8.334950373573111,11.003003148055548,0.9959166229105857,50.917081775221305,-6574.50961633455
9.18851700841979,7.998474346987587,1.1806550158466058,50.47733247744582,-6574.403873128691
9.850023448244135,6.852945632040281,1.152993158559713,50.275870463473304,-6573.489997336828
10.19849772524813,6.664676238653059,0.8284188530807748,50.09689258083936,-6571.453591013864
10.19849772524813,6.664676238653059,0.8284188530807748,50.09689258083936,-6571.453591013864
10.19849772524813,6.664676238653059,0.8284188530807748,50.09689258083936,-6571.453591013864
10.19849772524813,6.664676238653059,0.8284188530807748,50.09689258083936,-6571.453591013864
10.19849772524813,6.664676238653059,0.8284188530807748,50.09689258083936,-6571.453591013864
11.004662964983599,7.1660517468958105,0.7657969657450017,49.658851077943886,-6571.47772102487
11.004662964983599,7.1660517468958105,0.7657969657450017,49.658851077943886,-6571.47772102487
11.004662964983599,7.1660517468958105,0.7657969657450017,49.658851077943886,-6571.47772102487
11.004662964983599,7.1660517468958105,0.7657969657450017,49.658851077943886,-6571.47772102487
11.526795033755135,6.0172755108892595,0.6635975391099836,49.67051503063655,-6573.0991327806205
11.526795033755135,6.0172755108892595,0.6635975391099836,49.67051503063655,-6573.0991327806205
12.11400558834152,5.388939234668003,0.7048639812282055,50.179297542604985,-6572.73807502382
12.11400558834152,5.388939234668003,0.7048639812282055,50.179297542604985,-6572.73807502382
12.11400558834152,5.388939234668003,0.7048639812282055,50.179297542604985,-6572.73807502382
11.816442496160638,4.44791386954989,0.9234631194625424,50.62902355944266,-6572.848944561098
11.816442496160638,4.44791386954989,0.9234631194625424,50.62902355944266,-6572.848944561098
11.816442496160638,4.44791386954989,0.9234631194625424,50.62902355944266,-6572.848944561098
11.925390701493356,4.5471295648839645,0.823594072332028,50.14912362570554,-6572.718404893576
11.925390701493356,4.5471295648839645,0.823594072332028,50.14912362570554,-6572.718404893576
11.925390701493356,4.5471295648839645,0.823594072332028,50.14912362570554,-6572.718404893576
11.925390701493356,4.5471295648839645,0.823594072332028,50.14912362570554,-6572.718404893576
11.765622821814269,3.39704453225324,0.9739552853132067,51.1131634326613,-6574.799711021353
11.2944438156186,4.529608642948267,1.0399965158190279,51.26627295675921,-6574.303157716079
10.326031267188464,5.191381728037718,0.9476886432712819,50.88599591917325,-6573.818629781082
10.326031267188464,5.191381728037718,0.9476886432712819,50.88599591917325,-6573.818629781082
10.528722362828073,6.335488479068764,0.9013162814220919,50.573811913265104,-6571.100168074494
10.528722362828073,6.335488479068764,0.9013162814220919,50.573811913265104,-6571.100168074494
10.528722362828073,6.335488479068764,0.9013162814220919,50.573811913265104,-6571.100168074494
10.528722362828073,6.335488479068764,0.9013162814220919,50.573811913265104,-6571.100168074494
10.42631224753098,6.09647388573023,0.8028353558394868,51.666849218383504,-6574.631424814008
10.42631224753098,6.09647388573023,0.8028353558394868,51.666849218383504,-6574.631424814008
10.42631224753098,6.09647388573023,0.8028353558394868,51.666849218383504,-6574.631424814008
10.42631224753098,6.09647388573023,0.8028353558394868,51.666849218383504,-6574.631424814008
10.42631224753098,6.09647388573023,0.8028353558394868,51.666849218383504,-6574.631424814008
10.42631224753098,6.09647388573023,0.8028353558394868,51.666849218383504,-6574.631424814008
10.42631224753098,6.09647388573023,0.8028353558394868,51.666849218383504,-6574.631424814008
10.42631224753098,6.09647388573023,0.8028353558394868,51.666849218383504,-6574.631424814008
10.42631224753098,6.09647388573023,0.8028353558394868,51.666849218383504,-6574.631424814008
11.168956680408906,7.030930410093734,0.8279656272366751,51.91075831462981,-6574.388592124491
12.180737403430864,5.4824439338303925,0.699706446024108,51.54741954691469,-6574.181490208546
12.180737403430864,5.4824439338303925,0.699706446024108,51.54741954691469,-6574.181490208546
12.140530323350182,4.904702913492222,0.5896577179476352,51.40603681163925,-6576.19543249946
11.763421750461669,4.340438401664441,0.8392306895554017,51.39097256447623,-6574.011543577482
11.763421750461669,4.340438401664441,0.8392306895554017,51.39097256447623,-6574.011543577482
10.159830784611968,7.143930414640803,0.7964086032652326,51.47209022370758,-6572.856788705323
10.159830784611968,7.143930414640803,0.7964086032652326,51.47209022370758,-6572.856788705323
10.159830784611968,7.143930414640803,0.7964086032652326,51.47209022370758,-6572.856788705323
10.159830784611968,7.143930414640803,0.7964086032652326,51.47209022370758,-6572.856788705323
11.210571734763656,7.280707271626116,0.8271278184049214,51.42047352849921,-6572.9217073553555
10.875584981815289,7.776194982240825,0.6133237579083762,50.92125757245039,-6571.603694586969
10.875584981815289,7.776194982240825,0.6133237579083762,50.92125757245039,-6571.603694586969
10.875584981815289,7.776194982240825,0.6133237579083762,50.92125757245039,-6571.603694586969
10.875584981815289,7.776194982240825,0.6133237579083762,50.92125757245039,-6571.603694586969
10.875584981815289,7.776194982240825,0.6133237579083762,50.92125757245039,-6571.603694586969
10.875584981815289,7.776194982240825,0.6133237579083762,50.92125757245039,-6571.603694586969
10.875584981815289,7.776194982240825,0.6133237579083762,50.92125757245039,-6571.603694586969
10.875584981815289,7.776194982240825,0.6133237579083762,50.92125757245039,-6571.603694586969
10.875584981815289,7.776194982240825,0.6133237579083762,50.92125757245039,-6571.603694586969
10.875584981815289,7.776194982240825,0.6133237579083762,50.92125757245039,-6571.603694586969
11.654211288632858,6.985341162529788,0.8580159270525907,50.75010873164423,-6573.3090110862
11.399724060219544,4.7612764259300455,0.793343979742766,50.89069565567601,-6572.89795321518
11.399724060219544,4.7612764259300455,0.793343979742766,50.89069565567601,-6572.89795321518
11.726148641403693,6.037924452063635,0.786666139040835,50.848625753555595,-6571.966458757368
11.726148641403693,6.037924452063635,0.786666139040835,50.848625753555595,-6571.966458757368
11.726148641403693,6.037924452063635,0.786666139040835,50.848625753555595,-6571.966458757368
11.726148641403693,6.037924452063635,0.786666139040835,50.848625753555595,-6571.966458757368
11.726148641403693,6.037924452063635,0.786666139040835,50.848625753555595,-6571.966458757368
11.726148641403693,6.037924452063635,0.786666139040835,50.848625753555595,-6571.966458757368
11.726148641403693,6.037924452063635,0.786666139040835,50.848625753555595,-6571.966458757368
11.726148641403693,6.037924452063635,0.786666139040835,50.848625753555595,-6571.966458757368
11.726148641403693,6.037924452063635,0.786666139040835,50.848625753555595,-6571.966458757368
11.257380825636961,7.784123402051373,0.6072560008260072,50.32228717717046,-6571.568988899438
10.401935989648086,7.020907742982027,0.7574095065550462,50.10472976305526,-6571.011703693126
10.401935989648086,7.020907742982027,0.7574095065550462,50.10472976305526,-6571.011703693126
10.401935989648086,7.020907742982027,0.7574095065550462,50.10472976305526,-6571.011703693126
10.401935989648086,7.020907742982027,0.7574095065550462,50.10472976305526,-6571.011703693126
10.401935989648086,7.020907742982027,0.7574095065550462,50.10472976305526,-6571.011703693126
10.401935989648086,7.020907742982027,0.7574095065550462,50.10472976305526,-6571.011703693126
10.401935989648086,7.020907742982027,0.7574095065550462,50.10472976305526,-6571.011703693126
10.401935989648086,7.020907742982027,0.7574095065550462,50.10472976305526,-6571.011703693126
10.33583429655818,6.854254404476918,0.7879653637695959,49.89001051010951,-6571.383950633153
10.33583429655818,6.854254404476918,0.7879653637695959,49.89001051010951,-6571.383950633153
10.33583429655818,6.854254404476918,0.7879653637695959,49.89001051010951,-6571.383950633153
10.33583429655818,6.854254404476918,0.7879653637695959,49.89001051010951,-6571.383950633153
10.33583429655818,6.854254404476918,0.7879653637695959,49.89001051010951,-6571.383950633153
10.33583429655818,6.854254404476918,0.7879653637695959,49.89001051010951,-6571.383950633153
10.33583429655818,6.854254404476918,0.7879653637695959,49.89001051010951,-6571.383950633153
10.926274172623806,6.397800912168298,0.8512811489657045,50.35374217834507,-6570.816896227769
10.926274172623806,6.397800912168298,0.8512811489657045,50.35374217834507,-6570.816896227769
10.926274172623806,6.397800912168298,0.8512811489657045,50.35374217834507,-6570.816896227769
10.926274172623806,6.397800912168298,0.8512811489657045,50.35374217834507,-6570.816896227769
10.139656551269171,6.334021256217016,0.9117187071468471,50.25561569744587,-6571.7164226442
10.139656551269171,6.334021256217016,0.9117187071468471,50.25561569744587,-6571.7164226442
10.139656551269171,6.334021256217016,0.9117187071468471,50.25561569744587,-6571.7164226442
10.476697779513952,7.192885528022579,0.913319656304776,50.169074411321006,-6570.885723900243
10.476697779513952,7.192885528022579,0.913319656304776,50.169074411321006,-6570.885723900243
10.476697779513952,7.192885528022579,0.913319656304776,50.169074411321006,-6570.885723900243
10.476697779513952,7.192885528022579,0.913319656304776,50.169074411321006,-6570.885723900243
10.476697779513952,7.192885528022579,0.913319656304776,50.169074411321006,-6570.885723900243
11.126351423532682,9.09727459760411,0.7160527167664572,50.12945585012937,-6572.72678460582
11.126351423532682,9.09727459760411,0.7160527167664572,50.12945585012937,-6572.72678460582
11.126351423532682,9.09727459760411,0.7160527167664572,50.12945585012937,-6572.72678460582
11.25954147896125,7.338887866124606,0.8692886494817356,50.207856038715946,-6572.320471661321
11.25954147896125,7.338887866124606,0.8692886494817356,50.207856038715946,-6572.320471661321
10.705765156653579,7.863950788521627,0.8717125105120292,49.97689785307194,-6571.4294006668115
10.705765156653579,7.863950788521627,0.8717125105120292,49.97689785307194,-6571.4294006668115
10.88560351638211,9.01295211706756,0.7472853251057431,50.265227945893464,-6571.87817767733
10.99086310242772,8.348669019215901,0.8456401253503443,50.412861507463944,-6572.451098942365
9.46405355060298,8.732596240868713,0.9669251506647786,50.890407090388365,-6571.998272835846
9.46405355060298,8.732596240868713,0.9669251506647786,50.890407090388365,-6571.998272835846
9.46405355060298,8.732596240868713,0.9669251506647786,50.890407090388365,-6571.998272835846
9.3073095736663,8.384236788696064,0.9249141538756929,51.130864354241275,-6572.564536923105
9.3073095736663,8.384236788696064,0.9249141538756929,51.130864354241275,-6572.564536923105
9.311730707103797,7.917920087057457,0.9203310590624459,50.98051834297233,-6572.64855637014
9.311730707103797,7.917920087057457,0.9203310590624459,50.98051834297233,-6572.64855637014
9.311730707103797,7.917920087057457,0.9203310590624459,50.98051834297233,-6572.64855637014
9.44657872408376,9.265004743251241,1.037082917832003,50.949214770305296,-6573.430866981239
9.44657872408376,9.265004743251241,1.037082917832003,50.949214770305296,-6573.430866981239
11.673380538105455,5.333290570355192,0.9309244105800626,51.403022539558066,-6573.907897549115
11.673380538105455,5.333290570355192,0.9309244105800626,51.403022539558066,-6573.907897549115
11.816698893992537,4.914133233203388,0.9605837594035543,51.294520065853305,-6574.177464300135
11.657201557393583,5.069305279660397,0.9096923342421539,51.530138883738225,-6574.018440554197
11.657201557393583,5.069305279660397,0.9096923342421539,51.530138883738225,-6574.018440554197
11.657201557393583,5.069305279660397,0.9096923342421539,51.530138883738225,-6574.018440554197
11.657201557393583,5.069305279660397,0.9096923342421539,51.530138883738225,-6574.018440554197
11.657201557393583,5.069305279660397,0.9096923342421539,51.530138883738225,-6574.018440554197
11.657201557393583,5.069305279660397,0.9096923342421539,51.530138883738225,-6574.018440554197
11.657201557393583,5.069305279660397,0.9096923342421539,51.530138883738225,-6574.018440554197
11.657201557393583,5.069305279660397,0.9096923342421539,51.530138883738225,-6574.018440554197
11.657201557393583,5.069305279660397,0.9096923342421539,51.530138883738225,-6574.018440554197
11.657201557393583,5.069305279660397,0.9096923342421539,51.530138883738225,-6574.018440554197
11.657201557393583,5.069305279660397,0.9096923342421539,51.530138883738225,-6574.018440554197
11.657201557393583,5.069305279660397,0.9096923342421539,51.530138883738225,-6574.018440554197
11.657201557393583,5.069305279660397,0.9096923342421539,51.530138883738225,-6574.018440554197
11.657201557393583,5.069305279660397,0.9096923342421539,51.530138883738225,-6574.018440554197
11.657201557393583,5.069305279660397,0.9096923342421539,51.530138883738225,-6574.018440554197
11.657201557393583,5.069305279660397,0.9096923342421539,51.530138883738225,-6574.018440554197
11.376681192618483,5.069913399526502,0.9210855348226011,51.45780577515382,-6573.605806921328
11.376681192618483,5.069913399526502,0.9210855348226011,51.45780577515382,-6573.605806921328
11.376681192618483,5.069913399526502,0.9210855348226011,51.45780577515382,-6573.605806921328
11.376681192618483,5.069913399526502,0.9210855348226011,51.45780577515382,-6573.605806921328
11.376681192618483,5.069913399526502,0.9210855348226011,51.45780577515382,-6573.605806921328
11.376681192618483,5.069913399526502,0.9210855348226011,51.45780577515382,-6573.605806921328
11.376681192618483,5.069913399526502,0.9210855348226011,51.45780577515382,-6573.605806921328
11.376681192618483,5.069913399526502,0.9210855348226011,51.45780577515382,-6573.605806921328
11.376681192618483,5.069913399526502,0.9210855348226011,51.45780577515382,-6573.605806921328
11.301058633108166,4.791322578389858,0.9286610640880931,50.403474261559836,-6572.227207722744
11.301058633108166,4.791322578389858,0.9286610640880931,50.403474261559836,-6572.227207722744
11.301058633108166,4.791322578389858,0.9286610640880931,50.403474261559836,-6572.227207722744
11.210796284351135,7.241580819788537,0.7005601717333118,50.05108179167611,-6571.150476193121
11.210796284351135,7.241580819788537,0.7005601717333118,50.05108179167611,-6571.150476193121
11.210796284351135,7.241580819788537,0.7005601717333118,50.05108179167611,-6571.150476193121
11.648996593605755,6.636607929732587,0.7100552071616569,50.03062973204497,-6571.870995196233
11.648996593605755,6.636607929732587,0.7100552071616569,50.03062973204497,-6571.870995196233
11.648996593605755,6.636607929732587,0.7100552071616569,50.03062973204497,-6571.870995196233
10.905570206790129,6.501789597248646,0.7617139659695434,50.98575286845694,-6571.309879476905
11.456991820819905,6.656880327109517,0.6768417961876001,50.75799945938683,-6571.490957062088
11.456991820819905,6.656880327109517,0.6768417961876001,50.75799945938683,-6571.490957062088
11.456991820819905,6.656880327109517,0.6768417961876001,50.75799945938683,-6571.490957062088
10.343439176099052,7.801291438878904,0.7744013077974715,50.36808642530227,-6570.202992678065
10.343439176099052,7.801291438878904,0.7744013077974715,50.36808642530227,-6570.202992678065
11.082884591852908,6.304515128261707,0.7089003556800307,49.596232103820334,-6572.514700064724
10.35075008025441,6.103809820882585,0.8530218611283624,50.132850199805524,-6571.8575232822095
10.35075008025441,6.103809820882585,0.8530218611283624,50.132850199805524,-6571.8575232822095
10.35075008025441,6.103809820882585,0.8530218611283624,50.132850199805524,-6571.8575232822095
10.35075008025441,6.103809820882585,0.8530218611283624,50.132850199805524,-6571.8575232822095
9.673159833655586,8.290028033594252,0.7702428713747961,49.72300477435509,-6571.500518132887
9.673159833655586,8.290028033594252,0.7702428713747961,49.72300477435509,-6571.500518132887
9.673159833655586,8.290028033594252,0.7702428713747961,49.72300477435509,-6571.500518132887
9.212066110924225,8.940861664119941,0.8635824389208684,49.8261791924997,-6571.537789594269
9.212066110924225,8.940861664119941,0.8635824389208684,49.8261791924997,-6571.537789594269
9.212066110924225,8.940861664119941,0.8635824389208684,49.8261791924997,-6571.537789594269
9.212066110924225,8.940861664119941,0.8635824389208684,49.8261791924997,-6571.537789594269
9.050994641356601,9.670986436383886,0.8204320619986153,50.377671763419464,-6571.171951501931
9.050994641356601,9.670986436383886,0.8204320619986153,50.377671763419464,-6571.171951501931
9.050994641356601,9.670986436383886,0.8204320619986153,50.377671763419464,-6571.171951501931
9.050994641356601,9.670986436383886,0.8204320619986153,50.377671763419464,-6571.171951501931
9.050994641356601,9.670986436383886,0.8204320619986153,50.377671763419464,-6571.171951501931
9.050994641356601,9.670986436383886,0.8204320619986153,50.377671763419464,-6571.171951501931
9.995783460943091,8.093583762515316,0.8384366891900059,49.87670933397301,-6570.658823383326
9.995783460943091,8.093583762515316,0.8384366891900059,49.87670933397301,-6570.658823383326
10.075376761410439,7.928522584855407,0.7653392669354235,50.30880870618423,-6570.406645100206
10.075376761410439,7.928522584855407,0.7653392669354235,50.30880870618423,-6570.406645100206
10.075376761410439,7.928522584855407,0.7653392669354235,50.30880870618423,-6570.406645100206
10.075376761410439,7.928522584855407,0.7653392669354235,50.30880870618423,-6570.406645100206
10.075376761410439,7.928522584855407,0.7653392669354235,50.30880870618423,-6570.406645100206
10.075376761410439,7.928522584855407,0.7653392669354235,50.30880870618423,-6570.406645100206
10.075376761410439,7.928522584855407,0.7653392669354235,50.30880870618423,-6570.406645100206
10.075376761410439,7.928522584855407,0.7653392669354235,50.30880870618423,-6570.406645100206
10.075376761410439,7.928522584855407,0.7653392669354235,50.30880870618423,-6570.406645100206
10.560126747531331,8.58344299061554,0.7219842178639505,50.60224209951108,-6570.4462279105655
10.560126747531331,8.58344299061554,0.7219842178639505,50.60224209951108,-6570.4462279105655
10.560126747531331,8.58344299061554,0.7219842178639505,50.60224209951108,-6570.4462279105655
10.347901652702625,9.960591165460764,0.5819743790943606,50.384793025282306,-6571.28087429504
10.347901652702625,9.960591165460764,0.5819743790943606,50.384793025282306,-6571.28087429504
10.347901652702625,9.960591165460764,0.5819743790943606,50.384793025282306,-6571.28087429504
10.347901652702625,9.960591165460764,0.5819743790943606,50.384793025282306,-6571.28087429504
10.347901652702625,9.960591165460764,0.5819743790943606,50.384793025282306,-6571.28087429504
10.347901652702625,9.960591165460764,0.5819743790943606,50.384793025282306,-6571.28087429504
10.347901652702625,9.960591165460764,0.5819743790943606,50.384793025282306,-6571.28087429504
10.347901652702625,9.960591165460764,0.5819743790943606,50.384793025282306,-6571.28087429504
10.347901652702625,9.960591165460764,0.5819743790943606,50.384793025282306,-6571.28087429504
10.347901652702625,9.960591165460764,0.5819743790943606,50.384793025282306,-6571.28087429504
10.347901652702625,9.960591165460764,0.5819743790943606,50.384793025282306,-6571.28087429504
10.347901652702625,9.960591165460764,0.5819743790943606,50.384793025282306,-6571.28087429504
10.347901652702625,9.960591165460764,0.5819743790943606,50.384793025282306,-6571.28087429504
10.347901652702625,9.960591165460764,0.5819743790943606,50.384793025282306,-6571.28087429504
10.347901652702625,9.960591165460764,0.5819743790943606,50.384793025282306,-6571.28087429504
10.268025814499953,10.189005608279324,0.5371839965783993,50.345720941851226,-6571.865545729061
10.268025814499953,10.189005608279324,0.5371839965783993,50.345720941851226,-6571.865545729061
10.268025814499953,10.189005608279324,0.5371839965783993,50.345720941851226,-6571.865545729061
10.268025814499953,10.189005608279324,0.5371839965783993,50.345720941851226,-6571.865545729061
10.462349998429074,9.030597750993584,0.6334757521876443,50.64225693993944,-6570.7358479121185
10.462349998429074,9.030597750993584,0.6334757521876443,50.64225693993944,-6570.7358479121185
10.44928948288861,8.566170001266434,0.6894000335551511,49.963040853440916,-6570.6398766894545
10.279730815554391,8.240118236679583,0.7346367214408879,49.80409562041231,-6570.721553160047
10.682857774573618,7.542933451196558,0.6918052907890049,50.53139204558796,-6570.61967259988
10.682857774573618,7.542933451196558,0.6918052907890049,50.53139204558796,-6570.61967259988
10.682857774573618,7.542933451196558,0.6918052907890049,50.53139204558796,-6570.61967259988
10.682857774573618,7.542933451196558,0.6918052907890049,50.53139204558796,-6570.61967259988
10.682857774573618,7.542933451196558,0.6918052907890049,50.53139204558796,-6570.61967259988
10.682857774573618,7.542933451196558,0.6918052907890049,50.53139204558796,-6570.61967259988
10.682857774573618,7.542933451196558,0.6918052907890049,50.53139204558796,-6570.61967259988
11.44860063702514,6.464041483901887,0.7984832536478421,50.66159636530272,-6571.388470915141
12.292013955821716,6.901399284660682,0.572669452520413,50.841572884959874,-6573.868596642509
10.007566283902369,7.281809186828981,0.6362975514083123,51.11371587377568,-6575.048397957794
10.007566283902369,7.281809186828981,0.6362975514083123,51.11371587377568,-6575.048397957794
10.007566283902369,7.281809186828981,0.6362975514083123,51.11371587377568,-6575.048397957794
10.915217328882866,8.782255474085813,0.44617629525892266,50.59871869255265,-6574.641538037384
11.539613103538468,6.810966709287047,0.5658419075733719,51.273137479360955,-6573.705922840678
11.539613103538468,6.810966709287047,0.5658419075733719,51.273137479360955,-6573.705922840678
11.539613103538468,6.810966709287047,0.5658419075733719,51.273137479360955,-6573.705922840678
11.539613103538468,6.810966709287047,0.5658419075733719,51.273137479360955,-6573.705922840678
11.539613103538468,6.810966709287047,0.5658419075733719,51.273137479360955,-6573.705922840678
11.539613103538468,6.810966709287047,0.5658419075733719,51.273137479360955,-6573.705922840678
11.539613103538468,6.810966709287047,0.5658419075733719,51.273137479360955,-6573.705922840678
11.321763723610351,6.111346608135695,0.734827090188932,51.695396725843096,-6573.5648488886445
11.321763723610351,6.111346608135695,0.734827090188932,51.695396725843096,-6573.5648488886445
11.105701209185064,6.720876099690167,0.8441538572524389,51.95979273120021,-6574.511111874328
11.204603591148464,7.495766183513456,0.7046324781768956,51.857877515588,-6573.800888834134
11.204603591148464,7.495766183513456,0.7046324781768956,51.857877515588,-6573.800888834134
11.204603591148464,7.495766183513456,0.7046324781768956,51.857877515588,-6573.800888834134
11.204603591148464,7.495766183513456,0.7046324781768956,51.857877515588,-6573.800888834134
11.204603591148464,7.495766183513456,0.7046324781768956,51.857877515588,-6573.800888834134
11.204603591148464,7.495766183513456,0.7046324781768956,51.857877515588,-6573.800888834134
11.204603591148464,7.495766183513456,0.7046324781768956,51.857877515588,-6573.800888834134
11.204603591148464,7.495766183513456,0.7046324781768956,51.857877515588,-6573.800888834134
11.204603591148464,7.495766183513456,0.7046324781768956,51.857877515588,-6573.800888834134
11.204603591148464,7.495766183513456,0.7046324781768956,51.857877515588,-6573.800888834134
11.204603591148464,7.495766183513456,0.7046324781768956,51.857877515588,-6573.800888834134
11.48385122434168,4.689426399313976,0.9771136076882203,51.10342066464558,-6573.377975681652
12.31834695994506,6.079138832419656,0.7779322537544998,50.69960294586227,-6573.795520467613
12.31834695994506,6.079138832419656,0.7779322537544998,50.69960294586227,-6573.795520467613
12.31834695994506,6.079138832419656,0.7779322537544998,50.69960294586227,-6573.795520467613
11.66750575734555,6.617169505838259,0.8686379137410919,50.12316991062299,-6572.981842622699
11.66750575734555,6.617169505838259,0.8686379137410919,50.12316991062299,-6572.981842622699
11.66750575734555,6.617169505838259,0.8686379137410919,50.12316991062299,-6572.981842622699
11.09269132887516,6.553216063982911,0.6553098806316409,49.226869376336694,-6574.233864136999
11.09269132887516,6.553216063982911,0.6553098806316409,49.226869376336694,-6574.233864136999
11.09269132887516,6.553216063982911,0.6553098806316409,49.226869376336694,-6574.233864136999
11.09269132887516,6.553216063982911,0.6553098806316409,49.226869376336694,-6574.233864136999
11.09269132887516,6.553216063982911,0.6553098806316409,49.226869376336694,-6574.233864136999
11.09269132887516,6.553216063982911,0.6553098806316409,49.226869376336694,-6574.233864136999
11.09269132887516,6.553216063982911,0.6553098806316409,49.226869376336694,-6574.233864136999
11.075997572603699,8.792414785844377,0.42762495423492786,49.58670702375508,-6576.797429329885
11.075997572603699,8.792414785844377,0.42762495423492786,49.58670702375508,-6576.797429329885
11.075997572603699,8.792414785844377,0.42762495423492786,49.58670702375508,-6576.797429329885
11.616295348904606,7.370210308127614,0.5497826527485875,49.63516494608086,-6574.069508296365
11.616295348904606,7.370210308127614,0.5497826527485875,49.63516494608086,-6574.069508296365
11.616295348904606,7.370210308127614,0.5497826527485875,49.63516494608086,-6574.069508296365
11.616295348904606,7.370210308127614,0.5497826527485875,49.63516494608086,-6574.069508296365
12.779358195905385,6.509376809665127,0.5726405224697076,49.89166850827743,-6575.941898422594
12.779358195905385,6.509376809665127,0.5726405224697076,49.89166850827743,-6575.941898422594
12.779358195905385,6.509376809665127,0.5726405224697076,49.89166850827743,-6575.941898422594
12.779358195905385,6.509376809665127,0.5726405224697076,49.89166850827743,-6575.941898422594
12.779358195905385,6.509376809665127,0.5726405224697076,49.89166850827743,-6575.941898422594
12.779358195905385,6.509376809665127,0.5726405224697076,49.89166850827743,-6575.941898422594
12.456563223182211,5.709892376347467,0.6026000237151157,50.153978501511226,-6574.146094681322
12.456563223182211,5.709892376347467,0.6026000237151157,50.153978501511226,-6574.146094681322
11.850775782926826,5.053321024258434,0.6120725689748292,49.5805321082008,-6576.031728529465
11.850775782926826,5.053321024258434,0.6120725689748292,49.5805321082008,-6576.031728529465
10.201291366526458,6.8266205699650655,0.8173269524206995,49.693537218349704,-6571.879476958364
10.201291366526458,6.8266205699650655,0.8173269524206995,49.693537218349704,-6571.879476958364
10.679480353999393,6.06705952587557,0.9266075519721579,49.495047309971824,-6572.420417517893
10.679480353999393,6.06705952587557,0.9266075519721579,49.495047309971824,-6572.420417517893
10.679480353999393,6.06705952587557,0.9266075519721579,49.495047309971824,-6572.420417517893
9.403347502117157,9.230774708973469,0.868334407129712,49.073142705235945,-6573.162619227209
9.403347502117157,9.230774708973469,0.868334407129712,49.073142705235945,-6573.162619227209
9.403347502117157,9.230774708973469,0.868334407129712,49.073142705235945,-6573.162619227209
9.129282756272877,10.097508625591335,1.0466087576614487,49.42318482389882,-6574.554679304056
9.129282756272877,10.097508625591335,1.0466087576614487,49.42318482389882,-6574.554679304056
9.397507521903938,9.408901978920966,1.0095411114485005,50.09246024298167,-6572.453264429708
9.397507521903938,9.408901978920966,1.0095411114485005,50.09246024298167,-6572.453264429708
9.224403098210734,10.19635531944442,1.0121680542939637,49.83671367499244,-6573.452372250844
8.80352151763531,9.274215243810897,0.9135516846087877,49.20368252706194,-6574.09926769789
8.80352151763531,9.274215243810897,0.9135516846087877,49.20368252706194,-6574.09926769789
9.250130495914481,10.227348972169294,0.6269393597370452,49.44135598331753,-6573.256017578171
9.250130495914481,10.227348972169294,0.6269393597370452,49.44135598331753,-6573.256017578171
9.794397932292142,7.855835193009945,0.710659835630252,50.009536422907516,-6572.10536620245
9.794397932292142,7.855835193009945,0.710659835630252,50.009536422907516,-6572.10536620245
9.794397932292142,7.855835193009945,0.710659835630252,50.009536422907516,-6572.10536620245
9.794397932292142,7.855835193009945,0.710659835630252,50.009536422907516,-6572.10536620245
11.028431357404166,5.934292810805626,0.7770461277609211,50.38862011633367,-6571.269562865235
11.028431357404166,5.934292810805626,0.7770461277609211,50.38862011633367,-6571.269562865235
11.028431357404166,5.934292810805626,0.7770461277609211,50.38862011633367,-6571.269562865235
11.028431357404166,5.934292810805626,0.7770461277609211,50.38862011633367,-6571.269562865235
10.110555576661724,9.551892692297354,0.9522176104304776,50.421949541635314,-6573.241470045532
10.110555576661724,9.551892692297354,0.9522176104304776,50.421949541635314,-6573.241470045532
9.319284950483476,12.11248154029049,0.7274229266792231,50.28740885735929,-6572.354395205228
9.319284950483476,12.11248154029049,0.7274229266792231,50.28740885735929,-6572.354395205228
8.564561045545764,13.224951188582938,0.6970118737680271,50.764272578975444,-6573.388758138397
8.564561045545764,13.224951188582938,0.6970118737680271,50.764272578975444,-6573.388758138397
8.564561045545764,13.224951188582938,0.6970118737680271,50.764272578975444,-6573.388758138397
8.564561045545764,13.224951188582938,0.6970118737680271,50.764272578975444,-6573.388758138397
8.564561045545764,13.224951188582938,0.6970118737680271,50.764272578975444,-6573.388758138397
8.564561045545764,13.224951188582938,0.6970118737680271,50.764272578975444,-6573.388758138397
8.564561045545764,13.224951188582938,0.6970118737680271,50.764272578975444,-6573.388758138397
8.564561045545764,13.224951188582938,0.6970118737680271,50.764272578975444,-6573.388758138397
8.564561045545764,13.224951188582938,0.6970118737680271,50.764272578975444,-6573.388758138397
8.564561045545764,13.224951188582938,0.6970118737680271,50.764272578975444,-6573.388758138397
8.564561045545764,13.224951188582938,0.6970118737680271,50.764272578975444,-6573.388758138397
8.564561045545764,13.224951188582938,0.6970118737680271,50.764272578975444,-6573.388758138397
8.564561045545764,13.224951188582938,0.6970118737680271,50.764272578975444,-6573.388758138397
8.564561045545764,13.224951188582938,0.6970118737680271,50.764272578975444,-6573.388758138397
8.564561045545764,13.224951188582938,0.6970118737680271,50.764272578975444,-6573.388758138397
8.564561045545764,13.224951188582938,0.6970118737680271,50.764272578975444,-6573.388758138397
8.564561045545764,13.224951188582938,0.6970118737680271,50.764272578975444,-6573.388758138397
8.564561045545764,13.224951188582938,0.6970118737680271,50.764272578975444,-6573.388758138397
8.564561045545764,13.224951188582938,0.6970118737680271,50.764272578975444,-6573.388758138397
8.564561045545764,13.224951188582938,0.6970118737680271,50.764272578975444,-6573.388758138397
8.564561045545764,13.224951188582938,0.6970118737680271,50.764272578975444,-6573.388758138397
8.564561045545764,13.224951188582938,0.6970118737680271,50.764272578975444,-6573.388758138397
8.564561045545764,13.224951188582938,0.6970118737680271,50.764272578975444,-6573.388758138397
8.575114573117279,12.698813628837922,0.735068767019251,50.77871929841297,-6572.99744122554
8.575114573117279,12.698813628837922,0.735068767019251,50.77871929841297,-6572.99744122554
8.575114573117279,12.698813628837922,0.735068767019251,50.77871929841297,-6572.99744122554
8.575114573117279,12.698813628837922,0.735068767019251,50.77871929841297,-6572.99744122554
8.575114573117279,12.698813628837922,0.735068767019251,50.77871929841297,-6572.99744122554
8.575114573117279,12.698813628837922,0.735068767019251,50.77871929841297,-6572.99744122554
8.575114573117279,12.698813628837922,0.735068767019251,50.77871929841297,-6572.99744122554
8.575114573117279,12.698813628837922,0.735068767019251,50.77871929841297,-6572.99744122554
8.575114573117279,12.698813628837922,0.735068767019251,50.77871929841297,-6572.99744122554
9.345742525151497,11.825511838348511,0.6126320179232365,51.193704067210824,-6572.722806022925
9.345742525151497,11.825511838348511,0.6126320179232365,51.193704067210824,-6572.722806022925
9.48553984398227,13.583506716320015,0.5805790661045371,51.104965187168446,-6575.06666439215
9.48553984398227,13.583506716320015,0.5805790661045371,51.104965187168446,-6575.06666439215
9.813661142421212,13.418420627485023,0.6757481850120158,50.66518066598021,-6576.371607747234
9.813661142421212,13.418420627485023,0.6757481850120158,50.66518066598021,-6576.371607747234
8.109265746969214,13.34595111053151,0.8371172590073263,50.165476301226626,-6574.399990542679
8.109265746969214,13.34595111053151,0.8371172590073263,50.165476301226626,-6574.399990542679
8.109265746969214,13.34595111053151,0.8371172590073263,50.165476301226626,-6574.399990542679
8.109265746969214,13.34595111053151,0.8371172590073263,50.165476301226626,-6574.399990542679
8.109265746969214,13.34595111053151,0.8371172590073263,50.165476301226626,-6574.399990542679
8.109265746969214,13.34595111053151,0.8371172590073263,50.165476301226626,-6574.399990542679
8.109265746969214,13.34595111053151,0.8371172590073263,50.165476301226626,-6574.399990542679
8.109265746969214,13.34595111053151,0.8371172590073263,50.165476301226626,-6574.399990542679
8.109265746969214,13.34595111053151,0.8371172590073263,50.165476301226626,-6574.399990542679
8.109265746969214,13.34595111053151,0.8371172590073263,50.165476301226626,-6574.399990542679
8.109265746969214,13.34595111053151,0.8371172590073263,50.165476301226626,-6574.399990542679
8.109265746969214,13.34595111053151,0.8371172590073263,50.165476301226626,-6574.399990542679
8.109265746969214,13.34595111053151,0.8371172590073263,50.165476301226626,-6574.399990542679
9.177928575026808,12.548618181249866,0.7685404462300813,50.23918134958114,-6573.30929156839
9.258318430106868,9.370028731376532,0.9431778238259432,49.54568295941858,-6572.330416202912
9.258318430106868,9.370028731376532,0.9431778238259432,49.54568295941858,-6572.330416202912
9.258318430106868,9.370028731376532,0.9431778238259432,49.54568295941858,-6572.330416202912
9.258318430106868,9.370028731376532,0.9431778238259432,49.54568295941858,-6572.330416202912
9.258318430106868,9.370028731376532,0.9431778238259432,49.54568295941858,-6572.330416202912
9.258318430106868,9.370028731376532,0.9431778238259432,49.54568295941858,-6572.330416202912
9.258318430106868,9.370028731376532,0.9431778238259432,49.54568295941858,-6572.330416202912
9.258318430106868,9.370028731376532,0.9431778238259432,49.54568295941858,-6572.330416202912
9.258318430106868,9.370028731376532,0.9431778238259432,49.54568295941858,-6572.330416202912
9.189634001821684,8.411565665851127,0.785768445612002,50.497303594789145,-6572.425580582808
9.189634001821684,8.411565665851127,0.785768445612002,50.497303594789145,-6572.425580582808
9.189634001821684,8.411565665851127,0.785768445612002,50.497303594789145,-6572.425580582808
9.560644824506554,8.795176654844218,0.6932577650419205,50.793366029167444,-6571.724493956313
9.560644824506554,8.795176654844218,0.6932577650419205,50.793366029167444,-6571.724493956313
10.088720969165252,10.765300716818608,0.7899390448224249,50.90346263148792,-6573.137601310526
10.088720969165252,10.765300716818608,0.7899390448224249,50.90346263148792,-6573.137601310526
10.088720969165252,10.765300716818608,0.7899390448224249,50.90346263148792,-6573.137601310526
10.613050800431433,8.735665984765935,0.8258148457282783,51.68699073629388,-6573.858547948414
10.429305047072035,6.280232956904083,0.7483125863858803,51.897366929351435,-6575.975315634609
10.429305047072035,6.280232956904083,0.7483125863858803,51.897366929351435,-6575.975315634609
10.429305047072035,6.280232956904083,0.7483125863858803,51.897366929351435,-6575.975315634609
11.89428168253303,5.845278202938617,0.917321306444874,51.69860943115539,-6575.688431065828
11.89428168253303,5.845278202938617,0.917321306444874,51.69860943115539,-6575.688431065828
10.893918501850951,3.9931155649116974,0.9074319482234512,51.336259368788895,-6576.35459908235
10.893918501850951,3.9931155649116974,0.9074319482234512,51.336259368788895,-6576.35459908235
10.893918501850951,3.9931155649116974,0.9074319482234512,51.336259368788895,-6576.35459908235
10.893918501850951,3.9931155649116974,0.9074319482234512,51.336259368788895,-6576.35459908235
9.267610877710409,8.700778000916097,1.0338419754453376,51.52351631547983,-6574.718733703106
9.267610877710409,8.700778000916097,1.0338419754453376,51.52351631547983,-6574.718733703106
9.267610877710409,8.700778000916097,1.0338419754453376,51.52351631547983,-6574.718733703106
9.799587780269912,11.214799676439068,0.8561483882436802,51.53083260972604,-6575.764746140573
9.799587780269912,11.214799676439068,0.8561483882436802,51.53083260972604,-6575.764746140573
9.799587780269912,11.214799676439068,0.8561483882436802,51.53083260972604,-6575.764746140573
9.745380325970553,10.856232119333098,0.7359163998746667,51.13962800062412,-6572.203070648917
9.745380325970553,10.856232119333098,0.7359163998746667,51.13962800062412,-6572.203070648917
9.745380325970553,10.856232119333098,0.7359163998746667,51.13962800062412,-6572.203070648917
9.745380325970553,10.856232119333098,0.7359163998746667,51.13962800062412,-6572.203070648917
9.745380325970553,10.856232119333098,0.7359163998746667,51.13962800062412,-6572.203070648917
9.745380325970553,10.856232119333098,0.7359163998746667,51.13962800062412,-6572.203070648917
10.02881101791397,10.206218770658,0.7147973542373639,51.571749002528655,-6572.960739552527
10.02881101791397,10.206218770658,0.7147973542373639,51.571749002528655,-6572.960739552527
9.908321190537361,11.468973675124037,0.6448447651138828,51.14283278640169,-6572.7553842320485
9.710931957649782,11.18121469111213,0.6511850430020308,50.344392036185965,-6571.292279769552
9.710931957649782,11.18121469111213,0.6511850430020308,50.344392036185965,-6571.292279769552
9.710931957649782,11.18121469111213,0.6511850430020308,50.344392036185965,-6571.292279769552
9.710931957649782,11.18121469111213,0.6511850430020308,50.344392036185965,-6571.292279769552
9.710931957649782,11.18121469111213,0.6511850430020308,50.344392036185965,-6571.292279769552
9.710931957649782,11.18121469111213,0.6511850430020308,50.344392036185965,-6571.292279769552
9.710931957649782,11.18121469111213,0.6511850430020308,50.344392036185965,-6571.292279769552
9.755452475313591,10.153030799922378,0.6153473734717813,50.957164312574754,-6571.471889367829
10.05298111430716,9.551919371586052,0.6949234510337793,51.29138215446023,-6571.59240904572
10.05298111430716,9.551919371586052,0.6949234510337793,51.29138215446023,-6571.59240904572
10.05298111430716,9.551919371586052,0.6949234510337793,51.29138215446023,-6571.59240904572
10.05298111430716,9.551919371586052,0.6949234510337793,51.29138215446023,-6571.59240904572
10.05298111430716,9.551919371586052,0.6949234510337793,51.29138215446023,-6571.59240904572
10.05298111430716,9.551919371586052,0.6949234510337793,51.29138215446023,-6571.59240904572
10.05298111430716,9.551919371586052,0.6949234510337793,51.29138215446023,-6571.59240904572
10.05298111430716,9.551919371586052,0.6949234510337793,51.29138215446023,-6571.59240904572
10.28017438183803,8.04781562016727,0.8413193288577113,51.24323618160174,-6571.528748318189
10.28017438183803,8.04781562016727,0.8413193288577113,51.24323618160174,-6571.528748318189
10.28017438183803,8.04781562016727,0.8413193288577113,51.24323618160174,-6571.528748318189
10.28017438183803,8.04781562016727,0.8413193288577113,51.24323618160174,-6571.528748318189
10.28017438183803,8.04781562016727,0.8413193288577113,51.24323618160174,-6571.528748318189
10.28017438183803,8.04781562016727,0.8413193288577113,51.24323618160174,-6571.528748318189
10.28017438183803,8.04781562016727,0.8413193288577113,51.24323618160174,-6571.528748318189
9.649874112969947,9.128795445899707,0.8436550024894197,50.43694636228881,-6570.515784051416
9.649874112969947,9.128795445899707,0.8436550024894197,50.43694636228881,-6570.515784051416
9.649874112969947,9.128795445899707,0.8436550024894197,50.43694636228881,-6570.515784051416
9.649874112969947,9.128795445899707,0.8436550024894197,50.43694636228881,-6570.515784051416
9.649874112969947,9.128795445899707,0.8436550024894197,50.43694636228881,-6570.515784051416
9.649874112969947,9.128795445899707,0.8436550024894197,50.43694636228881,-6570.515784051416
9.649874112969947,9.128795445899707,0.8436550024894197,50.43694636228881,-6570.515784051416
9.649874112969947,9.128795445899707,0.8436550024894197,50.43694636228881,-6570.515784051416
9.649874112969947,9.128795445899707,0.8436550024894197,50.43694636228881,-6570.515784051416
10.530893100129987,7.838751881293984,0.9831919071067693,50.010683525970755,-6572.492361532717
10.849226474068445,5.398728237532744,1.1332061056854403,50.0280491503658,-6573.831583056887
10.849226474068445,5.398728237532744,1.1332061056854403,50.0280491503658,-6573.831583056887
11.051129486297429,4.872317872267563,1.200148556279512,49.52491702016493,-6575.968887495328
10.731081048123508,5.303252765717624,1.1963843198425153,50.56933871469877,-6574.646143075328
10.731081048123508,5.303252765717624,1.1963843198425153,50.56933871469877,-6574.646143075328
10.731081048123508,5.303252765717624,1.1963843198425153,50.56933871469877,-6574.646143075328
10.731081048123508,5.303252765717624,1.1963843198425153,50.56933871469877,-6574.646143075328
10.731081048123508,5.303252765717624,1.1963843198425153,50.56933871469877,-6574.646143075328
10.731081048123508,5.303252765717624,1.1963843198425153,50.56933871469877,-6574.646143075328
10.731081048123508,5.303252765717624,1.1963843198425153,50.56933871469877,-6574.646143075328
10.731081048123508,5.303252765717624,1.1963843198425153,50.56933871469877,-6574.646143075328
10.731081048123508,5.303252765717624,1.1963843198425153,50.56933871469877,-6574.646143075328
10.731081048123508,5.303252765717624,1.1963843198425153,50.56933871469877,-6574.646143075328
10.731081048123508,5.303252765717624,1.1963843198425153,50.56933871469877,-6574.646143075328
11.05247809667061,6.920920810609458,0.9796313396281287,51.816879629577,-6575.652836365937
10.189913501372557,8.272366868344644,0.7209953866162344,51.00645105997894,-6570.883471166626
10.189913501372557,8.272366868344644,0.7209953866162344,51.00645105997894,-6570.883471166626
10.189913501372557,8.272366868344644,0.7209953866162344,51.00645105997894,-6570.883471166626
9.579724689632975,7.75940675343487,0.8926064307713037,51.43580337500508,-6573.283733736551
9.579724689632975,7.75940675343487,0.8926064307713037,51.43580337500508,-6573.283733736551
10.188408842593008,8.209125366802853,0.791479552107679,51.97107014427293,-6574.098948414978
10.188408842593008,8.209125366802853,0.791479552107679,51.97107014427293,-6574.098948414978
10.188408842593008,8.209125366802853,0.791479552107679,51.97107014427293,-6574.098948414978
10.188408842593008,8.209125366802853,0.791479552107679,51.97107014427293,-6574.098948414978
10.188408842593008,8.209125366802853,0.791479552107679,51.97107014427293,-6574.098948414978
10.188408842593008,8.209125366802853,0.791479552107679,51.97107014427293,-6574.098948414978
10.188408842593008,8.209125366802853,0.791479552107679,51.97107014427293,-6574.098948414978
10.188408842593008,8.209125366802853,0.791479552107679,51.97107014427293,-6574.098948414978
10.188408842593008,8.209125366802853,0.791479552107679,51.97107014427293,-6574.098948414978
11.095394255925655,7.388176024993444,0.7493692617784086,51.38632413854946,-6572.08231955243
11.095394255925655,7.388176024993444,0.7493692617784086,51.38632413854946,-6572.08231955243
11.789943394578014,7.2268465572228155,0.6019529277640727,50.75465761442565,-6572.462455027053
11.789943394578014,7.2268465572228155,0.6019529277640727,50.75465761442565,-6572.462455027053
11.789943394578014,7.2268465572228155,0.6019529277640727,50.75465761442565,-6572.462455027053
11.789943394578014,7.2268465572228155,0.6019529277640727,50.75465761442565,-6572.462455027053
11.789943394578014,7.2268465572228155,0.6019529277640727,50.75465761442565,-6572.462455027053
11.789943394578014,7.2268465572228155,0.6019529277640727,50.75465761442565,-6572.462455027053
9.496566195907356,9.299387753023703,0.7472836053883867,50.86721807329544,-6571.012212511156
9.496566195907356,9.299387753023703,0.7472836053883867,50.86721807329544,-6571.012212511156
9.496566195907356,9.299387753023703,0.7472836053883867,50.86721807329544,-6571.012212511156
9.496566195907356,9.299387753023703,0.7472836053883867,50.86721807329544,-6571.012212511156
10.606793401372789,7.120843878947037,0.8228489006478423,50.68936511897131,-6570.549198411781
10.606793401372789,7.120843878947037,0.8228489006478423,50.68936511897131,-6570.549198411781
10.013365713171945,8.569682087530675,0.7366187642560275,50.620840929751495,-6570.323186421911
10.013365713171945,8.569682087530675,0.7366187642560275,50.620840929751495,-6570.323186421911
10.013365713171945,8.569682087530675,0.7366187642560275,50.620840929751495,-6570.323186421911
10.013365713171945,8.569682087530675,0.7366187642560275,50.620840929751495,-6570.323186421911
10.013365713171945,8.569682087530675,0.7366187642560275,50.620840929751495,-6570.323186421911
10.013365713171945,8.569682087530675,0.7366187642560275,50.620840929751495,-6570.323186421911
10.013365713171945,8.569682087530675,0.7366187642560275,50.620840929751495,-6570.323186421911
10.013365713171945,8.569682087530675,0.7366187642560275,50.620840929751495,-6570.323186421911
10.013365713171945,8.569682087530675,0.7366187642560275,50.620840929751495,-6570.323186421911
10.013365713171945,8.569682087530675,0.7366187642560275,50.620840929751495,-6570.323186421911
10.013365713171945,8.569682087530675,0.7366187642560275,50.620840929751495,-6570.323186421911
10.013365713171945,8.569682087530675,0.7366187642560275,50.620840929751495,-6570.323186421911
10.013365713171945,8.569682087530675,0.7366187642560275,50.620840929751495,-6570.323186421911
10.013365713171945,8.569682087530675,0.7366187642560275,50.620840929751495,-6570.323186421911
10.013365713171945,8.569682087530675,0.7366187642560275,50.620840929751495,-6570.323186421911
10.013365713171945,8.569682087530675,0.7366187642560275,50.620840929751495,-6570.323186421911
10.013365713171945,8.569682087530675,0.7366187642560275,50.620840929751495,-6570.323186421911
10.013365713171945,8.569682087530675,0.7366187642560275,50.620840929751495,-6570.323186421911
10.281259274642098,7.1115526706343575,0.7822061237171236,50.75962386923728,-6571.018979305643
10.281259274642098,7.1115526706343575,0.7822061237171236,50.75962386923728,-6571.018979305643
10.281259274642098,7.1115526706343575,0.7822061237171236,50.75962386923728,-6571.018979305643
10.281259274642098,7.1115526706343575,0.7822061237171236,50.75962386923728,-6571.018979305643
10.281259274642098,7.1115526706343575,0.7822061237171236,50.75962386923728,-6571.018979305643
10.272825914884832,8.726946821124319,0.6155036144322386,50.270767196997696,-6571.089857334568
9.68621137163823,8.999263950820874,0.6801068771742346,49.73173047936063,-6571.650720079386
9.763382355863712,9.837610091438311,0.7095529103178114,49.88935422544882,-6570.73724918214
9.763382355863712,9.837610091438311,0.7095529103178114,49.88935422544882,-6570.73724918214
9.763382355863712,9.837610091438311,0.7095529103178114,49.88935422544882,-6570.73724918214
9.763382355863712,9.837610091438311,0.7095529103178114,49.88935422544882,-6570.73724918214
9.763382355863712,9.837610091438311,0.7095529103178114,49.88935422544882,-6570.73724918214
9.763382355863712,9.837610091438311,0.7095529103178114,49.88935422544882,-6570.73724918214
9.763382355863712,9.837610091438311,0.7095529103178114,49.88935422544882,-6570.73724918214
9.981814234776872,10.934439024440875,0.591422738496183,50.143393038053155,-6571.61541862945
9.981814234776872,10.934439024440875,0.591422738496183,50.143393038053155,-6571.61541862945
10.637058603408029,6.8463532867577355,0.7818229000151611,50.41626877344355,-6570.594163873198
10.637058603408029,6.8463532867577355,0.7818229000151611,50.41626877344355,-6570.594163873198
10.463422049515417,8.951546506773424,0.7485668738442435,50.38235203544063,-6570.597400202084
10.342158593910565,8.870478147883464,0.6914704947905671,50.735107581386224,-6570.46295669163
10.342158593910565,8.870478147883464,0.6914704947905671,50.735107581386224,-6570.46295669163
10.342158593910565,8.870478147883464,0.6914704947905671,50.735107581386224,-6570.46295669163
8.920647063319413,12.437437616109321,0.6868918218696753,50.81982311262848,-6572.515140011656
8.920647063319413,12.437437616109321,0.6868918218696753,50.81982311262848,-6572.515140011656
8.920647063319413,12.437437616109321,0.6868918218696753,50.81982311262848,-6572.515140011656
8.920647063319413,12.437437616109321,0.6868918218696753,50.81982311262848,-6572.515140011656
8.920647063319413,12.437437616109321,0.6868918218696753,50.81982311262848,-6572.515140011656
8.920647063319413,12.437437616109321,0.6868918218696753,50.81982311262848,-6572.515140011656
8.731068477915878,9.051956895726919,0.9071473837121714,51.37159853038232,-6574.732168388519
10.555870294242325,6.106037979222936,1.0245112305351602,51.11003426037906,-6572.8621117008715
10.555870294242325,6.106037979222936,1.0245112305351602,51.11003426037906,-6572.8621117008715
10.555870294242325,6.106037979222936,1.0245112305351602,51.11003426037906,-6572.8621117008715
10.555870294242325,6.106037979222936,1.0245112305351602,51.11003426037906,-6572.8621117008715
10.555870294242325,6.106037979222936,1.0245112305351602,51.11003426037906,-6572.8621117008715
10.555870294242325,6.106037979222936,1.0245112305351602,51.11003426037906,-6572.8621117008715
10.555870294242325,6.106037979222936,1.0245112305351602,51.11003426037906,-6572.8621117008715
10.555870294242325,6.106037979222936,1.0245112305351602,51.11003426037906,-6572.8621117008715
10.555870294242325,6.106037979222936,1.0245112305351602,51.11003426037906,-6572.8621117008715
10.555870294242325,6.106037979222936,1.0245112305351602,51.11003426037906,-6572.8621117008715
10.243012243826108,8.03557626021114,0.9553864920649195,50.726143704987386,-6571.689039626748
10.243012243826108,8.03557626021114,0.9553864920649195,50.726143704987386,-6571.689039626748
10.243012243826108,8.03557626021114,0.9553864920649195,50.726143704987386,-6571.689039626748
10.079175262573846,7.8116166181729785,0.9477614877662454,50.391196237308776,-6571.044414692455
10.079175262573846,7.8116166181729785,0.9477614877662454,50.391196237308776,-6571.044414692455
10.079175262573846,7.8116166181729785,0.9477614877662454,50.391196237308776,-6571.044414692455
10.079175262573846,7.8116166181729785,0.9477614877662454,50.391196237308776,-6571.044414692455
10.079175262573846,7.8116166181729785,0.9477614877662454,50.391196237308776,-6571.044414692455
10.211603073185605,7.837986544824213,0.9519542693687224,50.465993886053084,-6571.246419289548
10.211603073185605,7.837986544824213,0.9519542693687224,50.465993886053084,-6571.246419289548
10.211603073185605,7.837986544824213,0.9519542693687224,50.465993886053084,-6571.246419289548
10.211603073185605,7.837986544824213,0.9519542693687224,50.465993886053084,-6571.246419289548
10.211603073185605,7.837986544824213,0.9519542693687224,50.465993886053084,-6571.246419289548
11.21529045471171,7.659981979882571,0.7347882689840152,49.99482584914674,-6571.433078746245
11.21529045471171,7.659981979882571,0.7347882689840152,49.99482584914674,-6571.433078746245
11.003772484964554,7.203344151693298,0.8639760350108046,50.48918183024996,-6571.262531039349
11.003772484964554,7.203344151693298,0.8639760350108046,50.48918183024996,-6571.262531039349
11.143869768508404,6.058873725765349,0.9073542354133304,50.27602674851478,-6571.4310819119555
11.143869768508404,6.058873725765349,0.9073542354133304,50.27602674851478,-6571.4310819119555
11.143869768508404,6.058873725765349,0.9073542354133304,50.27602674851478,-6571.4310819119555
10.725996102711168,7.934487998946805,0.8560396640687901,50.50416014398608,-6571.16218886807
10.725996102711168,7.934487998946805,0.8560396640687901,50.50416014398608,-6571.16218886807
10.725996102711168,7.934487998946805,0.8560396640687901,50.50416014398608,-6571.16218886807
10.725996102711168,7.934487998946805,0.8560396640687901,50.50416014398608,-6571.16218886807
10.803787222026425,8.002883673814546,0.6847211546210302,51.33436634600726,-6571.73593519842
10.803787222026425,8.002883673814546,0.6847211546210302,51.33436634600726,-6571.73593519842
10.803787222026425,8.002883673814546,0.6847211546210302,51.33436634600726,-6571.73593519842
10.803787222026425,8.002883673814546,0.6847211546210302,51.33436634600726,-6571.73593519842
11.683817376782034,7.30426840770444,0.5521917729270348,51.49355430852024,-6574.121835627167
11.683817376782034,7.30426840770444,0.5521917729270348,51.49355430852024,-6574.121835627167
12.868387737249277,3.6444755209047903,0.7373676972465937,51.19466966670461,-6575.407243910122
12.868387737249277,3.6444755209047903,0.7373676972465937,51.19466966670461,-6575.407243910122
12.868387737249277,3.6444755209047903,0.7373676972465937,51.19466966670461,-6575.407243910122
11.729823007021826,5.147154972489778,0.6967153681789684,51.71326974364168,-6574.966983792385
11.729823007021826,5.147154972489778,0.6967153681789684,51.71326974364168,-6574.966983792385
11.729823007021826,5.147154972489778,0.6967153681789684,51.71326974364168,-6574.966983792385
11.729823007021826,5.147154972489778,0.6967153681789684,51.71326974364168,-6574.966983792385
12.248341538970584,6.824411966685088,0.50384741945053,50.9332834461151,-6574.812236217869
10.749741425859316,9.638921927703969,0.6898465932834128,50.22015704251052,-6571.890629206286
10.243782443120523,11.048084433494358,0.544199624153601,50.874509456397696,-6572.432477012526
10.243782443120523,11.048084433494358,0.544199624153601,50.874509456397696,-6572.432477012526
10.243782443120523,11.048084433494358,0.544199624153601,50.874509456397696,-6572.432477012526
8.92613033404765,9.875934258697345,0.8042622934746404,50.89665029467724,-6572.002810823308
8.92613033404765,9.875934258697345,0.8042622934746404,50.89665029467724,-6572.002810823308
8.92613033404765,9.875934258697345,0.8042622934746404,50.89665029467724,-6572.002810823308
8.92613033404765,9.875934258697345,0.8042622934746404,50.89665029467724,-6572.002810823308
8.92613033404765,9.875934258697345,0.8042622934746404,50.89665029467724,-6572.002810823308
8.92613033404765,9.875934258697345,0.8042622934746404,50.89665029467724,-6572.002810823308
8.92613033404765,9.875934258697345,0.8042622934746404,50.89665029467724,-6572.002810823308
8.92613033404765,9.875934258697345,0.8042622934746404,50.89665029467724,-6572.002810823308
8.92613033404765,9.875934258697345,0.8042622934746404,50.89665029467724,-6572.002810823308
8.92613033404765,9.875934258697345,0.8042622934746404,50.89665029467724,-6572.002810823308
8.92613033404765,9.875934258697345,0.8042622934746404,50.89665029467724,-6572.002810823308
9.16144137640896,10.607754073128948,0.73189201517479,49.87691266110638,-6571.234183711609
9.16144137640896,10.607754073128948,0.73189201517479,49.87691266110638,-6571.234183711609
10.004831407239232,9.49081164316698,0.7561900175226761,49.859078359939325,-6570.784007470373
10.004831407239232,9.49081164316698,0.7561900175226761,49.859078359939325,-6570.784007470373
10.004831407239232,9.49081164316698,0.7561900175226761,49.859078359939325,-6570.784007470373
10.004831407239232,9.49081164316698,0.7561900175226761,49.859078359939325,-6570.784007470373
10.004831407239232,9.49081164316698,0.7561900175226761,49.859078359939325,-6570.784007470373
10.004831407239232,9.49081164316698,0.7561900175226761,49.859078359939325,-6570.784007470373
10.004831407239232,9.49081164316698,0.7561900175226761,49.859078359939325,-6570.784007470373
9.83701897899242,8.401338690886378,0.7267271448401597,50.81573738983804,-6571.02161553512
9.83701897899242,8.401338690886378,0.7267271448401597,50.81573738983804,-6571.02161553512
9.83701897899242,8.401338690886378,0.7267271448401597,50.81573738983804,-6571.02161553512
9.715892180479907,8.17839149131827,0.8857159255655206,51.13706903403184,-6571.730251752475
9.715892180479907,8.17839149131827,0.8857159255655206,51.13706903403184,-6571.730251752475
9.715892180479907,8.17839149131827,0.8857159255655206,51.13706903403184,-6571.730251752475
9.715892180479907,8.17839149131827,0.8857159255655206,51.13706903403184,-6571.730251752475
9.715892180479907,8.17839149131827,0.8857159255655206,51.13706903403184,-6571.730251752475
9.715892180479907,8.17839149131827,0.8857159255655206,51.13706903403184,-6571.730251752475
9.715892180479907,8.17839149131827,0.8857159255655206,51.13706903403184,-6571.730251752475
9.715892180479907,8.17839149131827,0.8857159255655206,51.13706903403184,-6571.730251752475
9.715892180479907,8.17839149131827,0.8857159255655206,51.13706903403184,-6571.730251752475
9.715892180479907,8.17839149131827,0.8857159255655206,51.13706903403184,-6571.730251752475
9.805540187342917,8.993647123516686,0.8342924878940672,50.74033678753574,-6570.653707867428
9.805540187342917,8.993647123516686,0.8342924878940672,50.74033678753574,-6570.653707867428
9.805540187342917,8.993647123516686,0.8342924878940672,50.74033678753574,-6570.653707867428
10.131881751447105,7.872425667356799,0.7739859409727159,50.576869505026785,-6570.393212864769
10.131881751447105,7.872425667356799,0.7739859409727159,50.576869505026785,-6570.393212864769
10.131881751447105,7.872425667356799,0.7739859409727159,50.576869505026785,-6570.393212864769
10.131881751447105,7.872425667356799,0.7739859409727159,50.576869505026785,-6570.393212864769
10.131881751447105,7.872425667356799,0.7739859409727159,50.576869505026785,-6570.393212864769
10.131881751447105,7.872425667356799,0.7739859409727159,50.576869505026785,-6570.393212864769
10.131881751447105,7.872425667356799,0.7739859409727159,50.576869505026785,-6570.393212864769
10.131881751447105,7.872425667356799,0.7739859409727159,50.576869505026785,-6570.393212864769
10.363959837170377,8.726083243461888,0.6837474921684049,49.77628826839204,-6570.953041354991
10.363959837170377,8.726083243461888,0.6837474921684049,49.77628826839204,-6570.953041354991
10.363959837170377,8.726083243461888,0.6837474921684049,49.77628826839204,-6570.953041354991
10.363959837170377,8.726083243461888,0.6837474921684049,49.77628826839204,-6570.953041354991
10.363959837170377,8.726083243461888,0.6837474921684049,49.77628826839204,-6570.953041354991
10.593217082776667,9.692939608514358,0.7862044890781217,49.81887530537737,-6572.910388481599
10.593217082776667,9.692939608514358,0.7862044890781217,49.81887530537737,-6572.910388481599
10.029059150538593,10.005863861944398,0.8267939264129094,50.30350296829986,-6571.686727993478
10.029059150538593,10.005863861944398,0.8267939264129094,50.30350296829986,-6571.686727993478
10.414875939542897,8.791887651462964,0.7853857285343008,50.2308526614473,-6570.637260170894
10.414875939542897,8.791887651462964,0.7853857285343008,50.2308526614473,-6570.637260170894
10.414875939542897,8.791887651462964,0.7853857285343008,50.2308526614473,-6570.637260170894
10.001167375651404,8.94142956408458,0.8460465813401776,50.06309369981335,-6570.7049782187205
10.001167375651404,8.94142956408458,0.8460465813401776,50.06309369981335,-6570.7049782187205
10.001167375651404,8.94142956408458,0.8460465813401776,50.06309369981335,-6570.7049782187205
10.001167375651404,8.94142956408458,0.8460465813401776,50.06309369981335,-6570.7049782187205
10.001167375651404,8.94142956408458,0.8460465813401776,50.06309369981335,-6570.7049782187205
10.001167375651404,8.94142956408458,0.8460465813401776,50.06309369981335,-6570.7049782187205
10.001167375651404,8.94142956408458,0.8460465813401776,50.06309369981335,-6570.7049782187205
10.001167375651404,8.94142956408458,0.8460465813401776,50.06309369981335,-6570.7049782187205
8.725583606585767,10.735701289787254,0.8463114068970006,50.441674172208835,-6571.805975180292
8.725583606585767,10.735701289787254,0.8463114068970006,50.441674172208835,-6571.805975180292
8.725583606585767,10.735701289787254,0.8463114068970006,50.441674172208835,-6571.805975180292
8.725583606585767,10.735701289787254,0.8463114068970006,50.441674172208835,-6571.805975180292
8.725583606585767,10.735701289787254,0.8463114068970006,50.441674172208835,-6571.805975180292
8.725583606585767,10.735701289787254,0.8463114068970006,50.441674172208835,-6571.805975180292
9.482655452536902,10.658035534938202,0.8362061151003825,50.548958173584616,-6571.667056046957
9.482655452536902,10.658035534938202,0.8362061151003825,50.548958173584616,-6571.667056046957
10.288969230678632,8.418490500492522,0.8629958790929387,51.109808643805806,-6571.588806908416
10.288969230678632,8.418490500492522,0.8629958790929387,51.109808643805806,-6571.588806908416
10.439879761939814,8.675938882680436,0.8593597905023178,51.40938684104769,-6572.872086070276
10.439879761939814,8.675938882680436,0.8593597905023178,51.40938684104769,-6572.872086070276
10.439879761939814,8.675938882680436,0.8593597905023178,51.40938684104769,-6572.872086070276
10.439879761939814,8.675938882680436,0.8593597905023178,51.40938684104769,-6572.872086070276
10.439879761939814,8.675938882680436,0.8593597905023178,51.40938684104769,-6572.872086070276
11.101002477380943,6.37875650851994,0.8989571445790929,50.93082067849366,-6571.7507893917555
11.101002477380943,6.37875650851994,0.8989571445790929,50.93082067849366,-6571.7507893917555
11.101002477380943,6.37875650851994,0.8989571445790929,50.93082067849366,-6571.7507893917555
11.101002477380943,6.37875650851994,0.8989571445790929,50.93082067849366,-6571.7507893917555
11.101002477380943,6.37875650851994,0.8989571445790929,50.93082067849366,-6571.7507893917555
11.17588666202425,6.025643253459815,0.8696815950569408,51.32902928948803,-6572.4402572963645
11.17588666202425,6.025643253459815,0.8696815950569408,51.32902928948803,-6572.4402572963645
11.17588666202425,6.025643253459815,0.8696815950569408,51.32902928948803,-6572.4402572963645
11.17588666202425,6.025643253459815,0.8696815950569408,51.32902928948803,-6572.4402572963645
11.17588666202425,6.025643253459815,0.8696815950569408,51.32902928948803,-6572.4402572963645
11.17588666202425,6.025643253459815,0.8696815950569408,51.32902928948803,-6572.4402572963645
11.870809321655996,5.955527881895227,0.6424874811293733,50.38795416038872,-6572.500228054667
11.870809321655996,5.955527881895227,0.6424874811293733,50.38795416038872,-6572.500228054667
11.870809321655996,5.955527881895227,0.6424874811293733,50.38795416038872,-6572.500228054667
11.870809321655996,5.955527881895227,0.6424874811293733,50.38795416038872,-6572.500228054667
10.956143501110587,7.872370361499785,0.7387473208789739,50.25896327834975,-6570.749302070625
10.956143501110587,7.872370361499785,0.7387473208789739,50.25896327834975,-6570.749302070625
10.956143501110587,7.872370361499785,0.7387473208789739,50.25896327834975,-6570.749302070625
10.956143501110587,7.872370361499785,0.7387473208789739,50.25896327834975,-6570.749302070625
10.956143501110587,7.872370361499785,0.7387473208789739,50.25896327834975,-6570.749302070625
11.068177889307144,7.404061421144929,0.6687483232097753,50.447145888631184,-6570.888690994923
11.068177889307144,7.404061421144929,0.6687483232097753,50.447145888631184,-6570.888690994923
11.068177889307144,7.404061421144929,0.6687483232097753,50.447145888631184,-6570.888690994923
11.068177889307144,7.404061421144929,0.6687483232097753,50.447145888631184,-6570.888690994923
10.819175758760245,7.663743506315449,0.8407187057265018,49.54002987663437,-6571.999679206039
10.819175758760245,7.663743506315449,0.8407187057265018,49.54002987663437,-6571.999679206039
10.819175758760245,7.663743506315449,0.8407187057265018,49.54002987663437,-6571.999679206039
10.819175758760245,7.663743506315449,0.8407187057265018,49.54002987663437,-6571.999679206039
10.819175758760245,7.663743506315449,0.8407187057265018,49.54002987663437,-6571.999679206039
10.819175758760245,7.663743506315449,0.8407187057265018,49.54002987663437,-6571.999679206039
10.819175758760245,7.663743506315449,0.8407187057265018,49.54002987663437,-6571.999679206039
10.819175758760245,7.663743506315449,0.8407187057265018,49.54002987663437,-6571.999679206039
10.819175758760245,7.663743506315449,0.8407187057265018,49.54002987663437,-6571.999679206039
11.211515596915614,5.687891961482285,0.727658494706286,49.12454299387928,-6574.708794775919
10.723493060963042,6.8749432289966785,0.8037196087180712,49.54028766638893,-6571.629036288302
10.723493060963042,6.8749432289966785,0.8037196087180712,49.54028766638893,-6571.629036288302
10.723493060963042,6.8749432289966785,0.8037196087180712,49.54028766638893,-6571.629036288302
11.262607254610122,6.326182843275358,0.7612103599433204,49.51782577433427,-6572.277749774752
11.262607254610122,6.326182843275358,0.7612103599433204,49.51782577433427,-6572.277749774752
11.632474251288306,8.125963243614843,0.5446885992359978,50.85079632447261,-6572.9586682775225
11.632474251288306,8.125963243614843,0.5446885992359978,50.85079632447261,-6572.9586682775225
11.632474251288306,8.125963243614843,0.5446885992359978,50.85079632447261,-6572.9586682775225
11.632474251288306,8.125963243614843,0.5446885992359978,50.85079632447261,-6572.9586682775225
12.194419642454019,9.227744263054959,0.4757247060065662,51.11097879606946,-6576.595062625625
11.590116545805724,8.852582937804232,0.5770099154806424,51.75429338330752,-6575.170631458492
11.590116545805724,8.852582937804232,0.5770099154806424,51.75429338330752,-6575.170631458492
11.590116545805724,8.852582937804232,0.5770099154806424,51.75429338330752,-6575.170631458492
10.57950575146933,8.278462754637113,0.5705511668219917,50.89485192852633,-6572.2069276853
10.57950575146933,8.278462754637113,0.5705511668219917,50.89485192852633,-6572.2069276853
10.57950575146933,8.278462754637113,0.5705511668219917,50.89485192852633,-6572.2069276853
10.57950575146933,8.278462754637113,0.5705511668219917,50.89485192852633,-6572.2069276853
10.57950575146933,8.278462754637113,0.5705511668219917,50.89485192852633,-6572.2069276853
10.57950575146933,8.278462754637113,0.5705511668219917,50.89485192852633,-6572.2069276853
9.810149473029814,10.311492395725708,0.8326272797335534,51.3759388500685,-6573.254750554039
9.810149473029814,10.311492395725708,0.8326272797335534,51.3759388500685,-6573.254750554039
9.66279541111483,10.058680842107842,0.893992354935059,51.33692096342006,-6573.378614377689
9.66279541111483,10.058680842107842,0.893992354935059,51.33692096342006,-6573.378614377689
9.66279541111483,10.058680842107842,0.893992354935059,51.33692096342006,-6573.378614377689
9.66279541111483,10.058680842107842,0.893992354935059,51.33692096342006,-6573.378614377689
9.66279541111483,10.058680842107842,0.893992354935059,51.33692096342006,-6573.378614377689
9.462863219602156,10.867996217660163,0.9518401495791718,51.028772988405116,-6574.511990882325
9.462863219602156,10.867996217660163,0.9518401495791718,51.028772988405116,-6574.511990882325
9.391121669633838,10.713522213752574,0.7676613735664073,50.994334761014954,-6571.61977607232
11.248135349753879,8.085281731307699,0.7064556092605394,50.515209078384075,-6571.477366334148
11.248135349753879,8.085281731307699,0.7064556092605394,50.515209078384075,-6571.477366334148
11.248135349753879,8.085281731307699,0.7064556092605394,50.515209078384075,-6571.477366334148
11.248135349753879,8.085281731307699,0.7064556092605394,50.515209078384075,-6571.477366334148
11.232468281412466,8.056517435090592,0.7084836677483786,51.02432641248786,-6571.857063576654
11.232468281412466,8.056517435090592,0.7084836677483786,51.02432641248786,-6571.857063576654
11.14822730569926,10.695573897245678,0.624946926423952,51.21810000269594,-6575.678496859032
11.14822730569926,10.695573897245678,0.624946926423952,51.21810000269594,-6575.678496859032
11.624390134796672,7.93418486965318,0.5579583721455569,50.61609502021264,-6572.628079324007
11.624390134796672,7.93418486965318,0.5579583721455569,50.61609502021264,-6572.628079324007
11.624390134796672,7.93418486965318,0.5579583721455569,50.61609502021264,-6572.628079324007
11.624390134796672,7.93418486965318,0.5579583721455569,50.61609502021264,-6572.628079324007
11.542004984408422,8.18763764865767,0.6022143790448823,50.497170118321066,-6572.277372941273
11.542004984408422,8.18763764865767,0.6022143790448823,50.497170118321066,-6572.277372941273
11.542004984408422,8.18763764865767,0.6022143790448823,50.497170118321066,-6572.277372941273
11.288999138869427,8.957398074944368,0.6247375601558974,50.419751633040505,-6572.322422174535
11.288999138869427,8.957398074944368,0.6247375601558974,50.419751633040505,-6572.322422174535
11.288999138869427,8.957398074944368,0.6247375601558974,50.419751633040505,-6572.322422174535
11.288999138869427,8.957398074944368,0.6247375601558974,50.419751633040505,-6572.322422174535
10.552581970062231,7.14970529177817,0.6334345717286932,50.592940371066014,-6572.333900417369
10.552581970062231,7.14970529177817,0.6334345717286932,50.592940371066014,-6572.333900417369
10.552581970062231,7.14970529177817,0.6334345717286932,50.592940371066014,-6572.333900417369
10.552581970062231,7.14970529177817,0.6334345717286932,50.592940371066014,-6572.333900417369
10.552581970062231,7.14970529177817,0.6334345717286932,50.592940371066014,-6572.333900417369
10.552581970062231,7.14970529177817,0.6334345717286932,50.592940371066014,-6572.333900417369
10.552581970062231,7.14970529177817,0.6334345717286932,50.592940371066014,-6572.333900417369
10.552581970062231,7.14970529177817,0.6334345717286932,50.592940371066014,-6572.333900417369
10.552581970062231,7.14970529177817,0.6334345717286932,50.592940371066014,-6572.333900417369
10.552581970062231,7.14970529177817,0.6334345717286932,50.592940371066014,-6572.333900417369
10.552581970062231,7.14970529177817,0.6334345717286932,50.592940371066014,-6572.333900417369
10.552581970062231,7.14970529177817,0.6334345717286932,50.592940371066014,-6572.333900417369
10.552581970062231,7.14970529177817,0.6334345717286932,50.592940371066014,-6572.333900417369
10.109114633141639,7.219986427670331,0.6516658972171642,51.161807944325595,-6574.32950309034
10.109114633141639,7.219986427670331,0.6516658972171642,51.161807944325595,-6574.32950309034
12.20515924084288,7.5289503180234085,0.5525504567917751,50.653668705208105,-6574.015291065533
12.20515924084288,7.5289503180234085,0.5525504567917751,50.653668705208105,-6574.015291065533
12.20515924084288,7.5289503180234085,0.5525504567917751,50.653668705208105,-6574.015291065533
12.20515924084288,7.5289503180234085,0.5525504567917751,50.653668705208105,-6574.015291065533
12.20515924084288,7.5289503180234085,0.5525504567917751,50.653668705208105,-6574.015291065533
11.87731079330025,7.8061712060488615,0.6986220900658373,50.1185722228852,-6573.658825048742
11.87731079330025,7.8061712060488615,0.6986220900658373,50.1185722228852,-6573.658825048742
11.087257502897904,7.4403971378512885,0.6111355791707653,49.98379098664867,-6571.921926754943
11.087257502897904,7.4403971378512885,0.6111355791707653,49.98379098664867,-6571.921926754943
11.087257502897904,7.4403971378512885,0.6111355791707653,49.98379098664867,-6571.921926754943
11.087257502897904,7.4403971378512885,0.6111355791707653,49.98379098664867,-6571.921926754943
11.087257502897904,7.4403971378512885,0.6111355791707653,49.98379098664867,-6571.921926754943
11.087257502897904,7.4403971378512885,0.6111355791707653,49.98379098664867,-6571.921926754943
11.087257502897904,7.4403971378512885,0.6111355791707653,49.98379098664867,-6571.921926754943
11.087257502897904,7.4403971378512885,0.6111355791707653,49.98379098664867,-6571.921926754943
11.087257502897904,7.4403971378512885,0.6111355791707653,49.98379098664867,-6571.921926754943
11.087257502897904,7.4403971378512885,0.6111355791707653,49.98379098664867,-6571.921926754943
11.087257502897904,7.4403971378512885,0.6111355791707653,49.98379098664867,-6571.921926754943
11.087257502897904,7.4403971378512885,0.6111355791707653,49.98379098664867,-6571.921926754943
11.087257502897904,7.4403971378512885,0.6111355791707653,49.98379098664867,-6571.921926754943
11.087257502897904,7.4403971378512885,0.6111355791707653,49.98379098664867,-6571.921926754943
10.180368598623565,8.308736025856028,0.6303711914713623,49.712094732700585,-6572.21148426491
10.180368598623565,8.308736025856028,0.6303711914713623,49.712094732700585,-6572.21148426491
10.180368598623565,8.308736025856028,0.6303711914713623,49.712094732700585,-6572.21148426491
10.180368598623565,8.308736025856028,0.6303711914713623,49.712094732700585,-6572.21148426491
10.180368598623565,8.308736025856028,0.6303711914713623,49.712094732700585,-6572.21148426491
11.380529875787825,8.307510585658699,0.6823375666389857,49.464096570996894,-6573.503605013082
10.708390623670207,8.16366226074592,0.6795833006392565,49.098513970370774,-6573.228868902726
10.708390623670207,8.16366226074592,0.6795833006392565,49.098513970370774,-6573.228868902726
10.708390623670207,8.16366226074592,0.6795833006392565,49.098513970370774,-6573.228868902726
10.708390623670207,8.16366226074592,0.6795833006392565,49.098513970370774,-6573.228868902726
10.708390623670207,8.16366226074592,0.6795833006392565,49.098513970370774,-6573.228868902726
9.740008741525253,9.62408720609643,0.7316981405665621,49.09119655610197,-6572.823720201575
9.740008741525253,9.62408720609643,0.7316981405665621,49.09119655610197,-6572.823720201575
9.740008741525253,9.62408720609643,0.7316981405665621,49.09119655610197,-6572.823720201575
9.228974506741721,11.271543365141177,0.7505480374677868,49.45822843499188,-6572.459802179883
9.228974506741721,11.271543365141177,0.7505480374677868,49.45822843499188,-6572.459802179883
9.228974506741721,11.271543365141177,0.7505480374677868,49.45822843499188,-6572.459802179883
9.228974506741721,11.271543365141177,0.7505480374677868,49.45822843499188,-6572.459802179883
9.228974506741721,11.271543365141177,0.7505480374677868,49.45822843499188,-6572.459802179883
9.228974506741721,11.271543365141177,0.7505480374677868,49.45822843499188,-6572.459802179883
8.770895205204443,10.125583205945475,0.964616922595662,49.694503501763165,-6572.912913231237
8.770895205204443,10.125583205945475,0.964616922595662,49.694503501763165,-6572.912913231237
8.770895205204443,10.125583205945475,0.964616922595662,49.694503501763165,-6572.912913231237
8.770895205204443,10.125583205945475,0.964616922595662,49.694503501763165,-6572.912913231237
8.770895205204443,10.125583205945475,0.964616922595662,49.694503501763165,-6572.912913231237
8.770895205204443,10.125583205945475,0.964616922595662,49.694503501763165,-6572.912913231237
8.770895205204443,10.125583205945475,0.964616922595662,49.694503501763165,-6572.912913231237
8.770895205204443,10.125583205945475,0.964616922595662,49.694503501763165,-6572.912913231237
8.770895205204443,10.125583205945475,0.964616922595662,49.694503501763165,-6572.912913231237
9.70701228029014,9.126350020386472,1.0424324340810898,50.143057781198614,-6573.1219483009245
9.70701228029014,9.126350020386472,1.0424324340810898,50.143057781198614,-6573.1219483009245
9.70701228029014,9.126350020386472,1.0424324340810898,50.143057781198614,-6573.1219483009245
9.70701228029014,9.126350020386472,1.0424324340810898,50.143057781198614,-6573.1219483009245
9.70701228029014,9.126350020386472,1.0424324340810898,50.143057781198614,-6573.1219483009245
9.70701228029014,9.126350020386472,1.0424324340810898,50.143057781198614,-6573.1219483009245
9.210704007548044,8.257941342091698,0.7197379005104768,50.25089409266057,-6573.775309463161
9.210704007548044,8.257941342091698,0.7197379005104768,50.25089409266057,-6573.775309463161
10.784924531567592,7.682089849396797,0.6422647380117881,50.19919553732441,-6571.1004147657495
10.784924531567592,7.682089849396797,0.6422647380117881,50.19919553732441,-6571.1004147657495
10.784924531567592,7.682089849396797,0.6422647380117881,50.19919553732441,-6571.1004147657495
10.784924531567592,7.682089849396797,0.6422647380117881,50.19919553732441,-6571.1004147657495
10.784924531567592,7.682089849396797,0.6422647380117881,50.19919553732441,-6571.1004147657495
10.784924531567592,7.682089849396797,0.6422647380117881,50.19919553732441,-6571.1004147657495
10.784924531567592,7.682089849396797,0.6422647380117881,50.19919553732441,-6571.1004147657495
10.940135841416438,8.283146104107638,0.851104575245456,50.55726346873469,-6572.26239401235
10.940135841416438,8.283146104107638,0.851104575245456,50.55726346873469,-6572.26239401235
9.200126810856123,10.62682862573405,0.7468609138394786,50.32680906275454,-6570.86343973229
9.200126810856123,10.62682862573405,0.7468609138394786,50.32680906275454,-6570.86343973229
9.200126810856123,10.62682862573405,0.7468609138394786,50.32680906275454,-6570.86343973229
9.200126810856123,10.62682862573405,0.7468609138394786,50.32680906275454,-6570.86343973229
9.200126810856123,10.62682862573405,0.7468609138394786,50.32680906275454,-6570.86343973229
9.200126810856123,10.62682862573405,0.7468609138394786,50.32680906275454,-6570.86343973229
9.200126810856123,10.62682862573405,0.7468609138394786,50.32680906275454,-6570.86343973229
9.200126810856123,10.62682862573405,0.7468609138394786,50.32680906275454,-6570.86343973229
9.200126810856123,10.62682862573405,0.7468609138394786,50.32680906275454,-6570.86343973229
9.200126810856123,10.62682862573405,0.7468609138394786,50.32680906275454,-6570.86343973229
9.200126810856123,10.62682862573405,0.7468609138394786,50.32680906275454,-6570.86343973229
9.200126810856123,10.62682862573405,0.7468609138394786,50.32680906275454,-6570.86343973229
9.810277657553574,9.066113221664233,0.7107658562815661,50.15904168442079,-6570.457777078428
9.810277657553574,9.066113221664233,0.7107658562815661,50.15904168442079,-6570.457777078428
9.810277657553574,9.066113221664233,0.7107658562815661,50.15904168442079,-6570.457777078428
9.605615343432753,9.747268937505831,0.6805286783165675,50.04384940617172,-6570.798901151234
9.605615343432753,9.747268937505831,0.6805286783165675,50.04384940617172,-6570.798901151234
9.605615343432753,9.747268937505831,0.6805286783165675,50.04384940617172,-6570.798901151234
9.605615343432753,9.747268937505831,0.6805286783165675,50.04384940617172,-6570.798901151234
9.605615343432753,9.747268937505831,0.6805286783165675,50.04384940617172,-6570.798901151234
9.605615343432753,9.747268937505831,0.6805286783165675,50.04384940617172,-6570.798901151234
10.999701146093663,7.586387417326629,0.8297387080408041,50.50102452286861,-6571.237360272307
10.999701146093663,7.586387417326629,0.8297387080408041,50.50102452286861,-6571.237360272307
10.999701146093663,7.586387417326629,0.8297387080408041,50.50102452286861,-6571.237360272307
10.999701146093663,7.586387417326629,0.8297387080408041,50.50102452286861,-6571.237360272307
10.999701146093663,7.586387417326629,0.8297387080408041,50.50102452286861,-6571.237360272307
10.999701146093663,7.586387417326629,0.8297387080408041,50.50102452286861,-6571.237360272307
11.53648516137042,6.077770829279464,0.7124368250031397,50.48129638398586,-6571.500123157525
11.53648516137042,6.077770829279464,0.7124368250031397,50.48129638398586,-6571.500123157525
11.53648516137042,6.077770829279464,0.7124368250031397,50.48129638398586,-6571.500123157525
11.53648516137042,6.077770829279464,0.7124368250031397,50.48129638398586,-6571.500123157525
10.05781518565613,8.135887103429202,0.7100622526080469,49.66062920878222,-6571.527969992557
10.05781518565613,8.135887103429202,0.7100622526080469,49.66062920878222,-6571.527969992557
10.05781518565613,8.135887103429202,0.7100622526080469,49.66062920878222,-6571.527969992557
10.05781518565613,8.135887103429202,0.7100622526080469,49.66062920878222,-6571.527969992557
10.05781518565613,8.135887103429202,0.7100622526080469,49.66062920878222,-6571.527969992557
10.05781518565613,8.135887103429202,0.7100622526080469,49.66062920878222,-6571.527969992557
10.05781518565613,8.135887103429202,0.7100622526080469,49.66062920878222,-6571.527969992557
10.05781518565613,8.135887103429202,0.7100622526080469,49.66062920878222,-6571.527969992557
10.05781518565613,8.135887103429202,0.7100622526080469,49.66062920878222,-6571.527969992557
10.05781518565613,8.135887103429202,0.7100622526080469,49.66062920878222,-6571.527969992557
10.05781518565613,8.135887103429202,0.7100622526080469,49.66062920878222,-6571.527969992557
10.05781518565613,8.135887103429202,0.7100622526080469,49.66062920878222,-6571.527969992557
10.05781518565613,8.135887103429202,0.7100622526080469,49.66062920878222,-6571.527969992557
10.05781518565613,8.135887103429202,0.7100622526080469,49.66062920878222,-6571.527969992557
10.05781518565613,8.135887103429202,0.7100622526080469,49.66062920878222,-6571.527969992557
10.05781518565613,8.135887103429202,0.7100622526080469,49.66062920878222,-6571.527969992557
10.970785069238895,7.7726605636603825,0.8350914572206128,49.793087977997885,-6571.925256991076
10.970785069238895,7.7726605636603825,0.8350914572206128,49.793087977997885,-6571.925256991076
10.970785069238895,7.7726605636603825,0.8350914572206128,49.793087977997885,-6571.925256991076
10.970785069238895,7.7726605636603825,0.8350914572206128,49.793087977997885,-6571.925256991076
10.970785069238895,7.7726605636603825,0.8350914572206128,49.793087977997885,-6571.925256991076
10.970785069238895,7.7726605636603825,0.8350914572206128,49.793087977997885,-6571.925256991076
10.970785069238895,7.7726605636603825,0.8350914572206128,49.793087977997885,-6571.925256991076
10.970785069238895,7.7726605636603825,0.8350914572206128,49.793087977997885,-6571.925256991076
10.970785069238895,7.7726605636603825,0.8350914572206128,49.793087977997885,-6571.925256991076
10.970785069238895,7.7726605636603825,0.8350914572206128,49.793087977997885,-6571.925256991076
10.970785069238895,7.7726605636603825,0.8350914572206128,49.793087977997885,-6571.925256991076
10.970785069238895,7.7726605636603825,0.8350914572206128,49.793087977997885,-6571.925256991076
10.970785069238895,7.7726605636603825,0.8350914572206128,49.793087977997885,-6571.925256991076
10.970785069238895,7.7726605636603825,0.8350914572206128,49.793087977997885,-6571.925256991076
10.670487142671158,7.095227946581879,0.8639715077353513,49.7752699596772,-6571.165654531138
10.642830481553489,6.377846111802828,0.8696579003835915,49.96933089936646,-6571.125639741995
10.642830481553489,6.377846111802828,0.8696579003835915,49.96933089936646,-6571.125639741995
10.642830481553489,6.377846111802828,0.8696579003835915,49.96933089936646,-6571.125639741995
10.642830481553489,6.377846111802828,0.8696579003835915,49.96933089936646,-6571.125639741995
10.642830481553489,6.377846111802828,0.8696579003835915,49.96933089936646,-6571.125639741995
10.642830481553489,6.377846111802828,0.8696579003835915,49.96933089936646,-6571.125639741995
10.642830481553489,6.377846111802828,0.8696579003835915,49.96933089936646,-6571.125639741995
10.642830481553489,6.377846111802828,0.8696579003835915,49.96933089936646,-6571.125639741995
10.642830481553489,6.377846111802828,0.8696579003835915,49.96933089936646,-6571.125639741995
10.642830481553489,6.377846111802828,0.8696579003835915,49.96933089936646,-6571.125639741995
10.642830481553489,6.377846111802828,0.8696579003835915,49.96933089936646,-6571.125639741995
10.642830481553489,6.377846111802828,0.8696579003835915,49.96933089936646,-6571.125639741995
10.642830481553489,6.377846111802828,0.8696579003835915,49.96933089936646,-6571.125639741995
10.642830481553489,6.377846111802828,0.8696579003835915,49.96933089936646,-6571.125639741995
10.642830481553489,6.377846111802828,0.8696579003835915,49.96933089936646,-6571.125639741995
10.642830481553489,6.377846111802828,0.8696579003835915,49.96933089936646,-6571.125639741995
10.642830481553489,6.377846111802828,0.8696579003835915,49.96933089936646,-6571.125639741995
10.642830481553489,6.377846111802828,0.8696579003835915,49.96933089936646,-6571.125639741995
10.642830481553489,6.377846111802828,0.8696579003835915,49.96933089936646,-6571.125639741995
10.642830481553489,6.377846111802828,0.8696579003835915,49.96933089936646,-6571.125639741995
10.642830481553489,6.377846111802828,0.8696579003835915,49.96933089936646,-6571.125639741995
10.724783986438865,8.25449750217776,0.7596546471357435,50.21416027417451,-6570.652314814059
10.464808989496536,8.024658309534106,0.848191290435211,49.90133737801442,-6570.923300308505
10.464808989496536,8.024658309534106,0.848191290435211,49.90133737801442,-6570.923300308505
9.959034672191663,8.970799951003656,0.7516253878579957,49.98302877898482,-6570.388162600022
9.172330628719141,10.86186449247185,0.7714330666754916,49.64528153024531,-6571.757400754832
10.173824573793757,6.8691234241728845,0.9434232371524981,49.887460934277954,-6571.430322193297
10.173824573793757,6.8691234241728845,0.9434232371524981,49.887460934277954,-6571.430322193297
9.823734110265873,7.686112453072469,0.900467203291651,50.453834648148366,-6570.862051514485
9.823734110265873,7.686112453072469,0.900467203291651,50.453834648148366,-6570.862051514485
9.823734110265873,7.686112453072469,0.900467203291651,50.453834648148366,-6570.862051514485
9.823734110265873,7.686112453072469,0.900467203291651,50.453834648148366,-6570.862051514485
9.823734110265873,7.686112453072469,0.900467203291651,50.453834648148366,-6570.862051514485
9.823734110265873,7.686112453072469,0.900467203291651,50.453834648148366,-6570.862051514485
9.437543533576102,8.855804285765338,0.8604285357479013,49.83420093638589,-6571.112007936201
9.570398014593131,10.105031622272453,1.0294923683957165,50.212005585293845,-6574.123704726317
9.92981672583357,5.772030714872787,1.0880860358417277,50.8292067757059,-6574.024361786808
11.375930216259928,3.6321908388910353,1.064035681898763,50.92875698712625,-6574.767584633873
11.375930216259928,3.6321908388910353,1.064035681898763,50.92875698712625,-6574.767584633873
11.375930216259928,3.6321908388910353,1.064035681898763,50.92875698712625,-6574.767584633873
11.375930216259928,3.6321908388910353,1.064035681898763,50.92875698712625,-6574.767584633873
11.375930216259928,3.6321908388910353,1.064035681898763,50.92875698712625,-6574.767584633873
11.375930216259928,3.6321908388910353,1.064035681898763,50.92875698712625,-6574.767584633873
11.60035479098349,3.909655216290912,0.9720455577791877,51.33581721883684,-6574.6261369256035
11.60035479098349,3.909655216290912,0.9720455577791877,51.33581721883684,-6574.6261369256035
11.2002608287104,6.804801284864809,0.8052771889960098,51.382839815113236,-6572.3029911874755
11.2002608287104,6.804801284864809,0.8052771889960098,51.382839815113236,-6572.3029911874755
11.2002608287104,6.804801284864809,0.8052771889960098,51.382839815113236,-6572.3029911874755
11.2002608287104,6.804801284864809,0.8052771889960098,51.382839815113236,-6572.3029911874755
11.731810120316402,7.330762953500806,0.5801871085116788,51.30543447071862,-6573.329909803924
11.731810120316402,7.330762953500806,0.5801871085116788,51.30543447071862,-6573.329909803924
11.463451503757453,6.299238508963795,0.7292678950322292,51.35163398240747,-6572.410287138267
11.201543960707625,7.29068993282473,0.8149250177788532,51.05561165115543,-6571.931172291796
11.201543960707625,7.29068993282473,0.8149250177788532,51.05561165115543,-6571.931172291796
10.668606747191573,7.521326867986639,0.7828576577419891,51.13794126191617,-6571.137068473629
10.668606747191573,7.521326867986639,0.7828576577419891,51.13794126191617,-6571.137068473629
10.668606747191573,7.521326867986639,0.7828576577419891,51.13794126191617,-6571.137068473629
10.668606747191573,7.521326867986639,0.7828576577419891,51.13794126191617,-6571.137068473629
10.668606747191573,7.521326867986639,0.7828576577419891,51.13794126191617,-6571.137068473629
10.668606747191573,7.521326867986639,0.7828576577419891,51.13794126191617,-6571.137068473629
10.668606747191573,7.521326867986639,0.7828576577419891,51.13794126191617,-6571.137068473629
9.279327743285748,10.745844832903327,0.8452338603529402,50.19376311716083,-6571.563019206789
9.279327743285748,10.745844832903327,0.8452338603529402,50.19376311716083,-6571.563019206789
8.974059230969717,10.766202529808744,0.8292381745397017,50.61051361886503,-6571.540048453079
8.974059230969717,10.766202529808744,0.8292381745397017,50.61051361886503,-6571.540048453079
8.644612477416885,12.805907468879173,0.8322018454842829,50.42711088961599,-6573.711775934683
10.283533542401283,7.656980023028946,0.9570268262434067,50.388700260910255,-6571.269842293729
10.283533542401283,7.656980023028946,0.9570268262434067,50.388700260910255,-6571.269842293729
10.283533542401283,7.656980023028946,0.9570268262434067,50.388700260910255,-6571.269842293729
10.283533542401283,7.656980023028946,0.9570268262434067,50.388700260910255,-6571.269842293729
10.283533542401283,7.656980023028946,0.9570268262434067,50.388700260910255,-6571.269842293729
10.283533542401283,7.656980023028946,0.9570268262434067,50.388700260910255,-6571.269842293729
10.283533542401283,7.656980023028946,0.9570268262434067,50.388700260910255,-6571.269842293729
10.283533542401283,7.656980023028946,0.9570268262434067,50.388700260910255,-6571.269842293729
9.637149968763211,8.907593617828537,0.8440117627924861,50.2362426564633,-6570.481301376998
9.637149968763211,8.907593617828537,0.8440117627924861,50.2362426564633,-6570.481301376998
9.637149968763211,8.907593617828537,0.8440117627924861,50.2362426564633,-6570.481301376998
9.637149968763211,8.907593617828537,0.8440117627924861,50.2362426564633,-6570.481301376998
9.637149968763211,8.907593617828537,0.8440117627924861,50.2362426564633,-6570.481301376998
9.637149968763211,8.907593617828537,0.8440117627924861,50.2362426564633,-6570.481301376998
11.128971913750476,7.597091813227549,0.7602593230960683,50.043294397186585,-6571.225424583496
11.128971913750476,7.597091813227549,0.7602593230960683,50.043294397186585,-6571.225424583496
11.40591830709433,7.5708049936528035,0.7415514563864916,50.002082761326655,-6571.941078238128
12.067756146903548,7.3025025404090576,0.7163315444460697,50.323624892405476,-6573.742797283572
12.067756146903548,7.3025025404090576,0.7163315444460697,50.323624892405476,-6573.742797283572
12.067756146903548,7.3025025404090576,0.7163315444460697,50.323624892405476,-6573.742797283572
12.067756146903548,7.3025025404090576,0.7163315444460697,50.323624892405476,-6573.742797283572
12.067756146903548,7.3025025404090576,0.7163315444460697,50.323624892405476,-6573.742797283572
12.181996462674997,5.737096559201651,0.7334514155864045,50.51610714353361,-6572.668692682231
11.903767294250693,5.592990949075691,0.7166923030619895,50.92974982302421,-6572.380976941504
11.903767294250693,5.592990949075691,0.7166923030619895,50.92974982302421,-6572.380976941504
11.487824914580445,6.956278884643728,0.6685612455828177,51.334525674231706,-6572.453323088772
11.487824914580445,6.956278884643728,0.6685612455828177,51.334525674231706,-6572.453323088772
11.487824914580445,6.956278884643728,0.6685612455828177,51.334525674231706,-6572.453323088772
11.487824914580445,6.956278884643728,0.6685612455828177,51.334525674231706,-6572.453323088772
11.487824914580445,6.956278884643728,0.6685612455828177,51.334525674231706,-6572.453323088772
10.758498796939847,7.870838740643393,0.7684935181801882,51.062358797298984,-6571.094985664286
10.758498796939847,7.870838740643393,0.7684935181801882,51.062358797298984,-6571.094985664286
10.758498796939847,7.870838740643393,0.7684935181801882,51.062358797298984,-6571.094985664286
10.758498796939847,7.870838740643393,0.7684935181801882,51.062358797298984,-6571.094985664286
10.758498796939847,7.870838740643393,0.7684935181801882,51.062358797298984,-6571.094985664286
10.841056002179911,7.423315612810176,0.781881087007544,50.652759474490395,-6570.560627436006
10.841056002179911,7.423315612810176,0.781881087007544,50.652759474490395,-6570.560627436006
10.841056002179911,7.423315612810176,0.781881087007544,50.652759474490395,-6570.560627436006
10.841056002179911,7.423315612810176,0.781881087007544,50.652759474490395,-6570.560627436006
10.841056002179911,7.423315612810176,0.781881087007544,50.652759474490395,-6570.560627436006
10.841056002179911,7.423315612810176,0.781881087007544,50.652759474490395,-6570.560627436006
10.841056002179911,7.423315612810176,0.781881087007544,50.652759474490395,-6570.560627436006
10.841056002179911,7.423315612810176,0.781881087007544,50.652759474490395,-6570.560627436006
10.841056002179911,7.423315612810176,0.781881087007544,50.652759474490395,-6570.560627436006
10.841056002179911,7.423315612810176,0.781881087007544,50.652759474490395,-6570.560627436006
10.841056002179911,7.423315612810176,0.781881087007544,50.652759474490395,-6570.560627436006
10.841056002179911,7.423315612810176,0.781881087007544,50.652759474490395,-6570.560627436006
10.841056002179911,7.423315612810176,0.781881087007544,50.652759474490395,-6570.560627436006
11.078960331082596,6.570018663737818,0.7115221429923364,50.364943074050196,-6571.055972388942
11.078960331082596,6.570018663737818,0.7115221429923364,50.364943074050196,-6571.055972388942
11.078960331082596,6.570018663737818,0.7115221429923364,50.364943074050196,-6571.055972388942
11.078960331082596,6.570018663737818,0.7115221429923364,50.364943074050196,-6571.055972388942
11.078960331082596,6.570018663737818,0.7115221429923364,50.364943074050196,-6571.055972388942
11.078960331082596,6.570018663737818,0.7115221429923364,50.364943074050196,-6571.055972388942
11.744010022315756,6.264443768059412,0.7219024380515625,50.581271030580766,-6571.713729105202
11.09710788705867,7.320718171931716,0.737366937445043,50.49503527655399,-6570.723307014667
11.09710788705867,7.320718171931716,0.737366937445043,50.49503527655399,-6570.723307014667
11.09710788705867,7.320718171931716,0.737366937445043,50.49503527655399,-6570.723307014667
11.09710788705867,7.320718171931716,0.737366937445043,50.49503527655399,-6570.723307014667
11.09710788705867,7.320718171931716,0.737366937445043,50.49503527655399,-6570.723307014667
11.09710788705867,7.320718171931716,0.737366937445043,50.49503527655399,-6570.723307014667
11.09710788705867,7.320718171931716,0.737366937445043,50.49503527655399,-6570.723307014667
11.056633020124583,6.313393020855971,0.8780517333287431,50.8256503966453,-6571.351553597634
11.056633020124583,6.313393020855971,0.8780517333287431,50.8256503966453,-6571.351553597634
10.727376338518644,6.283507816560786,0.7043764174413781,50.673959188797795,-6572.213437822184
10.727376338518644,6.283507816560786,0.7043764174413781,50.673959188797795,-6572.213437822184
10.727376338518644,6.283507816560786,0.7043764174413781,50.673959188797795,-6572.213437822184
10.50071654495232,8.667050070152959,0.6960598959802675,50.183691567347196,-6570.441467222052
10.50071654495232,8.667050070152959,0.6960598959802675,50.183691567347196,-6570.441467222052
10.50071654495232,8.667050070152959,0.6960598959802675,50.183691567347196,-6570.441467222052
10.50071654495232,8.667050070152959,0.6960598959802675,50.183691567347196,-6570.441467222052
10.50071654495232,8.667050070152959,0.6960598959802675,50.183691567347196,-6570.441467222052
10.50071654495232,8.667050070152959,0.6960598959802675,50.183691567347196,-6570.441467222052
10.50071654495232,8.667050070152959,0.6960598959802675,50.183691567347196,-6570.441467222052
10.50071654495232,8.667050070152959,0.6960598959802675,50.183691567347196,-6570.441467222052
10.50071654495232,8.667050070152959,0.6960598959802675,50.183691567347196,-6570.441467222052
10.50071654495232,8.667050070152959,0.6960598959802675,50.183691567347196,-6570.441467222052
10.50071654495232,8.667050070152959,0.6960598959802675,50.183691567347196,-6570.441467222052
10.50071654495232,8.667050070152959,0.6960598959802675,50.183691567347196,-6570.441467222052
10.465338544482897,10.512873099884182,0.6592734781339257,50.822568364747724,-6572.27687745923
10.465338544482897,10.512873099884182,0.6592734781339257,50.822568364747724,-6572.27687745923
10.465338544482897,10.512873099884182,0.6592734781339257,50.822568364747724,-6572.27687745923
9.788291048862137,11.66824654424086,0.6374202601306461,50.9855581135807,-6572.479196657772
9.788291048862137,11.66824654424086,0.6374202601306461,50.9855581135807,-6572.479196657772
9.788291048862137,11.66824654424086,0.6374202601306461,50.9855581135807,-6572.479196657772
9.788291048862137,11.66824654424086,0.6374202601306461,50.9855581135807,-6572.479196657772
9.788291048862137,11.66824654424086,0.6374202601306461,50.9855581135807,-6572.479196657772
9.788291048862137,11.66824654424086,0.6374202601306461,50.9855581135807,-6572.479196657772
9.788291048862137,11.66824654424086,0.6374202601306461,50.9855581135807,-6572.479196657772
9.788291048862137,11.66824654424086,0.6374202601306461,50.9855581135807,-6572.479196657772
9.788291048862137,11.66824654424086,0.6374202601306461,50.9855581135807,-6572.479196657772
9.788291048862137,11.66824654424086,0.6374202601306461,50.9855581135807,-6572.479196657772
8.749164863136537,9.85177315082944,0.9117781600341963,50.92302136446651,-6572.74500454163
8.749164863136537,9.85177315082944,0.9117781600341963,50.92302136446651,-6572.74500454163
8.749164863136537,9.85177315082944,0.9117781600341963,50.92302136446651,-6572.74500454163
8.749164863136537,9.85177315082944,0.9117781600341963,50.92302136446651,-6572.74500454163
8.982795144641834,9.262523363091738,0.8301065440772829,51.11695617586288,-6572.7586074745395
8.982795144641834,9.262523363091738,0.8301065440772829,51.11695617586288,-6572.7586074745395
8.982795144641834,9.262523363091738,0.8301065440772829,51.11695617586288,-6572.7586074745395
8.982795144641834,9.262523363091738,0.8301065440772829,51.11695617586288,-6572.7586074745395
8.982795144641834,9.262523363091738,0.8301065440772829,51.11695617586288,-6572.7586074745395
8.982795144641834,9.262523363091738,0.8301065440772829,51.11695617586288,-6572.7586074745395
8.982795144641834,9.262523363091738,0.8301065440772829,51.11695617586288,-6572.7586074745395
9.423177416249773,7.680399028865938,0.9560331454271727,50.708999738248586,-6572.143609402276
9.423177416249773,7.680399028865938,0.9560331454271727,50.708999738248586,-6572.143609402276
10.090133616437683,9.075486184951473,0.8894245188206666,50.171784835470795,-6571.394523861798
10.421184227952194,8.748553010446289,0.6704443103476379,49.634963345061166,-6571.36523719121
10.421184227952194,8.748553010446289,0.6704443103476379,49.634963345061166,-6571.36523719121
10.421184227952194,8.748553010446289,0.6704443103476379,49.634963345061166,-6571.36523719121
10.421184227952194,8.748553010446289,0.6704443103476379,49.634963345061166,-6571.36523719121
10.421184227952194,8.748553010446289,0.6704443103476379,49.634963345061166,-6571.36523719121
10.421184227952194,8.748553010446289,0.6704443103476379,49.634963345061166,-6571.36523719121
10.421184227952194,8.748553010446289,0.6704443103476379,49.634963345061166,-6571.36523719121
10.421184227952194,8.748553010446289,0.6704443103476379,49.634963345061166,-6571.36523719121
9.741068422591846,8.948801952403063,0.7052476494549862,49.516918301445415,-6571.789970017611
9.741068422591846,8.948801952403063,0.7052476494549862,49.516918301445415,-6571.789970017611
9.741068422591846,8.948801952403063,0.7052476494549862,49.516918301445415,-6571.789970017611
10.172274004099473,8.67259618659308,0.6087564391567802,49.946134222067734,-6571.761988424318
9.46432525465029,10.655195285273775,0.6472176865727893,50.63174535212218,-6571.059814024449
9.46432525465029,10.655195285273775,0.6472176865727893,50.63174535212218,-6571.059814024449
9.46432525465029,10.655195285273775,0.6472176865727893,50.63174535212218,-6571.059814024449
9.46432525465029,10.655195285273775,0.6472176865727893,50.63174535212218,-6571.059814024449
9.46432525465029,10.655195285273775,0.6472176865727893,50.63174535212218,-6571.059814024449
10.117048589914779,8.640725717719668,0.6752007308050093,50.82992288480005,-6570.8124720572305
10.117048589914779,8.640725717719668,0.6752007308050093,50.82992288480005,-6570.8124720572305
10.117048589914779,8.640725717719668,0.6752007308050093,50.82992288480005,-6570.8124720572305
10.117048589914779,8.640725717719668,0.6752007308050093,50.82992288480005,-6570.8124720572305
10.117048589914779,8.640725717719668,0.6752007308050093,50.82992288480005,-6570.8124720572305
10.117048589914779,8.640725717719668,0.6752007308050093,50.82992288480005,-6570.8124720572305
10.117048589914779,8.640725717719668,0.6752007308050093,50.82992288480005,-6570.8124720572305
10.117048589914779,8.640725717719668,0.6752007308050093,50.82992288480005,-6570.8124720572305
10.117048589914779,8.640725717719668,0.6752007308050093,50.82992288480005,-6570.8124720572305
10.666654894861823,6.960107640102453,0.7013928422099871,51.03360109703495,-6571.686999584203
10.666654894861823,6.960107640102453,0.7013928422099871,51.03360109703495,-6571.686999584203
10.666654894861823,6.960107640102453,0.7013928422099871,51.03360109703495,-6571.686999584203
10.666654894861823,6.960107640102453,0.7013928422099871,51.03360109703495,-6571.686999584203
10.666654894861823,6.960107640102453,0.7013928422099871,51.03360109703495,-6571.686999584203
10.666654894861823,6.960107640102453,0.7013928422099871,51.03360109703495,-6571.686999584203
10.666654894861823,6.960107640102453,0.7013928422099871,51.03360109703495,-6571.686999584203
10.666654894861823,6.960107640102453,0.7013928422099871,51.03360109703495,-6571.686999584203
11.135267248784354,6.237849693009393,0.7090318426786162,50.700665206044356,-6571.491797598006
11.135267248784354,6.237849693009393,0.7090318426786162,50.700665206044356,-6571.491797598006
11.135267248784354,6.237849693009393,0.7090318426786162,50.700665206044356,-6571.491797598006
11.135267248784354,6.237849693009393,0.7090318426786162,50.700665206044356,-6571.491797598006
11.135267248784354,6.237849693009393,0.7090318426786162,50.700665206044356,-6571.491797598006
11.135267248784354,6.237849693009393,0.7090318426786162,50.700665206044356,-6571.491797598006
11.135267248784354,6.237849693009393,0.7090318426786162,50.700665206044356,-6571.491797598006
11.025082550994002,6.452680098219844,0.6713970443386683,51.18694915695955,-6572.575465008334
11.025082550994002,6.452680098219844,0.6713970443386683,51.18694915695955,-6572.575465008334
11.025082550994002,6.452680098219844,0.6713970443386683,51.18694915695955,-6572.575465008334
11.025082550994002,6.452680098219844,0.6713970443386683,51.18694915695955,-6572.575465008334
11.025082550994002,6.452680098219844,0.6713970443386683,51.18694915695955,-6572.575465008334
11.025082550994002,6.452680098219844,0.6713970443386683,51.18694915695955,-6572.575465008334
11.025082550994002,6.452680098219844,0.6713970443386683,51.18694915695955,-6572.575465008334
11.025082550994002,6.452680098219844,0.6713970443386683,51.18694915695955,-6572.575465008334
11.025082550994002,6.452680098219844,0.6713970443386683,51.18694915695955,-6572.575465008334
11.025082550994002,6.452680098219844,0.6713970443386683,51.18694915695955,-6572.575465008334
11.025082550994002,6.452680098219844,0.6713970443386683,51.18694915695955,-6572.575465008334
11.025082550994002,6.452680098219844,0.6713970443386683,51.18694915695955,-6572.575465008334
10.184330853472915,9.27858418307506,0.8152880978585733,50.72400122605672,-6571.105639749645
10.184330853472915,9.27858418307506,0.8152880978585733,50.72400122605672,-6571.105639749645
10.184330853472915,9.27858418307506,0.8152880978585733,50.72400122605672,-6571.105639749645
9.1567720443389,10.269357208351673,0.7918280117690824,51.097728243698135,-6571.852906738397
9.1567720443389,10.269357208351673,0.7918280117690824,51.097728243698135,-6571.852906738397
9.1567720443389,10.269357208351673,0.7918280117690824,51.097728243698135,-6571.852906738397
9.436650269570102,8.425354554808498,0.8969347319539918,50.61840362957028,-6571.202285650257
9.436650269570102,8.425354554808498,0.8969347319539918,50.61840362957028,-6571.202285650257
9.436650269570102,8.425354554808498,0.8969347319539918,50.61840362957028,-6571.202285650257
9.436650269570102,8.425354554808498,0.8969347319539918,50.61840362957028,-6571.202285650257
9.436650269570102,8.425354554808498,0.8969347319539918,50.61840362957028,-6571.202285650257
9.436650269570102,8.425354554808498,0.8969347319539918,50.61840362957028,-6571.202285650257
9.436650269570102,8.425354554808498,0.8969347319539918,50.61840362957028,-6571.202285650257
9.436650269570102,8.425354554808498,0.8969347319539918,50.61840362957028,-6571.202285650257
9.436650269570102,8.425354554808498,0.8969347319539918,50.61840362957028,-6571.202285650257
9.436650269570102,8.425354554808498,0.8969347319539918,50.61840362957028,-6571.202285650257
9.436650269570102,8.425354554808498,0.8969347319539918,50.61840362957028,-6571.202285650257
9.436650269570102,8.425354554808498,0.8969347319539918,50.61840362957028,-6571.202285650257
9.436650269570102,8.425354554808498,0.8969347319539918,50.61840362957028,-6571.202285650257
9.436650269570102,8.425354554808498,0.8969347319539918,50.61840362957028,-6571.202285650257
9.436650269570102,8.425354554808498,0.8969347319539918,50.61840362957028,-6571.202285650257
9.436650269570102,8.425354554808498,0.8969347319539918,50.61840362957028,-6571.202285650257
9.595054481388473,8.407264345771177,0.98751281198364,50.15838345382812,-6571.570478607269
8.906818095578968,8.656159080363821,0.9289548709492197,50.266250002229995,-6572.4746028787395
9.941764215240852,8.578075537483326,0.7494062250231595,50.08534660690577,-6570.369282478134
9.941764215240852,8.578075537483326,0.7494062250231595,50.08534660690577,-6570.369282478134
9.941764215240852,8.578075537483326,0.7494062250231595,50.08534660690577,-6570.369282478134
9.941764215240852,8.578075537483326,0.7494062250231595,50.08534660690577,-6570.369282478134
9.941764215240852,8.578075537483326,0.7494062250231595,50.08534660690577,-6570.369282478134
9.941764215240852,8.578075537483326,0.7494062250231595,50.08534660690577,-6570.369282478134
9.96098840708889,8.508661313082955,0.9959025767041921,50.378828000724255,-6572.029225358334
9.96098840708889,8.508661313082955,0.9959025767041921,50.378828000724255,-6572.029225358334
9.96098840708889,8.508661313082955,0.9959025767041921,50.378828000724255,-6572.029225358334
9.96098840708889,8.508661313082955,0.9959025767041921,50.378828000724255,-6572.029225358334
9.96098840708889,8.508661313082955,0.9959025767041921,50.378828000724255,-6572.029225358334
9.96098840708889,8.508661313082955,0.9959025767041921,50.378828000724255,-6572.029225358334
9.96098840708889,8.508661313082955,0.9959025767041921,50.378828000724255,-6572.029225358334
9.96098840708889,8.508661313082955,0.9959025767041921,50.378828000724255,-6572.029225358334
9.96098840708889,8.508661313082955,0.9959025767041921,50.378828000724255,-6572.029225358334
9.96098840708889,8.508661313082955,0.9959025767041921,50.378828000724255,-6572.029225358334
9.96098840708889,8.508661313082955,0.9959025767041921,50.378828000724255,-6572.029225358334
9.96098840708889,8.508661313082955,0.9959025767041921,50.378828000724255,-6572.029225358334
10.941158537129821,5.910684762877063,1.008257326173123,50.34909331903191,-6572.141148327585
10.449591043960606,5.644542376311498,0.9648139824525711,50.822572230349245,-6572.4143914799215
10.449591043960606,5.644542376311498,0.9648139824525711,50.822572230349245,-6572.4143914799215
10.449591043960606,5.644542376311498,0.9648139824525711,50.822572230349245,-6572.4143914799215
10.449591043960606,5.644542376311498,0.9648139824525711,50.822572230349245,-6572.4143914799215
10.449591043960606,5.644542376311498,0.9648139824525711,50.822572230349245,-6572.4143914799215
10.241822373014884,6.528760783721537,0.8940630773964157,50.074679354637794,-6571.334445945914
10.241822373014884,6.528760783721537,0.8940630773964157,50.074679354637794,-6571.334445945914
10.241822373014884,6.528760783721537,0.8940630773964157,50.074679354637794,-6571.334445945914
10.241822373014884,6.528760783721537,0.8940630773964157,50.074679354637794,-6571.334445945914
10.241822373014884,6.528760783721537,0.8940630773964157,50.074679354637794,-6571.334445945914
10.241822373014884,6.528760783721537,0.8940630773964157,50.074679354637794,-6571.334445945914
10.241822373014884,6.528760783721537,0.8940630773964157,50.074679354637794,-6571.334445945914
10.241822373014884,6.528760783721537,0.8940630773964157,50.074679354637794,-6571.334445945914
10.241822373014884,6.528760783721537,0.8940630773964157,50.074679354637794,-6571.334445945914
10.241822373014884,6.528760783721537,0.8940630773964157,50.074679354637794,-6571.334445945914
10.241822373014884,6.528760783721537,0.8940630773964157,50.074679354637794,-6571.334445945914
10.241822373014884,6.528760783721537,0.8940630773964157,50.074679354637794,-6571.334445945914
10.241822373014884,6.528760783721537,0.8940630773964157,50.074679354637794,-6571.334445945914
10.506054095418351,6.846118388800929,0.8096318191482917,50.44631575125413,-6570.620717858164
10.506054095418351,6.846118388800929,0.8096318191482917,50.44631575125413,-6570.620717858164
10.506054095418351,6.846118388800929,0.8096318191482917,50.44631575125413,-6570.620717858164
10.506054095418351,6.846118388800929,0.8096318191482917,50.44631575125413,-6570.620717858164
10.506054095418351,6.846118388800929,0.8096318191482917,50.44631575125413,-6570.620717858164
10.506054095418351,6.846118388800929,0.8096318191482917,50.44631575125413,-6570.620717858164
10.506054095418351,6.846118388800929,0.8096318191482917,50.44631575125413,-6570.620717858164
10.506054095418351,6.846118388800929,0.8096318191482917,50.44631575125413,-6570.620717858164
10.506054095418351,6.846118388800929,0.8096318191482917,50.44631575125413,-6570.620717858164
10.506054095418351,6.846118388800929,0.8096318191482917,50.44631575125413,-6570.620717858164
10.506054095418351,6.846118388800929,0.8096318191482917,50.44631575125413,-6570.620717858164
10.506054095418351,6.846118388800929,0.8096318191482917,50.44631575125413,-6570.620717858164
10.506054095418351,6.846118388800929,0.8096318191482917,50.44631575125413,-6570.620717858164
10.506054095418351,6.846118388800929,0.8096318191482917,50.44631575125413,-6570.620717858164
10.506054095418351,6.846118388800929,0.8096318191482917,50.44631575125413,-6570.620717858164
10.506054095418351,6.846118388800929,0.8096318191482917,50.44631575125413,-6570.620717858164
10.506054095418351,6.846118388800929,0.8096318191482917,50.44631575125413,-6570.620717858164
10.506054095418351,6.846118388800929,0.8096318191482917,50.44631575125413,-6570.620717858164
10.506054095418351,6.846118388800929,0.8096318191482917,50.44631575125413,-6570.620717858164
10.800577028980141,7.571914682876703,0.8260171134812963,50.62919873591463,-6570.796116198973
10.800577028980141,7.571914682876703,0.8260171134812963,50.62919873591463,-6570.796116198973
10.800577028980141,7.571914682876703,0.8260171134812963,50.62919873591463,-6570.796116198973
10.800577028980141,7.571914682876703,0.8260171134812963,50.62919873591463,-6570.796116198973
10.800577028980141,7.571914682876703,0.8260171134812963,50.62919873591463,-6570.796116198973
10.800577028980141,7.571914682876703,0.8260171134812963,50.62919873591463,-6570.796116198973
10.772353604394292,7.350455956142517,0.6612960655872842,50.284624294874405,-6571.085430252792
10.772353604394292,7.350455956142517,0.6612960655872842,50.284624294874405,-6571.085430252792
10.772353604394292,7.350455956142517,0.6612960655872842,50.284624294874405,-6571.085430252792
10.501582469419988,7.36926880084447,0.7980670112335613,49.715787899817165,-6570.998936687314
10.501582469419988,7.36926880084447,0.7980670112335613,49.715787899817165,-6570.998936687314
10.501582469419988,7.36926880084447,0.7980670112335613,49.715787899817165,-6570.998936687314
10.501582469419988,7.36926880084447,0.7980670112335613,49.715787899817165,-6570.998936687314
10.501582469419988,7.36926880084447,0.7980670112335613,49.715787899817165,-6570.998936687314
10.501582469419988,7.36926880084447,0.7980670112335613,49.715787899817165,-6570.998936687314
10.501582469419988,7.36926880084447,0.7980670112335613,49.715787899817165,-6570.998936687314
10.305696829060285,7.005419351415542,0.8465627132070114,50.254144563406776,-6570.652494382492
10.305696829060285,7.005419351415542,0.8465627132070114,50.254144563406776,-6570.652494382492
10.305696829060285,7.005419351415542,0.8465627132070114,50.254144563406776,-6570.652494382492
10.305696829060285,7.005419351415542,0.8465627132070114,50.254144563406776,-6570.652494382492
10.305696829060285,7.005419351415542,0.8465627132070114,50.254144563406776,-6570.652494382492
10.323386032455627,8.356282281821873,0.9620897663947651,50.960107708318745,-6572.662833424905
10.778282104128612,5.88429735717536,1.0640165493469567,50.961942577602464,-6573.200171000328
10.778282104128612,5.88429735717536,1.0640165493469567,50.961942577602464,-6573.200171000328
10.778282104128612,5.88429735717536,1.0640165493469567,50.961942577602464,-6573.200171000328
10.778282104128612,5.88429735717536,1.0640165493469567,50.961942577602464,-6573.200171000328
10.778282104128612,5.88429735717536,1.0640165493469567,50.961942577602464,-6573.200171000328
10.980526838465984,6.3432956398855405,0.901461058884135,51.1118677614937,-6571.929871909966
10.980526838465984,6.3432956398855405,0.901461058884135,51.1118677614937,-6571.929871909966
10.63089926891304,6.420197652287739,1.0092270200593632,50.684121625432475,-6572.016749856699
10.61695740490933,6.9942408482999605,0.8938061920974497,50.92424399415579,-6571.2296882909195
10.61695740490933,6.9942408482999605,0.8938061920974497,50.92424399415579,-6571.2296882909195
10.61695740490933,6.9942408482999605,0.8938061920974497,50.92424399415579,-6571.2296882909195
10.61695740490933,6.9942408482999605,0.8938061920974497,50.92424399415579,-6571.2296882909195
10.61695740490933,6.9942408482999605,0.8938061920974497,50.92424399415579,-6571.2296882909195
11.46704884569959,7.348788619143876,0.645111776070268,51.01053769400986,-6571.897373518024
11.46704884569959,7.348788619143876,0.645111776070268,51.01053769400986,-6571.897373518024
11.46704884569959,7.348788619143876,0.645111776070268,51.01053769400986,-6571.897373518024
11.46704884569959,7.348788619143876,0.645111776070268,51.01053769400986,-6571.897373518024
11.449221173519797,5.662195261108282,0.738809625334886,51.07522926871133,-6572.211177967259
11.449221173519797,5.662195261108282,0.738809625334886,51.07522926871133,-6572.211177967259
11.449221173519797,5.662195261108282,0.738809625334886,51.07522926871133,-6572.211177967259
11.449221173519797,5.662195261108282,0.738809625334886,51.07522926871133,-6572.211177967259
11.449221173519797,5.662195261108282,0.738809625334886,51.07522926871133,-6572.211177967259
11.482135904159813,4.724254055973251,0.7145233630370778,50.21073682069176,-6573.836286806214
11.884140117016251,6.665997239191187,0.7756529012592922,50.05579939380438,-6572.875072902278
10.789209272549119,7.0373115416635335,0.689092983594835,49.96141180343078,-6571.365773598876
10.789209272549119,7.0373115416635335,0.689092983594835,49.96141180343078,-6571.365773598876
10.789209272549119,7.0373115416635335,0.689092983594835,49.96141180343078,-6571.365773598876
10.789209272549119,7.0373115416635335,0.689092983594835,49.96141180343078,-6571.365773598876
10.789209272549119,7.0373115416635335,0.689092983594835,49.96141180343078,-6571.365773598876
10.789209272549119,7.0373115416635335,0.689092983594835,49.96141180343078,-6571.365773598876
10.789209272549119,7.0373115416635335,0.689092983594835,49.96141180343078,-6571.365773598876
10.418882701991723,7.298549304040765,0.8480781942527567,51.13988250602712,-6571.321378973655
10.418882701991723,7.298549304040765,0.8480781942527567,51.13988250602712,-6571.321378973655
10.418882701991723,7.298549304040765,0.8480781942527567,51.13988250602712,-6571.321378973655
10.418882701991723,7.298549304040765,0.8480781942527567,51.13988250602712,-6571.321378973655
10.418882701991723,7.298549304040765,0.8480781942527567,51.13988250602712,-6571.321378973655
10.418882701991723,7.298549304040765,0.8480781942527567,51.13988250602712,-6571.321378973655
10.418882701991723,7.298549304040765,0.8480781942527567,51.13988250602712,-6571.321378973655
10.418882701991723,7.298549304040765,0.8480781942527567,51.13988250602712,-6571.321378973655
10.418882701991723,7.298549304040765,0.8480781942527567,51.13988250602712,-6571.321378973655
10.418882701991723,7.298549304040765,0.8480781942527567,51.13988250602712,-6571.321378973655
10.418882701991723,7.298549304040765,0.8480781942527567,51.13988250602712,-6571.321378973655
10.418882701991723,7.298549304040765,0.8480781942527567,51.13988250602712,-6571.321378973655
10.418882701991723,7.298549304040765,0.8480781942527567,51.13988250602712,-6571.321378973655
10.418882701991723,7.298549304040765,0.8480781942527567,51.13988250602712,-6571.321378973655
10.418882701991723,7.298549304040765,0.8480781942527567,51.13988250602712,-6571.321378973655
10.418882701991723,7.298549304040765,0.8480781942527567,51.13988250602712,-6571.321378973655
10.418882701991723,7.298549304040765,0.8480781942527567,51.13988250602712,-6571.321378973655
10.418882701991723,7.298549304040765,0.8480781942527567,51.13988250602712,-6571.321378973655
10.418882701991723,7.298549304040765,0.8480781942527567,51.13988250602712,-6571.321378973655
10.418882701991723,7.298549304040765,0.8480781942527567,51.13988250602712,-6571.321378973655
10.864952631225979,6.851529816908787,0.9553867548564041,50.54846962138348,-6571.803145562773
9.828213193364842,8.730829236011001,0.9968214222947683,50.50518739165398,-6572.1122202590595
9.828213193364842,8.730829236011001,0.9968214222947683,50.50518739165398,-6572.1122202590595
10.318384133468413,7.1600643707178815,0.9578971807542225,50.04536096130725,-6571.261417584785
10.318384133468413,7.1600643707178815,0.9578971807542225,50.04536096130725,-6571.261417584785
10.80255137722677,6.809095207171199,0.9315137679188936,50.68052918344105,-6571.449951438462
10.80255137722677,6.809095207171199,0.9315137679188936,50.68052918344105,-6571.449951438462
10.80255137722677,6.809095207171199,0.9315137679188936,50.68052918344105,-6571.449951438462
10.80255137722677,6.809095207171199,0.9315137679188936,50.68052918344105,-6571.449951438462
10.80255137722677,6.809095207171199,0.9315137679188936,50.68052918344105,-6571.449951438462
11.087349103964135,7.152846939853748,0.8184568170398784,50.70557977808089,-6571.113743854671
11.087349103964135,7.152846939853748,0.8184568170398784,50.70557977808089,-6571.113743854671
10.29028774340482,8.575656550809116,0.6916676689651332,50.905503875934976,-6570.680386608493
10.29028774340482,8.575656550809116,0.6916676689651332,50.905503875934976,-6570.680386608493
10.29028774340482,8.575656550809116,0.6916676689651332,50.905503875934976,-6570.680386608493
10.29028774340482,8.575656550809116,0.6916676689651332,50.905503875934976,-6570.680386608493
10.29028774340482,8.575656550809116,0.6916676689651332,50.905503875934976,-6570.680386608493
10.29028774340482,8.575656550809116,0.6916676689651332,50.905503875934976,-6570.680386608493
10.29028774340482,8.575656550809116,0.6916676689651332,50.905503875934976,-6570.680386608493
10.29028774340482,8.575656550809116,0.6916676689651332,50.905503875934976,-6570.680386608493
10.29028774340482,8.575656550809116,0.6916676689651332,50.905503875934976,-6570.680386608493
10.29028774340482,8.575656550809116,0.6916676689651332,50.905503875934976,-6570.680386608493
10.29028774340482,8.575656550809116,0.6916676689651332,50.905503875934976,-6570.680386608493
11.198178671935153,7.26372663763871,0.707197650091285,50.62575258229041,-6570.909622544869
11.198178671935153,7.26372663763871,0.707197650091285,50.62575258229041,-6570.909622544869
11.198178671935153,7.26372663763871,0.707197650091285,50.62575258229041,-6570.909622544869
11.198178671935153,7.26372663763871,0.707197650091285,50.62575258229041,-6570.909622544869
11.198178671935153,7.26372663763871,0.707197650091285,50.62575258229041,-6570.909622544869
11.198178671935153,7.26372663763871,0.707197650091285,50.62575258229041,-6570.909622544869
11.198178671935153,7.26372663763871,0.707197650091285,50.62575258229041,-6570.909622544869
11.198178671935153,7.26372663763871,0.707197650091285,50.62575258229041,-6570.909622544869
11.198178671935153,7.26372663763871,0.707197650091285,50.62575258229041,-6570.909622544869
11.198178671935153,7.26372663763871,0.707197650091285,50.62575258229041,-6570.909622544869
11.198178671935153,7.26372663763871,0.707197650091285,50.62575258229041,-6570.909622544869
11.198178671935153,7.26372663763871,0.707197650091285,50.62575258229041,-6570.909622544869
11.903317334693995,5.724758627232807,0.716231111344891,50.494202345430786,-6572.0607001972385
11.903317334693995,5.724758627232807,0.716231111344891,50.494202345430786,-6572.0607001972385
11.230769232180204,7.604661990507987,0.6017606540077438,50.00368465328475,-6571.980955477146
11.32173906041638,6.148651161353094,0.6753596636159316,50.15251200700563,-6571.975643377075
11.32173906041638,6.148651161353094,0.6753596636159316,50.15251200700563,-6571.975643377075
11.32173906041638,6.148651161353094,0.6753596636159316,50.15251200700563,-6571.975643377075
11.32173906041638,6.148651161353094,0.6753596636159316,50.15251200700563,-6571.975643377075
11.32173906041638,6.148651161353094,0.6753596636159316,50.15251200700563,-6571.975643377075
11.32173906041638,6.148651161353094,0.6753596636159316,50.15251200700563,-6571.975643377075
11.32173906041638,6.148651161353094,0.6753596636159316,50.15251200700563,-6571.975643377075
11.32173906041638,6.148651161353094,0.6753596636159316,50.15251200700563,-6571.975643377075
11.47013269725544,7.595875591458655,0.6624096091907303,49.26240304090837,-6573.779363025224
11.47013269725544,7.595875591458655,0.6624096091907303,49.26240304090837,-6573.779363025224
11.47013269725544,7.595875591458655,0.6624096091907303,49.26240304090837,-6573.779363025224
11.47013269725544,7.595875591458655,0.6624096091907303,49.26240304090837,-6573.779363025224
11.47013269725544,7.595875591458655,0.6624096091907303,49.26240304090837,-6573.779363025224
11.47013269725544,7.595875591458655,0.6624096091907303,49.26240304090837,-6573.779363025224
9.13532691757217,9.070859052912294,0.825127890371897,49.37170378906921,-6572.775444645852
7.935829450430081,12.379849307774906,0.74230423766665,50.5423307817198,-6574.191043414573
7.935829450430081,12.379849307774906,0.74230423766665,50.5423307817198,-6574.191043414573
7.935829450430081,12.379849307774906,0.74230423766665,50.5423307817198,-6574.191043414573
7.935829450430081,12.379849307774906,0.74230423766665,50.5423307817198,-6574.191043414573
7.935829450430081,12.379849307774906,0.74230423766665,50.5423307817198,-6574.191043414573
8.008686072891436,12.22348866020032,0.8205035651966298,51.04811870869255,-6574.69710691247
8.008686072891436,12.22348866020032,0.8205035651966298,51.04811870869255,-6574.69710691247
8.008686072891436,12.22348866020032,0.8205035651966298,51.04811870869255,-6574.69710691247
8.008686072891436,12.22348866020032,0.8205035651966298,51.04811870869255,-6574.69710691247
8.008686072891436,12.22348866020032,0.8205035651966298,51.04811870869255,-6574.69710691247
8.008686072891436,12.22348866020032,0.8205035651966298,51.04811870869255,-6574.69710691247
8.968769513616216,11.310357913251206,0.9785158852133748,50.56875958311586,-6574.055260380081
9.115325390586134,8.247022989245492,1.0371866092862438,50.99654939421707,-6573.503576680947
10.91586270017991,7.221478562958086,1.0546607939305366,51.32417193558235,-6575.425802104251
10.950492504663977,7.777513784320796,1.0387438390770982,50.747032253385484,-6575.175416891975
10.26036865082331,8.01880469626092,1.0706748992472293,49.94578624709964,-6573.617453045714
10.26036865082331,8.01880469626092,1.0706748992472293,49.94578624709964,-6573.617453045714
10.78087749732597,6.015480079022391,1.076586632265955,49.02147715798322,-6575.38184807681
10.78087749732597,6.015480079022391,1.076586632265955,49.02147715798322,-6575.38184807681
10.78087749732597,6.015480079022391,1.076586632265955,49.02147715798322,-6575.38184807681
10.78087749732597,6.015480079022391,1.076586632265955,49.02147715798322,-6575.38184807681
11.18674881818697,6.309163878365958,1.0522288829513078,49.49550800504217,-6574.764933152065
11.18674881818697,6.309163878365958,1.0522288829513078,49.49550800504217,-6574.764933152065
10.840725881391068,6.148797948385013,0.9418424499100648,50.24919108705146,-6571.370536739143
10.840725881391068,6.148797948385013,0.9418424499100648,50.24919108705146,-6571.370536739143
10.840725881391068,6.148797948385013,0.9418424499100648,50.24919108705146,-6571.370536739143
10.840725881391068,6.148797948385013,0.9418424499100648,50.24919108705146,-6571.370536739143
10.046474404846556,6.77429618124698,0.947306377183329,50.34333633322089,-6571.370044022104
9.500964419058812,9.827616960645626,0.7466336349009982,50.79350300268378,-6570.773155633854
9.500964419058812,9.827616960645626,0.7466336349009982,50.79350300268378,-6570.773155633854
9.500964419058812,9.827616960645626,0.7466336349009982,50.79350300268378,-6570.773155633854
9.500964419058812,9.827616960645626,0.7466336349009982,50.79350300268378,-6570.773155633854
9.500964419058812,9.827616960645626,0.7466336349009982,50.79350300268378,-6570.773155633854
9.788372797065989,8.95315340689967,0.6646074064488298,50.68173349322889,-6571.12317642165
9.788372797065989,8.95315340689967,0.6646074064488298,50.68173349322889,-6571.12317642165
9.788372797065989,8.95315340689967,0.6646074064488298,50.68173349322889,-6571.12317642165
9.788372797065989,8.95315340689967,0.6646074064488298,50.68173349322889,-6571.12317642165
9.788372797065989,8.95315340689967,0.6646074064488298,50.68173349322889,-6571.12317642165
10.79088232614683,8.749733719529289,0.4606784233788951,51.2478246959834,-6575.101002690064
11.210146128011734,9.85604955132166,0.4229588892267857,51.39092611382005,-6575.620085931914
10.677103379846972,10.381417255880285,0.49499285619274064,51.28506443105643,-6573.673862526681
10.677103379846972,10.381417255880285,0.49499285619274064,51.28506443105643,-6573.673862526681
10.677103379846972,10.381417255880285,0.49499285619274064,51.28506443105643,-6573.673862526681
9.973655398894039,11.183514681428475,0.5354718690259536,51.18593133265982,-6572.897243225564
9.973655398894039,11.183514681428475,0.5354718690259536,51.18593133265982,-6572.897243225564
9.973655398894039,11.183514681428475,0.5354718690259536,51.18593133265982,-6572.897243225564
11.080759143361472,6.879774878938778,0.60281970472582,51.57902849336553,-6574.2175844152025
10.70582193524589,8.370109525589651,0.47958024772030755,51.059793755872946,-6574.852554923942
10.70582193524589,8.370109525589651,0.47958024772030755,51.059793755872946,-6574.852554923942
10.70582193524589,8.370109525589651,0.47958024772030755,51.059793755872946,-6574.852554923942
10.419403412447664,8.372309290914371,0.4699734207247884,50.57024198151012,-6575.833590126706
11.742141589387238,6.886084480355242,0.5889514165930357,49.99880155232986,-6572.942454269876
11.742141589387238,6.886084480355242,0.5889514165930357,49.99880155232986,-6572.942454269876
11.742141589387238,6.886084480355242,0.5889514165930357,49.99880155232986,-6572.942454269876
11.742141589387238,6.886084480355242,0.5889514165930357,49.99880155232986,-6572.942454269876
12.33338048319408,4.101938377545212,0.8463373647409838,50.347581407407404,-6573.464153992297
12.33338048319408,4.101938377545212,0.8463373647409838,50.347581407407404,-6573.464153992297
12.33338048319408,4.101938377545212,0.8463373647409838,50.347581407407404,-6573.464153992297
12.33338048319408,4.101938377545212,0.8463373647409838,50.347581407407404,-6573.464153992297
12.33338048319408,4.101938377545212,0.8463373647409838,50.347581407407404,-6573.464153992297
12.33338048319408,4.101938377545212,0.8463373647409838,50.347581407407404,-6573.464153992297
12.33338048319408,4.101938377545212,0.8463373647409838,50.347581407407404,-6573.464153992297
12.33338048319408,4.101938377545212,0.8463373647409838,50.347581407407404,-6573.464153992297
11.527507252041861,5.274582195733451,0.970580124442156,51.016091858310105,-6573.164867931847
11.527507252041861,5.274582195733451,0.970580124442156,51.016091858310105,-6573.164867931847
11.527507252041861,5.274582195733451,0.970580124442156,51.016091858310105,-6573.164867931847
11.527507252041861,5.274582195733451,0.970580124442156,51.016091858310105,-6573.164867931847
10.683171073689463,5.5661284393175645,0.9348244169498869,50.3851873244165,-6571.75905200433
10.3033905655391,6.900797742710558,0.9069478824895045,50.29999788878321,-6570.8281055466805
10.3033905655391,6.900797742710558,0.9069478824895045,50.29999788878321,-6570.8281055466805
10.3033905655391,6.900797742710558,0.9069478824895045,50.29999788878321,-6570.8281055466805
10.546551487291122,7.036557209713837,0.8203897369819837,50.54979468065243,-6570.483327735488
10.546551487291122,7.036557209713837,0.8203897369819837,50.54979468065243,-6570.483327735488
10.919967101023582,7.498173965701993,0.7816623834480606,51.12197309540745,-6571.350665547377
10.919967101023582,7.498173965701993,0.7816623834480606,51.12197309540745,-6571.350665547377
11.126659075880818,7.145372815428098,0.8079756551592692,51.14687501371372,-6571.7619572018775
11.126659075880818,7.145372815428098,0.8079756551592692,51.14687501371372,-6571.7619572018775
11.098302627022825,6.8969601403372796,0.7642360676847613,51.21492114870276,-6571.6079046279465
11.098302627022825,6.8969601403372796,0.7642360676847613,51.21492114870276,-6571.6079046279465
11.098302627022825,6.8969601403372796,0.7642360676847613,51.21492114870276,-6571.6079046279465
11.098302627022825,6.8969601403372796,0.7642360676847613,51.21492114870276,-6571.6079046279465
11.098302627022825,6.8969601403372796,0.7642360676847613,51.21492114870276,-6571.6079046279465
11.098302627022825,6.8969601403372796,0.7642360676847613,51.21492114870276,-6571.6079046279465
11.098302627022825,6.8969601403372796,0.7642360676847613,51.21492114870276,-6571.6079046279465
11.098302627022825,6.8969601403372796,0.7642360676847613,51.21492114870276,-6571.6079046279465
11.098302627022825,6.8969601403372796,0.7642360676847613,51.21492114870276,-6571.6079046279465
11.098302627022825,6.8969601403372796,0.7642360676847613,51.21492114870276,-6571.6079046279465
11.098302627022825,6.8969601403372796,0.7642360676847613,51.21492114870276,-6571.6079046279465
11.098302627022825,6.8969601403372796,0.7642360676847613,51.21492114870276,-6571.6079046279465
11.177945246041384,6.211593110451601,0.7567007774494168,50.68471680255941,-6571.1207593873305
11.177945246041384,6.211593110451601,0.7567007774494168,50.68471680255941,-6571.1207593873305
11.177945246041384,6.211593110451601,0.7567007774494168,50.68471680255941,-6571.1207593873305
11.177945246041384,6.211593110451601,0.7567007774494168,50.68471680255941,-6571.1207593873305
11.177945246041384,6.211593110451601,0.7567007774494168,50.68471680255941,-6571.1207593873305
10.57597537772979,10.083822912778924,0.7615699925680087,51.08684150944802,-6573.431756547094
10.57597537772979,10.083822912778924,0.7615699925680087,51.08684150944802,-6573.431756547094
10.57597537772979,10.083822912778924,0.7615699925680087,51.08684150944802,-6573.431756547094
10.57597537772979,10.083822912778924,0.7615699925680087,51.08684150944802,-6573.431756547094
10.57597537772979,10.083822912778924,0.7615699925680087,51.08684150944802,-6573.431756547094
10.57597537772979,10.083822912778924,0.7615699925680087,51.08684150944802,-6573.431756547094
10.57597537772979,10.083822912778924,0.7615699925680087,51.08684150944802,-6573.431756547094
10.57597537772979,10.083822912778924,0.7615699925680087,51.08684150944802,-6573.431756547094
11.564250665044927,7.874160817336014,0.5609731159755704,50.54973706175117,-6572.464571076259
11.564250665044927,7.874160817336014,0.5609731159755704,50.54973706175117,-6572.464571076259
11.564250665044927,7.874160817336014,0.5609731159755704,50.54973706175117,-6572.464571076259
11.564250665044927,7.874160817336014,0.5609731159755704,50.54973706175117,-6572.464571076259
11.564250665044927,7.874160817336014,0.5609731159755704,50.54973706175117,-6572.464571076259
11.564250665044927,7.874160817336014,0.5609731159755704,50.54973706175117,-6572.464571076259
11.564250665044927,7.874160817336014,0.5609731159755704,50.54973706175117,-6572.464571076259
10.39768741413571,9.736343332238443,0.5556541980653245,50.65674271671421,-6571.59166507456
10.39768741413571,9.736343332238443,0.5556541980653245,50.65674271671421,-6571.59166507456
10.39768741413571,9.736343332238443,0.5556541980653245,50.65674271671421,-6571.59166507456
10.39768741413571,9.736343332238443,0.5556541980653245,50.65674271671421,-6571.59166507456
10.39768741413571,9.736343332238443,0.5556541980653245,50.65674271671421,-6571.59166507456
10.39768741413571,9.736343332238443,0.5556541980653245,50.65674271671421,-6571.59166507456
10.39768741413571,9.736343332238443,0.5556541980653245,50.65674271671421,-6571.59166507456
10.39768741413571,9.736343332238443,0.5556541980653245,50.65674271671421,-6571.59166507456
10.39768741413571,9.736343332238443,0.5556541980653245,50.65674271671421,-6571.59166507456
8.95830834689216,9.487767495045683,0.8514732193838788,50.6201872562908,-6571.681169902977
8.95830834689216,9.487767495045683,0.8514732193838788,50.6201872562908,-6571.681169902977
8.95830834689216,9.487767495045683,0.8514732193838788,50.6201872562908,-6571.681169902977
8.95830834689216,9.487767495045683,0.8514732193838788,50.6201872562908,-6571.681169902977
9.194531969315504,10.200180235601454,0.9367751297806419,49.833560925797165,-6572.291333010842
9.67881024472938,10.743320431565405,0.7238628384919402,49.97325411816919,-6571.22635325114
9.67881024472938,10.743320431565405,0.7238628384919402,49.97325411816919,-6571.22635325114
9.67881024472938,10.743320431565405,0.7238628384919402,49.97325411816919,-6571.22635325114
9.67881024472938,10.743320431565405,0.7238628384919402,49.97325411816919,-6571.22635325114
9.67881024472938,10.743320431565405,0.7238628384919402,49.97325411816919,-6571.22635325114
9.327689904963483,9.126717214303559,0.7515629217699673,50.51304746325346,-6571.143895715802
9.327689904963483,9.126717214303559,0.7515629217699673,50.51304746325346,-6571.143895715802
9.327689904963483,9.126717214303559,0.7515629217699673,50.51304746325346,-6571.143895715802
9.327689904963483,9.126717214303559,0.7515629217699673,50.51304746325346,-6571.143895715802
9.327689904963483,9.126717214303559,0.7515629217699673,50.51304746325346,-6571.143895715802
9.327689904963483,9.126717214303559,0.7515629217699673,50.51304746325346,-6571.143895715802
9.327689904963483,9.126717214303559,0.7515629217699673,50.51304746325346,-6571.143895715802
9.327689904963483,9.126717214303559,0.7515629217699673,50.51304746325346,-6571.143895715802
10.293037011069108,8.514727159835727,0.701289745464089,50.541237380887274,-6570.283522665397
10.293037011069108,8.514727159835727,0.701289745464089,50.541237380887274,-6570.283522665397
10.293037011069108,8.514727159835727,0.701289745464089,50.541237380887274,-6570.283522665397
10.293037011069108,8.514727159835727,0.701289745464089,50.541237380887274,-6570.283522665397
10.293037011069108,8.514727159835727,0.701289745464089,50.541237380887274,-6570.283522665397
10.293037011069108,8.514727159835727,0.701289745464089,50.541237380887274,-6570.283522665397
10.293037011069108,8.514727159835727,0.701289745464089,50.541237380887274,-6570.283522665397
10.293037011069108,8.514727159835727,0.701289745464089,50.541237380887274,-6570.283522665397
10.293037011069108,8.514727159835727,0.701289745464089,50.541237380887274,-6570.283522665397
10.293037011069108,8.514727159835727,0.701289745464089,50.541237380887274,-6570.283522665397
10.293037011069108,8.514727159835727,0.701289745464089,50.541237380887274,-6570.283522665397
10.293037011069108,8.514727159835727,0.701289745464089,50.541237380887274,-6570.283522665397
10.293037011069108,8.514727159835727,0.701289745464089,50.541237380887274,-6570.283522665397
10.293037011069108,8.514727159835727,0.701289745464089,50.541237380887274,-6570.283522665397
10.293037011069108,8.514727159835727,0.701289745464089,50.541237380887274,-6570.283522665397
10.293037011069108,8.514727159835727,0.701289745464089,50.541237380887274,-6570.283522665397
10.293037011069108,8.514727159835727,0.701289745464089,50.541237380887274,-6570.283522665397
10.293037011069108,8.514727159835727,0.701289745464089,50.541237380887274,-6570.283522665397
9.66848810085151,8.286314414239875,0.8611163956465914,49.84138609522353,-6571.002225679718
9.66848810085151,8.286314414239875,0.8611163956465914,49.84138609522353,-6571.002225679718
9.66848810085151,8.286314414239875,0.8611163956465914,49.84138609522353,-6571.002225679718
9.66848810085151,8.286314414239875,0.8611163956465914,49.84138609522353,-6571.002225679718
9.812807425843962,9.263233146615429,0.8175279076707337,49.822968255658566,-6570.831650263305
9.812807425843962,9.263233146615429,0.8175279076707337,49.822968255658566,-6570.831650263305
9.812807425843962,9.263233146615429,0.8175279076707337,49.822968255658566,-6570.831650263305
9.812807425843962,9.263233146615429,0.8175279076707337,49.822968255658566,-6570.831650263305
9.812807425843962,9.263233146615429,0.8175279076707337,49.822968255658566,-6570.831650263305
9.812807425843962,9.263233146615429,0.8175279076707337,49.822968255658566,-6570.831650263305
9.812807425843962,9.263233146615429,0.8175279076707337,49.822968255658566,-6570.831650263305
10.615057841130552,7.484216994825042,0.7602067208687946,50.01229675259007,-6570.534215326896
10.615057841130552,7.484216994825042,0.7602067208687946,50.01229675259007,-6570.534215326896
10.615057841130552,7.484216994825042,0.7602067208687946,50.01229675259007,-6570.534215326896
10.615057841130552,7.484216994825042,0.7602067208687946,50.01229675259007,-6570.534215326896
10.615057841130552,7.484216994825042,0.7602067208687946,50.01229675259007,-6570.534215326896
10.615057841130552,7.484216994825042,0.7602067208687946,50.01229675259007,-6570.534215326896
10.615057841130552,7.484216994825042,0.7602067208687946,50.01229675259007,-6570.534215326896
10.615057841130552,7.484216994825042,0.7602067208687946,50.01229675259007,-6570.534215326896
10.615057841130552,7.484216994825042,0.7602067208687946,50.01229675259007,-6570.534215326896
12.0745768787503,7.53744250194649,0.5961490801243929,50.64246380836654,-6573.42300830253
12.0745768787503,7.53744250194649,0.5961490801243929,50.64246380836654,-6573.42300830253
12.0745768787503,7.53744250194649,0.5961490801243929,50.64246380836654,-6573.42300830253
12.0745768787503,7.53744250194649,0.5961490801243929,50.64246380836654,-6573.42300830253
10.569568103898376,7.095758058547067,0.6878844227508859,50.18955949807364,-6571.370753103895
9.682399030644914,10.328679733273376,0.8152494279752125,50.238074657180874,-6571.257020795769
9.682399030644914,10.328679733273376,0.8152494279752125,50.238074657180874,-6571.257020795769
9.838834452905186,8.384820788476956,0.7342473986846021,50.38151896696689,-6570.641414952508
9.838834452905186,8.384820788476956,0.7342473986846021,50.38151896696689,-6570.641414952508
9.838834452905186,8.384820788476956,0.7342473986846021,50.38151896696689,-6570.641414952508
10.20010344600216,8.809029714345158,0.8669644528823306,51.04551313175209,-6571.708094106423
10.20010344600216,8.809029714345158,0.8669644528823306,51.04551313175209,-6571.708094106423
11.179103298994443,8.866909768431787,0.6636086021495178,51.425377590649745,-6573.222933650398
11.179103298994443,8.866909768431787,0.6636086021495178,51.425377590649745,-6573.222933650398
11.179103298994443,8.866909768431787,0.6636086021495178,51.425377590649745,-6573.222933650398
11.179103298994443,8.866909768431787,0.6636086021495178,51.425377590649745,-6573.222933650398
11.179103298994443,8.866909768431787,0.6636086021495178,51.425377590649745,-6573.222933650398
10.743288605802334,8.069778039269053,0.6320446709730972,50.89189684298839,-6571.1898292632795
10.743288605802334,8.069778039269053,0.6320446709730972,50.89189684298839,-6571.1898292632795
10.743288605802334,8.069778039269053,0.6320446709730972,50.89189684298839,-6571.1898292632795
10.743288605802334,8.069778039269053,0.6320446709730972,50.89189684298839,-6571.1898292632795
10.743288605802334,8.069778039269053,0.6320446709730972,50.89189684298839,-6571.1898292632795
11.151800277112308,7.368995246807566,0.7110433325886532,50.58310421127153,-6570.835619820278
11.151800277112308,7.368995246807566,0.7110433325886532,50.58310421127153,-6570.835619820278
11.151800277112308,7.368995246807566,0.7110433325886532,50.58310421127153,-6570.835619820278
10.653057139978932,5.549442682730692,0.9604183983507968,50.26789737830574,-6571.897966903782
10.382918214181982,7.940030021534962,0.8406920115182426,49.513979998979124,-6571.490067830124
10.382918214181982,7.940030021534962,0.8406920115182426,49.513979998979124,-6571.490067830124
10.382918214181982,7.940030021534962,0.8406920115182426,49.513979998979124,-6571.490067830124
11.032151813629344,6.111744974907774,0.6586630098078654,49.591893042451616,-6573.884045029091
11.032151813629344,6.111744974907774,0.6586630098078654,49.591893042451616,-6573.884045029091
10.977281570291877,6.182979748180244,0.7112925660283145,49.40392495699124,-6573.381202770022
11.274071856944417,6.352929782109222,0.7399610314029654,49.234549869703706,-6573.2893586237915
11.274071856944417,6.352929782109222,0.7399610314029654,49.234549869703706,-6573.2893586237915
11.184237763664033,7.829391774765089,0.7011141836280064,49.63711174087114,-6572.0557678171135
11.184237763664033,7.829391774765089,0.7011141836280064,49.63711174087114,-6572.0557678171135
12.16322811189532,6.548454489267885,0.6434238796436713,50.137772796298464,-6573.163158176772
12.16322811189532,6.548454489267885,0.6434238796436713,50.137772796298464,-6573.163158176772
12.16322811189532,6.548454489267885,0.6434238796436713,50.137772796298464,-6573.163158176772
12.16322811189532,6.548454489267885,0.6434238796436713,50.137772796298464,-6573.163158176772
12.16322811189532,6.548454489267885,0.6434238796436713,50.137772796298464,-6573.163158176772
12.16322811189532,6.548454489267885,0.6434238796436713,50.137772796298464,-6573.163158176772
12.16322811189532,6.548454489267885,0.6434238796436713,50.137772796298464,-6573.163158176772
12.16322811189532,6.548454489267885,0.6434238796436713,50.137772796298464,-6573.163158176772
12.16322811189532,6.548454489267885,0.6434238796436713,50.137772796298464,-6573.163158176772
12.16322811189532,6.548454489267885,0.6434238796436713,50.137772796298464,-6573.163158176772
12.16322811189532,6.548454489267885,0.6434238796436713,50.137772796298464,-6573.163158176772
12.16322811189532,6.548454489267885,0.6434238796436713,50.137772796298464,-6573.163158176772
11.379475723144902,8.60491621993636,0.6286170080662863,50.50851072581486,-6572.184104820397
11.379475723144902,8.60491621993636,0.6286170080662863,50.50851072581486,-6572.184104820397
11.379475723144902,8.60491621993636,0.6286170080662863,50.50851072581486,-6572.184104820397
10.971366650653327,7.1125114113115036,0.7141853839677654,50.49994101028879,-6570.668801081212
10.971366650653327,7.1125114113115036,0.7141853839677654,50.49994101028879,-6570.668801081212
11.277588005568875,6.273225581778605,0.6937746020021456,50.950732956352034,-6571.801458595313
11.432630059412528,6.959460299585642,0.796724367080418,51.133813847048366,-6572.25109371167
11.432630059412528,6.959460299585642,0.796724367080418,51.133813847048366,-6572.25109371167
11.432630059412528,6.959460299585642,0.796724367080418,51.133813847048366,-6572.25109371167
11.112220088224541,4.812768480002877,0.9540778171110218,50.9725924226979,-6572.852655980365
11.112220088224541,4.812768480002877,0.9540778171110218,50.9725924226979,-6572.852655980365
11.112220088224541,4.812768480002877,0.9540778171110218,50.9725924226979,-6572.852655980365
11.112220088224541,4.812768480002877,0.9540778171110218,50.9725924226979,-6572.852655980365
11.112220088224541,4.812768480002877,0.9540778171110218,50.9725924226979,-6572.852655980365
10.737741065336987,8.155518618508289,0.9580024338973182,51.363050354992446,-6574.48096012444
10.737741065336987,8.155518618508289,0.9580024338973182,51.363050354992446,-6574.48096012444
10.287596718014774,6.2948627805378745,0.8420031829994266,50.85005537384629,-6572.01739478308
9.841057770398987,6.2799983014971055,1.011088244424496,50.644874154575625,-6572.876796042065
9.841057770398987,6.2799983014971055,1.011088244424496,50.644874154575625,-6572.876796042065
9.098861741751907,8.047251892121787,0.9033817056348531,50.209307170428296,-6572.604978073277
9.42766850406689,9.497132566679023,0.826317107583997,50.2700488867295,-6570.59836724183
9.40900904695245,8.624684811618128,0.7835638329575858,50.24411148455654,-6571.163337273491
9.40900904695245,8.624684811618128,0.7835638329575858,50.24411148455654,-6571.163337273491
9.40900904695245,8.624684811618128,0.7835638329575858,50.24411148455654,-6571.163337273491
9.40900904695245,8.624684811618128,0.7835638329575858,50.24411148455654,-6571.163337273491
9.40900904695245,8.624684811618128,0.7835638329575858,50.24411148455654,-6571.163337273491
9.40900904695245,8.624684811618128,0.7835638329575858,50.24411148455654,-6571.163337273491
9.40900904695245,8.624684811618128,0.7835638329575858,50.24411148455654,-6571.163337273491
9.40900904695245,8.624684811618128,0.7835638329575858,50.24411148455654,-6571.163337273491
10.071961122293152,6.481376574414239,0.8644980140823139,49.93175260802128,-6572.116916908261
10.071961122293152,6.481376574414239,0.8644980140823139,49.93175260802128,-6572.116916908261
10.071961122293152,6.481376574414239,0.8644980140823139,49.93175260802128,-6572.116916908261
9.677594802154024,7.2719087323656835,0.8926049795696541,49.64206732229657,-6572.390065337275
9.677594802154024,7.2719087323656835,0.8926049795696541,49.64206732229657,-6572.390065337275
9.677594802154024,7.2719087323656835,0.8926049795696541,49.64206732229657,-6572.390065337275
10.505028473020824,7.746110055165567,0.8113828614753776,50.222374308681594,-6570.336934257002
10.505028473020824,7.746110055165567,0.8113828614753776,50.222374308681594,-6570.336934257002
10.505028473020824,7.746110055165567,0.8113828614753776,50.222374308681594,-6570.336934257002
10.505028473020824,7.746110055165567,0.8113828614753776,50.222374308681594,-6570.336934257002
10.505028473020824,7.746110055165567,0.8113828614753776,50.222374308681594,-6570.336934257002
10.505028473020824,7.746110055165567,0.8113828614753776,50.222374308681594,-6570.336934257002
10.505028473020824,7.746110055165567,0.8113828614753776,50.222374308681594,-6570.336934257002
10.505028473020824,7.746110055165567,0.8113828614753776,50.222374308681594,-6570.336934257002
10.505028473020824,7.746110055165567,0.8113828614753776,50.222374308681594,-6570.336934257002
10.505028473020824,7.746110055165567,0.8113828614753776,50.222374308681594,-6570.336934257002
10.505028473020824,7.746110055165567,0.8113828614753776,50.222374308681594,-6570.336934257002
10.505028473020824,7.746110055165567,0.8113828614753776,50.222374308681594,-6570.336934257002
10.505028473020824,7.746110055165567,0.8113828614753776,50.222374308681594,-6570.336934257002
10.505028473020824,7.746110055165567,0.8113828614753776,50.222374308681594,-6570.336934257002
10.505028473020824,7.746110055165567,0.8113828614753776,50.222374308681594,-6570.336934257002
10.505028473020824,7.746110055165567,0.8113828614753776,50.222374308681594,-6570.336934257002
10.505028473020824,7.746110055165567,0.8113828614753776,50.222374308681594,-6570.336934257002
10.505028473020824,7.746110055165567,0.8113828614753776,50.222374308681594,-6570.336934257002
10.505028473020824,7.746110055165567,0.8113828614753776,50.222374308681594,-6570.336934257002
10.505028473020824,7.746110055165567,0.8113828614753776,50.222374308681594,-6570.336934257002
10.371675738424214,9.06154814205895,0.6813997358645782,50.34896345542335,-6570.41074893676
10.371675738424214,9.06154814205895,0.6813997358645782,50.34896345542335,-6570.41074893676
10.371675738424214,9.06154814205895,0.6813997358645782,50.34896345542335,-6570.41074893676
10.371675738424214,9.06154814205895,0.6813997358645782,50.34896345542335,-6570.41074893676
9.409793078687548,8.358376892466195,0.7557181832833121,50.96976135750285,-6572.499592784362
9.409793078687548,8.358376892466195,0.7557181832833121,50.96976135750285,-6572.499592784362
9.409793078687548,8.358376892466195,0.7557181832833121,50.96976135750285,-6572.499592784362
9.409793078687548,8.358376892466195,0.7557181832833121,50.96976135750285,-6572.499592784362
9.409793078687548,8.358376892466195,0.7557181832833121,50.96976135750285,-6572.499592784362
9.409793078687548,8.358376892466195,0.7557181832833121,50.96976135750285,-6572.499592784362
9.409793078687548,8.358376892466195,0.7557181832833121,50.96976135750285,-6572.499592784362
9.409793078687548,8.358376892466195,0.7557181832833121,50.96976135750285,-6572.499592784362
9.409793078687548,8.358376892466195,0.7557181832833121,50.96976135750285,-6572.499592784362
9.675034290786277,9.74584952589461,0.7018046252127985,50.56485113498549,-6570.484616676398
9.936363046028557,9.584362816197565,0.8004836618012192,49.9623383291182,-6570.889944979381
9.936363046028557,9.584362816197565,0.8004836618012192,49.9623383291182,-6570.889944979381
9.936363046028557,9.584362816197565,0.8004836618012192,49.9623383291182,-6570.889944979381
9.936363046028557,9.584362816197565,0.8004836618012192,49.9623383291182,-6570.889944979381
9.936363046028557,9.584362816197565,0.8004836618012192,49.9623383291182,-6570.889944979381
10.863098229257858,9.448213203329155,0.7045208602855175,50.4428274462891,-6572.034286964645
10.863098229257858,9.448213203329155,0.7045208602855175,50.4428274462891,-6572.034286964645
10.591569157630373,7.615386437366252,0.8678702054262248,50.471445901020495,-6570.743467903765
10.580218249553509,10.562964665195345,0.5832484159310394,50.51880207315872,-6572.228806889238
10.580218249553509,10.562964665195345,0.5832484159310394,50.51880207315872,-6572.228806889238
10.841559881817417,6.694396536430611,0.7083564071073722,50.73297736443736,-6571.260582856599
10.841559881817417,6.694396536430611,0.7083564071073722,50.73297736443736,-6571.260582856599
10.892405328603601,7.323003612075856,0.6839736681812907,50.86153354943128,-6571.016718767485
10.54946554788223,7.212690345072824,0.7860816281067048,50.1429520452638,-6570.471685014894
10.54946554788223,7.212690345072824,0.7860816281067048,50.1429520452638,-6570.471685014894
10.54946554788223,7.212690345072824,0.7860816281067048,50.1429520452638,-6570.471685014894
11.024688936208339,6.702133041912583,0.8908151996690079,50.43877251024172,-6571.245805740998
11.024688936208339,6.702133041912583,0.8908151996690079,50.43877251024172,-6571.245805740998
11.024688936208339,6.702133041912583,0.8908151996690079,50.43877251024172,-6571.245805740998
11.024688936208339,6.702133041912583,0.8908151996690079,50.43877251024172,-6571.245805740998
10.274302354903151,4.894824675349604,1.0931720796036168,50.324531376097354,-6574.251782728553
10.274302354903151,4.894824675349604,1.0931720796036168,50.324531376097354,-6574.251782728553
10.274302354903151,4.894824675349604,1.0931720796036168,50.324531376097354,-6574.251782728553
10.274302354903151,4.894824675349604,1.0931720796036168,50.324531376097354,-6574.251782728553
10.274302354903151,4.894824675349604,1.0931720796036168,50.324531376097354,-6574.251782728553
11.549059379840072,5.170339613246812,0.8438581729634221,49.95422349217423,-6572.148183139794
10.187465577488409,6.800911638872311,0.8617641440040671,49.56447918564797,-6572.022877065996
10.187465577488409,6.800911638872311,0.8617641440040671,49.56447918564797,-6572.022877065996
10.187465577488409,6.800911638872311,0.8617641440040671,49.56447918564797,-6572.022877065996
10.187465577488409,6.800911638872311,0.8617641440040671,49.56447918564797,-6572.022877065996
10.187465577488409,6.800911638872311,0.8617641440040671,49.56447918564797,-6572.022877065996
10.187465577488409,6.800911638872311,0.8617641440040671,49.56447918564797,-6572.022877065996
10.187465577488409,6.800911638872311,0.8617641440040671,49.56447918564797,-6572.022877065996
11.676458116292604,6.362359791175264,0.860770904869491,50.57806020595971,-6572.501400971145
11.1470543802453,8.052270956361316,0.7906999229718705,50.94521743890869,-6572.197918779622
11.1470543802453,8.052270956361316,0.7906999229718705,50.94521743890869,-6572.197918779622
11.1470543802453,8.052270956361316,0.7906999229718705,50.94521743890869,-6572.197918779622
11.1470543802453,8.052270956361316,0.7906999229718705,50.94521743890869,-6572.197918779622
10.172963908882334,8.155315563639041,0.9737784106653623,50.79129742411971,-6572.029159057358
10.172963908882334,8.155315563639041,0.9737784106653623,50.79129742411971,-6572.029159057358
10.172963908882334,8.155315563639041,0.9737784106653623,50.79129742411971,-6572.029159057358
10.172963908882334,8.155315563639041,0.9737784106653623,50.79129742411971,-6572.029159057358
10.258198182925314,6.127017639399291,0.9072836277254688,50.91574661383371,-6572.238014834664
11.229183449467046,7.04758712559587,0.8556670364849495,49.964549377862994,-6571.920088322915
10.85505768760675,7.454898444042856,0.8304731247479951,51.03597647181712,-6571.380977797329
10.85505768760675,7.454898444042856,0.8304731247479951,51.03597647181712,-6571.380977797329
10.85505768760675,7.454898444042856,0.8304731247479951,51.03597647181712,-6571.380977797329
10.85505768760675,7.454898444042856,0.8304731247479951,51.03597647181712,-6571.380977797329
10.85505768760675,7.454898444042856,0.8304731247479951,51.03597647181712,-6571.380977797329
10.85505768760675,7.454898444042856,0.8304731247479951,51.03597647181712,-6571.380977797329
10.85505768760675,7.454898444042856,0.8304731247479951,51.03597647181712,-6571.380977797329
10.85505768760675,7.454898444042856,0.8304731247479951,51.03597647181712,-6571.380977797329
10.85505768760675,7.454898444042856,0.8304731247479951,51.03597647181712,-6571.380977797329
10.85505768760675,7.454898444042856,0.8304731247479951,51.03597647181712,-6571.380977797329
10.85505768760675,7.454898444042856,0.8304731247479951,51.03597647181712,-6571.380977797329
10.85505768760675,7.454898444042856,0.8304731247479951,51.03597647181712,-6571.380977797329
10.85505768760675,7.454898444042856,0.8304731247479951,51.03597647181712,-6571.380977797329
10.884628739942649,7.093176048855763,0.8427851917566401,51.34555038128023,-6572.07814375845
10.884628739942649,7.093176048855763,0.8427851917566401,51.34555038128023,-6572.07814375845
10.884628739942649,7.093176048855763,0.8427851917566401,51.34555038128023,-6572.07814375845
10.884628739942649,7.093176048855763,0.8427851917566401,51.34555038128023,-6572.07814375845
10.884628739942649,7.093176048855763,0.8427851917566401,51.34555038128023,-6572.07814375845
10.884628739942649,7.093176048855763,0.8427851917566401,51.34555038128023,-6572.07814375845
10.884628739942649,7.093176048855763,0.8427851917566401,51.34555038128023,-6572.07814375845
10.884628739942649,7.093176048855763,0.8427851917566401,51.34555038128023,-6572.07814375845
10.884628739942649,7.093176048855763,0.8427851917566401,51.34555038128023,-6572.07814375845
10.884628739942649,7.093176048855763,0.8427851917566401,51.34555038128023,-6572.07814375845
10.884628739942649,7.093176048855763,0.8427851917566401,51.34555038128023,-6572.07814375845
10.884628739942649,7.093176048855763,0.8427851917566401,51.34555038128023,-6572.07814375845
10.884628739942649,7.093176048855763,0.8427851917566401,51.34555038128023,-6572.07814375845
10.884628739942649,7.093176048855763,0.8427851917566401,51.34555038128023,-6572.07814375845
10.884628739942649,7.093176048855763,0.8427851917566401,51.34555038128023,-6572.07814375845
10.737327702466338,6.665006585393055,0.7275727109663269,51.0431822776875,-6571.688584943058
10.737327702466338,6.665006585393055,0.7275727109663269,51.0431822776875,-6571.688584943058
10.737327702466338,6.665006585393055,0.7275727109663269,51.0431822776875,-6571.688584943058
10.737327702466338,6.665006585393055,0.7275727109663269,51.0431822776875,-6571.688584943058
10.661684532271549,6.61740140786018,0.8218557169085073,50.61003335936672,-6570.733439171909
10.661684532271549,6.61740140786018,0.8218557169085073,50.61003335936672,-6570.733439171909
10.661684532271549,6.61740140786018,0.8218557169085073,50.61003335936672,-6570.733439171909
10.661684532271549,6.61740140786018,0.8218557169085073,50.61003335936672,-6570.733439171909
10.661684532271549,6.61740140786018,0.8218557169085073,50.61003335936672,-6570.733439171909
10.661684532271549,6.61740140786018,0.8218557169085073,50.61003335936672,-6570.733439171909
10.661684532271549,6.61740140786018,0.8218557169085073,50.61003335936672,-6570.733439171909
10.661684532271549,6.61740140786018,0.8218557169085073,50.61003335936672,-6570.733439171909
10.661684532271549,6.61740140786018,0.8218557169085073,50.61003335936672,-6570.733439171909
10.661684532271549,6.61740140786018,0.8218557169085073,50.61003335936672,-6570.733439171909
9.47208423668878,9.20153589156463,0.8282815446986705,51.48307851300454,-6572.687453374053
9.47208423668878,9.20153589156463,0.8282815446986705,51.48307851300454,-6572.687453374053
9.47208423668878,9.20153589156463,0.8282815446986705,51.48307851300454,-6572.687453374053
9.766095962698534,8.136256235406963,1.0173758519346205,51.32307978707146,-6573.423379771529
9.838173643579687,9.809949958760354,0.9150038581128916,50.45053885998231,-6572.213707751724
9.381856968032912,10.879333334200194,0.7298528691352164,51.16879014663857,-6571.968723377261
9.381856968032912,10.879333334200194,0.7298528691352164,51.16879014663857,-6571.968723377261
9.164451267613046,12.71997684260488,0.7712157567676894,50.910485443048636,-6574.131227264311
9.990915073282617,10.154604616640283,0.7025753258226983,51.63240798879865,-6573.034265417665
9.990915073282617,10.154604616640283,0.7025753258226983,51.63240798879865,-6573.034265417665
10.533966494796957,8.170370570460495,0.5978361890729975,50.96906014146174,-6571.938709372569
10.787894268960425,9.3317919084712,0.6611870856986,49.659343844272705,-6572.276804106282
10.787894268960425,9.3317919084712,0.6611870856986,49.659343844272705,-6572.276804106282
10.787894268960425,9.3317919084712,0.6611870856986,49.659343844272705,-6572.276804106282
10.787894268960425,9.3317919084712,0.6611870856986,49.659343844272705,-6572.276804106282
9.751274045564529,11.660741475531497,0.7913553870127279,49.710732336130356,-6574.04942469402
9.751274045564529,11.660741475531497,0.7913553870127279,49.710732336130356,-6574.04942469402
9.751274045564529,11.660741475531497,0.7913553870127279,49.710732336130356,-6574.04942469402
9.751274045564529,11.660741475531497,0.7913553870127279,49.710732336130356,-6574.04942469402
9.751274045564529,11.660741475531497,0.7913553870127279,49.710732336130356,-6574.04942469402
9.549061580759817,9.132427959610625,1.0478596009925556,50.94320571128475,-6573.578000043168
9.549061580759817,9.132427959610625,1.0478596009925556,50.94320571128475,-6573.578000043168
9.521694371875352,7.626086033192781,0.9543628491252827,51.08142669025743,-6572.625766393099
9.521694371875352,7.626086033192781,0.9543628491252827,51.08142669025743,-6572.625766393099
9.521694371875352,7.626086033192781,0.9543628491252827,51.08142669025743,-6572.625766393099
9.521694371875352,7.626086033192781,0.9543628491252827,51.08142669025743,-6572.625766393099
9.351335095304954,9.576549476702365,0.9679306824093753,50.60978257836581,-6572.083943056177
9.351335095304954,9.576549476702365,0.9679306824093753,50.60978257836581,-6572.083943056177
9.351335095304954,9.576549476702365,0.9679306824093753,50.60978257836581,-6572.083943056177
9.356768588284915,6.935987781860069,0.8940749439258903,50.23683973003173,-6573.829395858036
9.356768588284915,6.935987781860069,0.8940749439258903,50.23683973003173,-6573.829395858036
9.353912989136129,8.951721058875362,0.9800769946432903,50.244820769902724,-6571.6939076093495
9.353912989136129,8.951721058875362,0.9800769946432903,50.244820769902724,-6571.6939076093495
9.353912989136129,8.951721058875362,0.9800769946432903,50.244820769902724,-6571.6939076093495
9.353912989136129,8.951721058875362,0.9800769946432903,50.244820769902724,-6571.6939076093495
10.167053405440392,7.418745883756827,0.9136735753670158,50.39787192533126,-6570.737101522934
10.167053405440392,7.418745883756827,0.9136735753670158,50.39787192533126,-6570.737101522934
10.167053405440392,7.418745883756827,0.9136735753670158,50.39787192533126,-6570.737101522934
10.203235856787224,9.557227190374146,0.7895043621741492,50.80573080862139,-6571.3091681781425
10.203235856787224,9.557227190374146,0.7895043621741492,50.80573080862139,-6571.3091681781425
10.203235856787224,9.557227190374146,0.7895043621741492,50.80573080862139,-6571.3091681781425
10.203235856787224,9.557227190374146,0.7895043621741492,50.80573080862139,-6571.3091681781425
10.203235856787224,9.557227190374146,0.7895043621741492,50.80573080862139,-6571.3091681781425
10.203235856787224,9.557227190374146,0.7895043621741492,50.80573080862139,-6571.3091681781425
10.203235856787224,9.557227190374146,0.7895043621741492,50.80573080862139,-6571.3091681781425
10.203235856787224,9.557227190374146,0.7895043621741492,50.80573080862139,-6571.3091681781425
10.306955264831855,9.3868092004637,0.6418586306795286,50.13055583540023,-6570.750277355465
10.306955264831855,9.3868092004637,0.6418586306795286,50.13055583540023,-6570.750277355465
10.306955264831855,9.3868092004637,0.6418586306795286,50.13055583540023,-6570.750277355465
10.306955264831855,9.3868092004637,0.6418586306795286,50.13055583540023,-6570.750277355465
10.041026144958098,8.47331593683153,0.6290389959969305,49.822593683771416,-6572.113450479833
10.041026144958098,8.47331593683153,0.6290389959969305,49.822593683771416,-6572.113450479833
10.041026144958098,8.47331593683153,0.6290389959969305,49.822593683771416,-6572.113450479833
10.041026144958098,8.47331593683153,0.6290389959969305,49.822593683771416,-6572.113450479833
10.041026144958098,8.47331593683153,0.6290389959969305,49.822593683771416,-6572.113450479833
10.041026144958098,8.47331593683153,0.6290389959969305,49.822593683771416,-6572.113450479833
10.041026144958098,8.47331593683153,0.6290389959969305,49.822593683771416,-6572.113450479833
10.041026144958098,8.47331593683153,0.6290389959969305,49.822593683771416,-6572.113450479833
10.041026144958098,8.47331593683153,0.6290389959969305,49.822593683771416,-6572.113450479833
10.041026144958098,8.47331593683153,0.6290389959969305,49.822593683771416,-6572.113450479833
11.046165644179498,7.820786246190671,0.6257593407508377,50.338004332707655,-6571.170672272051
10.621341763394067,10.740392124306847,0.5671263196829626,50.36863765455204,-6572.624069726138
10.173551141780106,10.092954941120901,0.7253460646040285,50.57998198574079,-6571.15629832249
10.173551141780106,10.092954941120901,0.7253460646040285,50.57998198574079,-6571.15629832249
10.173551141780106,10.092954941120901,0.7253460646040285,50.57998198574079,-6571.15629832249
10.173551141780106,10.092954941120901,0.7253460646040285,50.57998198574079,-6571.15629832249
10.173551141780106,10.092954941120901,0.7253460646040285,50.57998198574079,-6571.15629832249
10.173551141780106,10.092954941120901,0.7253460646040285,50.57998198574079,-6571.15629832249
10.173551141780106,10.092954941120901,0.7253460646040285,50.57998198574079,-6571.15629832249
10.173551141780106,10.092954941120901,0.7253460646040285,50.57998198574079,-6571.15629832249
10.059689145914659,9.745330426584069,0.76447387272393,50.62575097142251,-6570.840010682126
10.059689145914659,9.745330426584069,0.76447387272393,50.62575097142251,-6570.840010682126
9.646636625080772,8.07162825467038,0.8217824244250571,50.51462204018412,-6570.936605114611
9.646636625080772,8.07162825467038,0.8217824244250571,50.51462204018412,-6570.936605114611
9.646636625080772,8.07162825467038,0.8217824244250571,50.51462204018412,-6570.936605114611
9.646636625080772,8.07162825467038,0.8217824244250571,50.51462204018412,-6570.936605114611
9.646636625080772,8.07162825467038,0.8217824244250571,50.51462204018412,-6570.936605114611
9.646636625080772,8.07162825467038,0.8217824244250571,50.51462204018412,-6570.936605114611
9.656140960740567,10.127480479730607,0.6649430251201025,50.79214508520067,-6570.90502478614
9.656140960740567,10.127480479730607,0.6649430251201025,50.79214508520067,-6570.90502478614
9.656140960740567,10.127480479730607,0.6649430251201025,50.79214508520067,-6570.90502478614
9.656140960740567,10.127480479730607,0.6649430251201025,50.79214508520067,-6570.90502478614
9.656140960740567,10.127480479730607,0.6649430251201025,50.79214508520067,-6570.90502478614
9.656140960740567,10.127480479730607,0.6649430251201025,50.79214508520067,-6570.90502478614
9.656140960740567,10.127480479730607,0.6649430251201025,50.79214508520067,-6570.90502478614
9.656140960740567,10.127480479730607,0.6649430251201025,50.79214508520067,-6570.90502478614
10.897505913543549,7.777419181600686,0.7083062798371031,50.24058092230336,-6570.603766169004
10.897505913543549,7.777419181600686,0.7083062798371031,50.24058092230336,-6570.603766169004
10.897505913543549,7.777419181600686,0.7083062798371031,50.24058092230336,-6570.603766169004
10.897505913543549,7.777419181600686,0.7083062798371031,50.24058092230336,-6570.603766169004
10.897505913543549,7.777419181600686,0.7083062798371031,50.24058092230336,-6570.603766169004
10.897505913543549,7.777419181600686,0.7083062798371031,50.24058092230336,-6570.603766169004
10.897505913543549,7.777419181600686,0.7083062798371031,50.24058092230336,-6570.603766169004
10.897505913543549,7.777419181600686,0.7083062798371031,50.24058092230336,-6570.603766169004
10.897505913543549,7.777419181600686,0.7083062798371031,50.24058092230336,-6570.603766169004
10.189702990369078,8.845486895825738,0.6539034951356928,50.541259679736726,-6570.585478036044
10.189702990369078,8.845486895825738,0.6539034951356928,50.541259679736726,-6570.585478036044
10.189702990369078,8.845486895825738,0.6539034951356928,50.541259679736726,-6570.585478036044
10.189702990369078,8.845486895825738,0.6539034951356928,50.541259679736726,-6570.585478036044
10.189702990369078,8.845486895825738,0.6539034951356928,50.541259679736726,-6570.585478036044
10.189702990369078,8.845486895825738,0.6539034951356928,50.541259679736726,-6570.585478036044
10.189702990369078,8.845486895825738,0.6539034951356928,50.541259679736726,-6570.585478036044
10.189702990369078,8.845486895825738,0.6539034951356928,50.541259679736726,-6570.585478036044
9.474570192934054,10.720253567998814,0.8108018781745393,50.37031723701563,-6571.379493736528
9.789189128389857,10.630751179398034,0.793668580226741,50.05863013543066,-6571.768804010257
9.789189128389857,10.630751179398034,0.793668580226741,50.05863013543066,-6571.768804010257
9.244487921778143,10.226380171744246,0.8300169853320608,49.67119719781497,-6571.584174705556
9.244487921778143,10.226380171744246,0.8300169853320608,49.67119719781497,-6571.584174705556
9.244487921778143,10.226380171744246,0.8300169853320608,49.67119719781497,-6571.584174705556
9.244487921778143,10.226380171744246,0.8300169853320608,49.67119719781497,-6571.584174705556
9.244487921778143,10.226380171744246,0.8300169853320608,49.67119719781497,-6571.584174705556
9.244487921778143,10.226380171744246,0.8300169853320608,49.67119719781497,-6571.584174705556
9.244487921778143,10.226380171744246,0.8300169853320608,49.67119719781497,-6571.584174705556
9.868950206576224,8.440634754123472,0.9553460613941489,50.24573412384856,-6571.279599225345
9.868950206576224,8.440634754123472,0.9553460613941489,50.24573412384856,-6571.279599225345
9.868950206576224,8.440634754123472,0.9553460613941489,50.24573412384856,-6571.279599225345
10.80051220922721,9.005674797598948,0.8985578179705767,50.32986451951945,-6573.885595853834
11.014111306393694,6.238329523189979,1.1194622577637132,50.03353564306538,-6574.507927686777
11.014111306393694,6.238329523189979,1.1194622577637132,50.03353564306538,-6574.507927686777
11.014111306393694,6.238329523189979,1.1194622577637132,50.03353564306538,-6574.507927686777
11.014111306393694,6.238329523189979,1.1194622577637132,50.03353564306538,-6574.507927686777
9.284961996800304,7.597033715126919,0.8659650259889771,50.38824832137354,-6572.807433138942
9.284961996800304,7.597033715126919,0.8659650259889771,50.38824832137354,-6572.807433138942
9.284961996800304,7.597033715126919,0.8659650259889771,50.38824832137354,-6572.807433138942
9.284961996800304,7.597033715126919,0.8659650259889771,50.38824832137354,-6572.807433138942
10.403355660959638,5.850626558040101,0.9576971125858108,50.29414585561783,-6571.862388129093
10.403355660959638,5.850626558040101,0.9576971125858108,50.29414585561783,-6571.862388129093
10.403355660959638,5.850626558040101,0.9576971125858108,50.29414585561783,-6571.862388129093
10.403355660959638,5.850626558040101,0.9576971125858108,50.29414585561783,-6571.862388129093
11.116122010664716,8.47173906671356,0.723970437859795,50.93841539465956,-6571.964766277687
10.087862429173107,9.48853793892549,0.6762374808553497,50.900943309278745,-6570.774738806963
10.087862429173107,9.48853793892549,0.6762374808553497,50.900943309278745,-6570.774738806963
10.087862429173107,9.48853793892549,0.6762374808553497,50.900943309278745,-6570.774738806963
9.976099026959249,8.671105779610862,0.6459291069768333,51.53458988142621,-6573.217217582616
9.028988959827556,9.554774620194243,0.7468828541781496,50.939572606942086,-6572.345858392888
9.028988959827556,9.554774620194243,0.7468828541781496,50.939572606942086,-6572.345858392888
9.028988959827556,9.554774620194243,0.7468828541781496,50.939572606942086,-6572.345858392888
9.028988959827556,9.554774620194243,0.7468828541781496,50.939572606942086,-6572.345858392888
9.028988959827556,9.554774620194243,0.7468828541781496,50.939572606942086,-6572.345858392888
9.028988959827556,9.554774620194243,0.7468828541781496,50.939572606942086,-6572.345858392888
9.305386156417002,10.61733543482771,0.6460043955493615,50.611007362157466,-6571.282750696546
10.17268979225247,7.676894228504699,0.6919003095408105,50.59445277405765,-6571.307882558832
10.17268979225247,7.676894228504699,0.6919003095408105,50.59445277405765,-6571.307882558832
10.17268979225247,7.676894228504699,0.6919003095408105,50.59445277405765,-6571.307882558832
10.17268979225247,7.676894228504699,0.6919003095408105,50.59445277405765,-6571.307882558832
10.17268979225247,7.676894228504699,0.6919003095408105,50.59445277405765,-6571.307882558832
10.17268979225247,7.676894228504699,0.6919003095408105,50.59445277405765,-6571.307882558832
10.17268979225247,7.676894228504699,0.6919003095408105,50.59445277405765,-6571.307882558832
10.17268979225247,7.676894228504699,0.6919003095408105,50.59445277405765,-6571.307882558832
10.074303344861164,8.777814005907063,0.7128134826929343,50.35553957237142,-6570.227442313579
10.074303344861164,8.777814005907063,0.7128134826929343,50.35553957237142,-6570.227442313579
9.853904437805001,9.358815153384347,0.8830148676035654,49.897532088003544,-6571.424908991973
9.853904437805001,9.358815153384347,0.8830148676035654,49.897532088003544,-6571.424908991973
9.853904437805001,9.358815153384347,0.8830148676035654,49.897532088003544,-6571.424908991973
9.853904437805001,9.358815153384347,0.8830148676035654,49.897532088003544,-6571.424908991973
9.853904437805001,9.358815153384347,0.8830148676035654,49.897532088003544,-6571.424908991973
9.853904437805001,9.358815153384347,0.8830148676035654,49.897532088003544,-6571.424908991973
9.853904437805001,9.358815153384347,0.8830148676035654,49.897532088003544,-6571.424908991973
9.853904437805001,9.358815153384347,0.8830148676035654,49.897532088003544,-6571.424908991973
9.853904437805001,9.358815153384347,0.8830148676035654,49.897532088003544,-6571.424908991973
9.853904437805001,9.358815153384347,0.8830148676035654,49.897532088003544,-6571.424908991973
9.853904437805001,9.358815153384347,0.8830148676035654,49.897532088003544,-6571.424908991973
8.81063476469258,13.405124888963755,0.680334174495316,50.132332692441445,-6573.426680801391
8.81063476469258,13.405124888963755,0.680334174495316,50.132332692441445,-6573.426680801391
9.290500116511616,10.800715127110681,0.5195961021654742,50.340920474281624,-6573.651669945974
9.290500116511616,10.800715127110681,0.5195961021654742,50.340920474281624,-6573.651669945974
9.290500116511616,10.800715127110681,0.5195961021654742,50.340920474281624,-6573.651669945974
9.667054989921969,11.716726844250235,0.42194537978906765,50.53260482933225,-6575.017917078685
9.667054989921969,11.716726844250235,0.42194537978906765,50.53260482933225,-6575.017917078685
9.667054989921969,11.716726844250235,0.42194537978906765,50.53260482933225,-6575.017917078685
9.667054989921969,11.716726844250235,0.42194537978906765,50.53260482933225,-6575.017917078685
9.667054989921969,11.716726844250235,0.42194537978906765,50.53260482933225,-6575.017917078685
9.667054989921969,11.716726844250235,0.42194537978906765,50.53260482933225,-6575.017917078685
10.181385245699097,10.416405504544114,0.5432885877716147,49.9477555534143,-6572.205469097205
10.181385245699097,10.416405504544114,0.5432885877716147,49.9477555534143,-6572.205469097205
10.181385245699097,10.416405504544114,0.5432885877716147,49.9477555534143,-6572.205469097205
10.181385245699097,10.416405504544114,0.5432885877716147,49.9477555534143,-6572.205469097205
9.841080192193157,9.71183798688591,0.5812989131421367,49.99767542360588,-6571.892438868931
10.840465646359553,9.30104434644194,0.698039269412831,49.70882922669903,-6572.4447541777035
10.957989624203323,9.625947029804422,0.6245686129462342,50.319021020147225,-6572.161287727082
10.957989624203323,9.625947029804422,0.6245686129462342,50.319021020147225,-6572.161287727082
10.957989624203323,9.625947029804422,0.6245686129462342,50.319021020147225,-6572.161287727082
10.957989624203323,9.625947029804422,0.6245686129462342,50.319021020147225,-6572.161287727082
10.957989624203323,9.625947029804422,0.6245686129462342,50.319021020147225,-6572.161287727082
10.957989624203323,9.625947029804422,0.6245686129462342,50.319021020147225,-6572.161287727082
10.957989624203323,9.625947029804422,0.6245686129462342,50.319021020147225,-6572.161287727082
11.259015256243671,8.961130154577338,0.5989827374158745,50.347510581122755,-6572.235420769348
11.259015256243671,8.961130154577338,0.5989827374158745,50.347510581122755,-6572.235420769348
11.259015256243671,8.961130154577338,0.5989827374158745,50.347510581122755,-6572.235420769348
11.845294579745586,6.08517292572131,0.6067509138622333,50.728548439336684,-6572.921245211465
11.845294579745586,6.08517292572131,0.6067509138622333,50.728548439336684,-6572.921245211465
11.301215081742733,8.911105665802943,0.6015726435180642,50.422599649426274,-6572.278034972602
11.301215081742733,8.911105665802943,0.6015726435180642,50.422599649426274,-6572.278034972602
11.301215081742733,8.911105665802943,0.6015726435180642,50.422599649426274,-6572.278034972602
11.301215081742733,8.911105665802943,0.6015726435180642,50.422599649426274,-6572.278034972602
11.301215081742733,8.911105665802943,0.6015726435180642,50.422599649426274,-6572.278034972602
10.840760664549604,9.37705048889653,0.5788330831188704,50.70462884485905,-6571.686527156839
10.840760664549604,9.37705048889653,0.5788330831188704,50.70462884485905,-6571.686527156839
10.840760664549604,9.37705048889653,0.5788330831188704,50.70462884485905,-6571.686527156839
10.840760664549604,9.37705048889653,0.5788330831188704,50.70462884485905,-6571.686527156839
10.840760664549604,9.37705048889653,0.5788330831188704,50.70462884485905,-6571.686527156839
10.840760664549604,9.37705048889653,0.5788330831188704,50.70462884485905,-6571.686527156839
10.840760664549604,9.37705048889653,0.5788330831188704,50.70462884485905,-6571.686527156839
10.589732261670255,9.605129173008802,0.540997834878253,51.01134539699443,-6572.215850594377
10.589732261670255,9.605129173008802,0.540997834878253,51.01134539699443,-6572.215850594377
10.589732261670255,9.605129173008802,0.540997834878253,51.01134539699443,-6572.215850594377
10.589732261670255,9.605129173008802,0.540997834878253,51.01134539699443,-6572.215850594377
10.589732261670255,9.605129173008802,0.540997834878253,51.01134539699443,-6572.215850594377
10.589732261670255,9.605129173008802,0.540997834878253,51.01134539699443,-6572.215850594377
10.589732261670255,9.605129173008802,0.540997834878253,51.01134539699443,-6572.215850594377
10.589732261670255,9.605129173008802,0.540997834878253,51.01134539699443,-6572.215850594377
10.52750274532342,9.199720837462962,0.6758176092004038,50.07009728674474,-6570.878425447788
10.52750274532342,9.199720837462962,0.6758176092004038,50.07009728674474,-6570.878425447788
10.52750274532342,9.199720837462962,0.6758176092004038,50.07009728674474,-6570.878425447788
10.52750274532342,9.199720837462962,0.6758176092004038,50.07009728674474,-6570.878425447788
10.429653315468835,7.019686230387887,0.8447483640919018,49.59740859747462,-6571.448890617414
10.429653315468835,7.019686230387887,0.8447483640919018,49.59740859747462,-6571.448890617414
10.429653315468835,7.019686230387887,0.8447483640919018,49.59740859747462,-6571.448890617414
10.429653315468835,7.019686230387887,0.8447483640919018,49.59740859747462,-6571.448890617414
10.429653315468835,7.019686230387887,0.8447483640919018,49.59740859747462,-6571.448890617414
10.429653315468835,7.019686230387887,0.8447483640919018,49.59740859747462,-6571.448890617414
10.429653315468835,7.019686230387887,0.8447483640919018,49.59740859747462,-6571.448890617414
10.429653315468835,7.019686230387887,0.8447483640919018,49.59740859747462,-6571.448890617414
10.429653315468835,7.019686230387887,0.8447483640919018,49.59740859747462,-6571.448890617414
10.429653315468835,7.019686230387887,0.8447483640919018,49.59740859747462,-6571.448890617414
10.429653315468835,7.019686230387887,0.8447483640919018,49.59740859747462,-6571.448890617414
10.429653315468835,7.019686230387887,0.8447483640919018,49.59740859747462,-6571.448890617414
10.429653315468835,7.019686230387887,0.8447483640919018,49.59740859747462,-6571.448890617414
10.429653315468835,7.019686230387887,0.8447483640919018,49.59740859747462,-6571.448890617414
10.429653315468835,7.019686230387887,0.8447483640919018,49.59740859747462,-6571.448890617414
10.429653315468835,7.019686230387887,0.8447483640919018,49.59740859747462,-6571.448890617414
10.429653315468835,7.019686230387887,0.8447483640919018,49.59740859747462,-6571.448890617414
10.429653315468835,7.019686230387887,0.8447483640919018,49.59740859747462,-6571.448890617414
10.429653315468835,7.019686230387887,0.8447483640919018,49.59740859747462,-6571.448890617414
10.429653315468835,7.019686230387887,0.8447483640919018,49.59740859747462,-6571.448890617414
10.080123399403533,7.31297547581698,0.8236368673419434,50.21377266803554,-6570.761918955005
10.080123399403533,7.31297547581698,0.8236368673419434,50.21377266803554,-6570.761918955005
10.803166129019457,8.342572641111722,0.8263858736121581,50.477601413022654,-6571.503601192995
10.803166129019457,8.342572641111722,0.8263858736121581,50.477601413022654,-6571.503601192995
10.803166129019457,8.342572641111722,0.8263858736121581,50.477601413022654,-6571.503601192995
10.803166129019457,8.342572641111722,0.8263858736121581,50.477601413022654,-6571.503601192995
10.587781218368754,8.246402119286872,0.6944639085355717,50.499554643670656,-6570.364822010216
10.587781218368754,8.246402119286872,0.6944639085355717,50.499554643670656,-6570.364822010216
10.587781218368754,8.246402119286872,0.6944639085355717,50.499554643670656,-6570.364822010216
10.587781218368754,8.246402119286872,0.6944639085355717,50.499554643670656,-6570.364822010216
10.587781218368754,8.246402119286872,0.6944639085355717,50.499554643670656,-6570.364822010216
10.587781218368754,8.246402119286872,0.6944639085355717,50.499554643670656,-6570.364822010216
11.400567558049303,5.984306888001722,0.8506232379196592,50.54965709905707,-6571.431827353185
10.195972673082265,7.056822460458765,0.979807886854268,50.2517836635378,-6571.318749610673
10.195972673082265,7.056822460458765,0.979807886854268,50.2517836635378,-6571.318749610673
10.195972673082265,7.056822460458765,0.979807886854268,50.2517836635378,-6571.318749610673
9.871413086731344,10.071090944259485,0.7179991221057869,49.79559881432497,-6571.066109663796
9.871413086731344,10.071090944259485,0.7179991221057869,49.79559881432497,-6571.066109663796
9.871413086731344,10.071090944259485,0.7179991221057869,49.79559881432497,-6571.066109663796
10.228167138390985,8.875793662083185,0.7413194980773841,49.595567444214346,-6571.159579544617
10.76427163604504,8.100928995891577,0.7879378134530461,50.07403354671947,-6570.896233497366
10.76427163604504,8.100928995891577,0.7879378134530461,50.07403354671947,-6570.896233497366
9.273318308959377,9.201115419931334,1.0316464711226616,50.18777266026295,-6572.504198451699
8.887548162114292,7.7938205661606705,0.9242897231263489,49.59725567925412,-6575.0211106143
8.887548162114292,7.7938205661606705,0.9242897231263489,49.59725567925412,-6575.0211106143
9.380331825895146,9.033090239836097,0.9300091085506463,49.200922590195425,-6573.051224407354
9.380331825895146,9.033090239836097,0.9300091085506463,49.200922590195425,-6573.051224407354
9.380331825895146,9.033090239836097,0.9300091085506463,49.200922590195425,-6573.051224407354
9.380331825895146,9.033090239836097,0.9300091085506463,49.200922590195425,-6573.051224407354
9.380331825895146,9.033090239836097,0.9300091085506463,49.200922590195425,-6573.051224407354
10.343011877441521,8.13471987761812,0.9751454824467641,49.40702758389559,-6573.290601095867
10.343011877441521,8.13471987761812,0.9751454824467641,49.40702758389559,-6573.290601095867
10.343011877441521,8.13471987761812,0.9751454824467641,49.40702758389559,-6573.290601095867
9.483188391223404,8.124254265498886,1.1150560032422403,49.82999643542687,-6573.468727749157
9.483188391223404,8.124254265498886,1.1150560032422403,49.82999643542687,-6573.468727749157
9.335061246670856,10.171579997888692,1.1765661812708894,49.95013024939137,-6577.006441869892
8.144973757071886,9.839586950143035,1.1158943542535875,50.28198257404973,-6575.605114799965
8.144973757071886,9.839586950143035,1.1158943542535875,50.28198257404973,-6575.605114799965
8.144973757071886,9.839586950143035,1.1158943542535875,50.28198257404973,-6575.605114799965
8.144973757071886,9.839586950143035,1.1158943542535875,50.28198257404973,-6575.605114799965
8.144973757071886,9.839586950143035,1.1158943542535875,50.28198257404973,-6575.605114799965
8.316098959077971,11.809870159500177,0.9079342652695939,50.144709902769364,-6573.367341375805
8.308149952698043,10.474672640767125,1.0487416829727638,50.61643864841891,-6574.508913246034
9.013748483709541,10.960234752498703,0.8955728570519211,51.026667377278144,-6573.0222271115435
9.013748483709541,10.960234752498703,0.8955728570519211,51.026667377278144,-6573.0222271115435
9.013748483709541,10.960234752498703,0.8955728570519211,51.026667377278144,-6573.0222271115435
8.903736422846164,9.070238384453132,0.8653770334654347,50.054003405748006,-6572.144336591059
8.903736422846164,9.070238384453132,0.8653770334654347,50.054003405748006,-6572.144336591059
8.903736422846164,9.070238384453132,0.8653770334654347,50.054003405748006,-6572.144336591059
8.903736422846164,9.070238384453132,0.8653770334654347,50.054003405748006,-6572.144336591059
8.903736422846164,9.070238384453132,0.8653770334654347,50.054003405748006,-6572.144336591059
8.903736422846164,9.070238384453132,0.8653770334654347,50.054003405748006,-6572.144336591059
8.792205101581306,9.749906938508305,0.8828020187210517,49.71941314530505,-6572.381541751147
9.478109970365876,10.160114663619598,0.8873735698583415,49.574834418766976,-6572.3657261686585
9.431389783598673,9.954099200472644,0.9097300459284273,49.91484313248032,-6571.7945182434105
9.431389783598673,9.954099200472644,0.9097300459284273,49.91484313248032,-6571.7945182434105
9.920605690315092,8.429747024124206,0.8025242545997779,51.20836577500207,-6571.379396413857
9.920605690315092,8.429747024124206,0.8025242545997779,51.20836577500207,-6571.379396413857
9.920605690315092,8.429747024124206,0.8025242545997779,51.20836577500207,-6571.379396413857
9.920605690315092,8.429747024124206,0.8025242545997779,51.20836577500207,-6571.379396413857
10.987450209545765,8.452941754966675,0.6925966178435103,51.25907955727638,-6571.996136482645
10.987450209545765,8.452941754966675,0.6925966178435103,51.25907955727638,-6571.996136482645
10.987450209545765,8.452941754966675,0.6925966178435103,51.25907955727638,-6571.996136482645
9.759229999618851,7.686839185697373,0.7305109154592724,51.4113334825308,-6573.870252959003
9.602900745507611,10.317103244217732,0.888140786773329,50.669750259027566,-6572.202980817975
9.71528761496053,9.894504303100534,0.9454052108609123,50.57195055962204,-6572.632841501264
9.583536814473215,10.190662099053384,0.7908647982218644,51.45857881779963,-6572.674294477255
9.583536814473215,10.190662099053384,0.7908647982218644,51.45857881779963,-6572.674294477255
9.583536814473215,10.190662099053384,0.7908647982218644,51.45857881779963,-6572.674294477255
9.583536814473215,10.190662099053384,0.7908647982218644,51.45857881779963,-6572.674294477255
9.583536814473215,10.190662099053384,0.7908647982218644,51.45857881779963,-6572.674294477255
9.931298199284956,7.93156707941986,1.0046977941150619,50.87628894077408,-6572.153327483211
9.931298199284956,7.93156707941986,1.0046977941150619,50.87628894077408,-6572.153327483211
9.931298199284956,7.93156707941986,1.0046977941150619,50.87628894077408,-6572.153327483211
9.957017535800105,8.126285512622138,1.0014530623576812,49.64208325470178,-6572.41147551668
9.957017535800105,8.126285512622138,1.0014530623576812,49.64208325470178,-6572.41147551668
9.957017535800105,8.126285512622138,1.0014530623576812,49.64208325470178,-6572.41147551668
9.957017535800105,8.126285512622138,1.0014530623576812,49.64208325470178,-6572.41147551668
9.957017535800105,8.126285512622138,1.0014530623576812,49.64208325470178,-6572.41147551668
9.957017535800105,8.126285512622138,1.0014530623576812,49.64208325470178,-6572.41147551668
9.957017535800105,8.126285512622138,1.0014530623576812,49.64208325470178,-6572.41147551668
9.957017535800105,8.126285512622138,1.0014530623576812,49.64208325470178,-6572.41147551668
9.957017535800105,8.126285512622138,1.0014530623576812,49.64208325470178,-6572.41147551668
9.957017535800105,8.126285512622138,1.0014530623576812,49.64208325470178,-6572.41147551668
9.957017535800105,8.126285512622138,1.0014530623576812,49.64208325470178,-6572.41147551668
9.61103942830035,8.29983828427452,0.9018536875073515,49.9069575888326,-6571.098673789333
9.61103942830035,8.29983828427452,0.9018536875073515,49.9069575888326,-6571.098673789333
9.561549800153198,9.839754734367308,0.8088712860939724,50.12714644728998,-6570.667146243643
9.561549800153198,9.839754734367308,0.8088712860939724,50.12714644728998,-6570.667146243643
9.596790401215765,9.750994845687396,0.8044568429482915,50.33628861503734,-6570.537400513571
10.341669383569412,8.999417726069755,0.7808907660534613,50.025076321207884,-6570.809977632038
10.341669383569412,8.999417726069755,0.7808907660534613,50.025076321207884,-6570.809977632038
10.341669383569412,8.999417726069755,0.7808907660534613,50.025076321207884,-6570.809977632038
10.341669383569412,8.999417726069755,0.7808907660534613,50.025076321207884,-6570.809977632038
10.341669383569412,8.999417726069755,0.7808907660534613,50.025076321207884,-6570.809977632038
10.341669383569412,8.999417726069755,0.7808907660534613,50.025076321207884,-6570.809977632038
10.341669383569412,8.999417726069755,0.7808907660534613,50.025076321207884,-6570.809977632038
10.341669383569412,8.999417726069755,0.7808907660534613,50.025076321207884,-6570.809977632038
10.341669383569412,8.999417726069755,0.7808907660534613,50.025076321207884,-6570.809977632038
10.341669383569412,8.999417726069755,0.7808907660534613,50.025076321207884,-6570.809977632038
10.341669383569412,8.999417726069755,0.7808907660534613,50.025076321207884,-6570.809977632038
10.341669383569412,8.999417726069755,0.7808907660534613,50.025076321207884,-6570.809977632038
10.341669383569412,8.999417726069755,0.7808907660534613,50.025076321207884,-6570.809977632038
10.341669383569412,8.999417726069755,0.7808907660534613,50.025076321207884,-6570.809977632038
10.341669383569412,8.999417726069755,0.7808907660534613,50.025076321207884,-6570.809977632038
10.341669383569412,8.999417726069755,0.7808907660534613,50.025076321207884,-6570.809977632038
10.341669383569412,8.999417726069755,0.7808907660534613,50.025076321207884,-6570.809977632038
9.150921774183196,8.5335256370318,0.7143589524431257,50.232614586331096,-6573.532600705397
9.150921774183196,8.5335256370318,0.7143589524431257,50.232614586331096,-6573.532600705397
9.08746935993617,10.730719817110154,0.7346855880151343,50.803479917727365,-6571.384539707823
9.428060861902253,9.296369496798503,0.6855566217995958,50.52527836853242,-6571.362392818596
9.689093014689899,8.232928304450605,0.6128557684015888,50.24179028414895,-6573.9638405038095
9.689093014689899,8.232928304450605,0.6128557684015888,50.24179028414895,-6573.9638405038095
9.689093014689899,8.232928304450605,0.6128557684015888,50.24179028414895,-6573.9638405038095
10.178097417738126,7.412965802926898,0.7452387454963257,51.114093845606554,-6571.789450263679
10.178097417738126,7.412965802926898,0.7452387454963257,51.114093845606554,-6571.789450263679
10.819457203865316,7.515164476188675,0.6241743884254052,50.292480486588815,-6571.44349627566
10.819457203865316,7.515164476188675,0.6241743884254052,50.292480486588815,-6571.44349627566
10.819457203865316,7.515164476188675,0.6241743884254052,50.292480486588815,-6571.44349627566
9.842041743401026,9.090037214365724,0.8562073238299704,50.781604075679965,-6570.935657568524
9.842041743401026,9.090037214365724,0.8562073238299704,50.781604075679965,-6570.935657568524
9.842041743401026,9.090037214365724,0.8562073238299704,50.781604075679965,-6570.935657568524
9.842041743401026,9.090037214365724,0.8562073238299704,50.781604075679965,-6570.935657568524
9.842041743401026,9.090037214365724,0.8562073238299704,50.781604075679965,-6570.935657568524
8.977094487132362,10.732240353749633,0.7915783735667326,50.30795296596532,-6571.194983946649
10.551983609374028,9.933232181421054,0.7041460052400211,50.66106331491822,-6571.829403126587
10.551983609374028,9.933232181421054,0.7041460052400211,50.66106331491822,-6571.829403126587
10.551983609374028,9.933232181421054,0.7041460052400211,50.66106331491822,-6571.829403126587
10.551983609374028,9.933232181421054,0.7041460052400211,50.66106331491822,-6571.829403126587
10.551983609374028,9.933232181421054,0.7041460052400211,50.66106331491822,-6571.829403126587
10.551983609374028,9.933232181421054,0.7041460052400211,50.66106331491822,-6571.829403126587
10.551983609374028,9.933232181421054,0.7041460052400211,50.66106331491822,-6571.829403126587
11.51901257248329,8.201645697769084,0.6091718346221766,51.918924222089906,-6574.967076672947
11.51901257248329,8.201645697769084,0.6091718346221766,51.918924222089906,-6574.967076672947
10.714114428673383,9.399568170546795,0.6636866804953544,51.42645611003926,-6572.620557879476
9.931928236178445,10.987143533229524,0.5509512266996098,51.101760328463044,-6572.455373041839
9.931928236178445,10.987143533229524,0.5509512266996098,51.101760328463044,-6572.455373041839
9.931928236178445,10.987143533229524,0.5509512266996098,51.101760328463044,-6572.455373041839
9.931928236178445,10.987143533229524,0.5509512266996098,51.101760328463044,-6572.455373041839
9.931928236178445,10.987143533229524,0.5509512266996098,51.101760328463044,-6572.455373041839
9.294711278310283,12.149701102680481,0.4621735062479078,50.51242338379252,-6574.289664792507
9.832165827117382,12.948188124373091,0.5066608157181218,50.24343202712122,-6574.199460585873
9.617639530387157,12.801256921148543,0.5592185571759694,49.93323296201828,-6573.687209968868
9.617639530387157,12.801256921148543,0.5592185571759694,49.93323296201828,-6573.687209968868
9.617639530387157,12.801256921148543,0.5592185571759694,49.93323296201828,-6573.687209968868
9.617639530387157,12.801256921148543,0.5592185571759694,49.93323296201828,-6573.687209968868
9.617639530387157,12.801256921148543,0.5592185571759694,49.93323296201828,-6573.687209968868
9.617639530387157,12.801256921148543,0.5592185571759694,49.93323296201828,-6573.687209968868
10.334600559328996,11.094988596365887,0.4723991223516425,50.719414196087904,-6573.287534948612
10.334600559328996,11.094988596365887,0.4723991223516425,50.719414196087904,-6573.287534948612
10.334600559328996,11.094988596365887,0.4723991223516425,50.719414196087904,-6573.287534948612
10.334600559328996,11.094988596365887,0.4723991223516425,50.719414196087904,-6573.287534948612
9.315788233413082,11.58345254756889,0.6603979002176215,50.21066457643112,-6571.433118691568
10.483411834977419,10.234077674074218,0.6374239544170006,49.595442565799964,-6572.674179463193
10.483411834977419,10.234077674074218,0.6374239544170006,49.595442565799964,-6572.674179463193
10.483411834977419,10.234077674074218,0.6374239544170006,49.595442565799964,-6572.674179463193
10.483411834977419,10.234077674074218,0.6374239544170006,49.595442565799964,-6572.674179463193
10.483411834977419,10.234077674074218,0.6374239544170006,49.595442565799964,-6572.674179463193
10.483411834977419,10.234077674074218,0.6374239544170006,49.595442565799964,-6572.674179463193
10.73511911791393,8.44438196942083,0.6590033035910872,50.060727688523095,-6570.864108586344
10.062994773355648,7.912992248604627,0.6886232759341487,49.72091329198229,-6571.981671189224
10.062994773355648,7.912992248604627,0.6886232759341487,49.72091329198229,-6571.981671189224
10.062994773355648,7.912992248604627,0.6886232759341487,49.72091329198229,-6571.981671189224
10.062994773355648,7.912992248604627,0.6886232759341487,49.72091329198229,-6571.981671189224
10.062994773355648,7.912992248604627,0.6886232759341487,49.72091329198229,-6571.981671189224
10.062994773355648,7.912992248604627,0.6886232759341487,49.72091329198229,-6571.981671189224
10.062994773355648,7.912992248604627,0.6886232759341487,49.72091329198229,-6571.981671189224
10.693150427000317,7.094176969228513,0.8900577414540062,49.70070848119325,-6571.510109016812
10.693150427000317,7.094176969228513,0.8900577414540062,49.70070848119325,-6571.510109016812
10.693150427000317,7.094176969228513,0.8900577414540062,49.70070848119325,-6571.510109016812
10.693150427000317,7.094176969228513,0.8900577414540062,49.70070848119325,-6571.510109016812
10.693150427000317,7.094176969228513,0.8900577414540062,49.70070848119325,-6571.510109016812
10.693150427000317,7.094176969228513,0.8900577414540062,49.70070848119325,-6571.510109016812
10.693150427000317,7.094176969228513,0.8900577414540062,49.70070848119325,-6571.510109016812
9.739610185167255,8.717430525800314,0.8962970446622995,49.65968358409,-6571.395049291148
9.739610185167255,8.717430525800314,0.8962970446622995,49.65968358409,-6571.395049291148
9.739610185167255,8.717430525800314,0.8962970446622995,49.65968358409,-6571.395049291148
9.739610185167255,8.717430525800314,0.8962970446622995,49.65968358409,-6571.395049291148
9.739610185167255,8.717430525800314,0.8962970446622995,49.65968358409,-6571.395049291148
9.739610185167255,8.717430525800314,0.8962970446622995,49.65968358409,-6571.395049291148
9.739610185167255,8.717430525800314,0.8962970446622995,49.65968358409,-6571.395049291148
9.739610185167255,8.717430525800314,0.8962970446622995,49.65968358409,-6571.395049291148
9.621878393893198,8.422614793865502,0.8512026099972909,49.892802782380215,-6570.916178501145
9.621878393893198,8.422614793865502,0.8512026099972909,49.892802782380215,-6570.916178501145
9.621878393893198,8.422614793865502,0.8512026099972909,49.892802782380215,-6570.916178501145
9.621878393893198,8.422614793865502,0.8512026099972909,49.892802782380215,-6570.916178501145
9.621878393893198,8.422614793865502,0.8512026099972909,49.892802782380215,-6570.916178501145
9.621878393893198,8.422614793865502,0.8512026099972909,49.892802782380215,-6570.916178501145
9.621878393893198,8.422614793865502,0.8512026099972909,49.892802782380215,-6570.916178501145
9.310725581974577,8.219510689047002,0.8818265500353106,50.076307767477566,-6571.635455695995
9.310725581974577,8.219510689047002,0.8818265500353106,50.076307767477566,-6571.635455695995
9.310725581974577,8.219510689047002,0.8818265500353106,50.076307767477566,-6571.635455695995
9.310725581974577,8.219510689047002,0.8818265500353106,50.076307767477566,-6571.635455695995
9.83901210681843,8.283406812044797,1.0010795926722522,50.735635347930256,-6572.027952132005
10.298950178631399,7.394281063000857,0.7858248556797314,50.44527927188043,-6570.451707627281
10.298950178631399,7.394281063000857,0.7858248556797314,50.44527927188043,-6570.451707627281
10.298950178631399,7.394281063000857,0.7858248556797314,50.44527927188043,-6570.451707627281
10.298950178631399,7.394281063000857,0.7858248556797314,50.44527927188043,-6570.451707627281
10.298950178631399,7.394281063000857,0.7858248556797314,50.44527927188043,-6570.451707627281
10.298950178631399,7.394281063000857,0.7858248556797314,50.44527927188043,-6570.451707627281
10.832529344004351,7.431295756146937,0.8247451614076892,50.16831403663841,-6570.762140716041
10.832529344004351,7.431295756146937,0.8247451614076892,50.16831403663841,-6570.762140716041
10.832529344004351,7.431295756146937,0.8247451614076892,50.16831403663841,-6570.762140716041
10.832529344004351,7.431295756146937,0.8247451614076892,50.16831403663841,-6570.762140716041
10.832529344004351,7.431295756146937,0.8247451614076892,50.16831403663841,-6570.762140716041
10.832529344004351,7.431295756146937,0.8247451614076892,50.16831403663841,-6570.762140716041
10.618019890637441,6.3880877030823,0.7469575465781247,50.664853598987364,-6571.631647605942
10.618019890637441,6.3880877030823,0.7469575465781247,50.664853598987364,-6571.631647605942
10.618019890637441,6.3880877030823,0.7469575465781247,50.664853598987364,-6571.631647605942
10.618019890637441,6.3880877030823,0.7469575465781247,50.664853598987364,-6571.631647605942
11.222657507478061,4.570913653893763,0.8563678285857557,50.47460957843568,-6572.780588775107
11.222657507478061,4.570913653893763,0.8563678285857557,50.47460957843568,-6572.780588775107
11.222657507478061,4.570913653893763,0.8563678285857557,50.47460957843568,-6572.780588775107
11.222657507478061,4.570913653893763,0.8563678285857557,50.47460957843568,-6572.780588775107
11.222657507478061,4.570913653893763,0.8563678285857557,50.47460957843568,-6572.780588775107
11.222657507478061,4.570913653893763,0.8563678285857557,50.47460957843568,-6572.780588775107
11.222657507478061,4.570913653893763,0.8563678285857557,50.47460957843568,-6572.780588775107
11.222657507478061,4.570913653893763,0.8563678285857557,50.47460957843568,-6572.780588775107
11.222657507478061,4.570913653893763,0.8563678285857557,50.47460957843568,-6572.780588775107
11.222657507478061,4.570913653893763,0.8563678285857557,50.47460957843568,-6572.780588775107
11.222657507478061,4.570913653893763,0.8563678285857557,50.47460957843568,-6572.780588775107
12.581535862264824,4.030597326810338,0.8604829754754147,50.94175429475204,-6574.373517138803
12.581535862264824,4.030597326810338,0.8604829754754147,50.94175429475204,-6574.373517138803
12.16875716802756,6.253548319448319,0.7830974853208251,50.56316221394324,-6573.376180373503
12.16875716802756,6.253548319448319,0.7830974853208251,50.56316221394324,-6573.376180373503
11.094545602720068,6.159462728009413,0.6536803235526754,50.0951732808065,-6572.731837177404
11.094545602720068,6.159462728009413,0.6536803235526754,50.0951732808065,-6572.731837177404
11.324281604744758,7.70748158560508,0.6004552688638709,49.8896664562218,-6572.257248111255
11.324281604744758,7.70748158560508,0.6004552688638709,49.8896664562218,-6572.257248111255
11.324281604744758,7.70748158560508,0.6004552688638709,49.8896664562218,-6572.257248111255
11.324281604744758,7.70748158560508,0.6004552688638709,49.8896664562218,-6572.257248111255
11.230050170341558,7.243507330980793,0.6280733234348943,49.65713469607012,-6572.499791552526
11.230050170341558,7.243507330980793,0.6280733234348943,49.65713469607012,-6572.499791552526
11.230050170341558,7.243507330980793,0.6280733234348943,49.65713469607012,-6572.499791552526
11.230050170341558,7.243507330980793,0.6280733234348943,49.65713469607012,-6572.499791552526
11.230050170341558,7.243507330980793,0.6280733234348943,49.65713469607012,-6572.499791552526
11.230050170341558,7.243507330980793,0.6280733234348943,49.65713469607012,-6572.499791552526
11.230050170341558,7.243507330980793,0.6280733234348943,49.65713469607012,-6572.499791552526
11.230050170341558,7.243507330980793,0.6280733234348943,49.65713469607012,-6572.499791552526
11.230050170341558,7.243507330980793,0.6280733234348943,49.65713469607012,-6572.499791552526
11.230050170341558,7.243507330980793,0.6280733234348943,49.65713469607012,-6572.499791552526
11.230050170341558,7.243507330980793,0.6280733234348943,49.65713469607012,-6572.499791552526
11.187051775522677,6.5162835348883155,0.6556502780002715,49.73554585426324,-6572.591713030257
11.366572170090816,8.27097535885145,0.7003595538294982,50.16257728008697,-6572.19404689774
11.366572170090816,8.27097535885145,0.7003595538294982,50.16257728008697,-6572.19404689774
11.366572170090816,8.27097535885145,0.7003595538294982,50.16257728008697,-6572.19404689774
9.7626951266637,8.011531120700996,0.8014954965558061,50.60798344603126,-6570.859014774019
10.165907591841918,8.939019887585872,0.7488111543079606,49.935851433239904,-6570.501507920096
10.165907591841918,8.939019887585872,0.7488111543079606,49.935851433239904,-6570.501507920096
10.165907591841918,8.939019887585872,0.7488111543079606,49.935851433239904,-6570.501507920096
10.165907591841918,8.939019887585872,0.7488111543079606,49.935851433239904,-6570.501507920096
10.165907591841918,8.939019887585872,0.7488111543079606,49.935851433239904,-6570.501507920096
10.165907591841918,8.939019887585872,0.7488111543079606,49.935851433239904,-6570.501507920096
10.165907591841918,8.939019887585872,0.7488111543079606,49.935851433239904,-6570.501507920096
10.951815298283586,8.18020110146735,0.8275494629272699,50.866833652931255,-6572.076289329243
10.951815298283586,8.18020110146735,0.8275494629272699,50.866833652931255,-6572.076289329243
10.951815298283586,8.18020110146735,0.8275494629272699,50.866833652931255,-6572.076289329243
10.951815298283586,8.18020110146735,0.8275494629272699,50.866833652931255,-6572.076289329243
10.951815298283586,8.18020110146735,0.8275494629272699,50.866833652931255,-6572.076289329243
10.951815298283586,8.18020110146735,0.8275494629272699,50.866833652931255,-6572.076289329243
10.951815298283586,8.18020110146735,0.8275494629272699,50.866833652931255,-6572.076289329243
10.951815298283586,8.18020110146735,0.8275494629272699,50.866833652931255,-6572.076289329243
10.995602760530655,8.206103516648374,0.8265312313260645,50.73861218929567,-6572.109293413201
10.858006123028149,6.3209752442011204,0.7825252384939314,49.929880062309294,-6571.295840016284
11.063460917881764,7.487279753423868,0.7622580432711473,50.1468579927715,-6570.911665951262
11.063460917881764,7.487279753423868,0.7622580432711473,50.1468579927715,-6570.911665951262
11.063460917881764,7.487279753423868,0.7622580432711473,50.1468579927715,-6570.911665951262
11.063460917881764,7.487279753423868,0.7622580432711473,50.1468579927715,-6570.911665951262
11.063460917881764,7.487279753423868,0.7622580432711473,50.1468579927715,-6570.911665951262
11.063460917881764,7.487279753423868,0.7622580432711473,50.1468579927715,-6570.911665951262
11.063460917881764,7.487279753423868,0.7622580432711473,50.1468579927715,-6570.911665951262
11.063460917881764,7.487279753423868,0.7622580432711473,50.1468579927715,-6570.911665951262
11.063460917881764,7.487279753423868,0.7622580432711473,50.1468579927715,-6570.911665951262
11.063460917881764,7.487279753423868,0.7622580432711473,50.1468579927715,-6570.911665951262
11.063460917881764,7.487279753423868,0.7622580432711473,50.1468579927715,-6570.911665951262
11.063460917881764,7.487279753423868,0.7622580432711473,50.1468579927715,-6570.911665951262
11.063460917881764,7.487279753423868,0.7622580432711473,50.1468579927715,-6570.911665951262
11.063460917881764,7.487279753423868,0.7622580432711473,50.1468579927715,-6570.911665951262
11.063460917881764,7.487279753423868,0.7622580432711473,50.1468579927715,-6570.911665951262
11.063460917881764,7.487279753423868,0.7622580432711473,50.1468579927715,-6570.911665951262
11.063460917881764,7.487279753423868,0.7622580432711473,50.1468579927715,-6570.911665951262
11.063460917881764,7.487279753423868,0.7622580432711473,50.1468579927715,-6570.911665951262
11.285483522670168,7.0498417279124395,0.762369787289946,50.590591220328584,-6571.068893249078
11.285483522670168,7.0498417279124395,0.762369787289946,50.590591220328584,-6571.068893249078
11.285483522670168,7.0498417279124395,0.762369787289946,50.590591220328584,-6571.068893249078
11.285483522670168,7.0498417279124395,0.762369787289946,50.590591220328584,-6571.068893249078
11.285483522670168,7.0498417279124395,0.762369787289946,50.590591220328584,-6571.068893249078
11.285483522670168,7.0498417279124395,0.762369787289946,50.590591220328584,-6571.068893249078
11.285483522670168,7.0498417279124395,0.762369787289946,50.590591220328584,-6571.068893249078
11.285483522670168,7.0498417279124395,0.762369787289946,50.590591220328584,-6571.068893249078
10.80476807266558,7.294498519792476,0.7958711544805891,51.490921133444644,-6572.216401206651
10.80476807266558,7.294498519792476,0.7958711544805891,51.490921133444644,-6572.216401206651
10.80476807266558,7.294498519792476,0.7958711544805891,51.490921133444644,-6572.216401206651
10.80476807266558,7.294498519792476,0.7958711544805891,51.490921133444644,-6572.216401206651
10.80476807266558,7.294498519792476,0.7958711544805891,51.490921133444644,-6572.216401206651
10.80476807266558,7.294498519792476,0.7958711544805891,51.490921133444644,-6572.216401206651
10.80476807266558,7.294498519792476,0.7958711544805891,51.490921133444644,-6572.216401206651
10.86907889677217,7.0002300651598555,0.8034809531416189,51.015616979967874,-6571.0811438536975
10.86907889677217,7.0002300651598555,0.8034809531416189,51.015616979967874,-6571.0811438536975
10.86907889677217,7.0002300651598555,0.8034809531416189,51.015616979967874,-6571.0811438536975
10.86907889677217,7.0002300651598555,0.8034809531416189,51.015616979967874,-6571.0811438536975
10.86907889677217,7.0002300651598555,0.8034809531416189,51.015616979967874,-6571.0811438536975
10.86907889677217,7.0002300651598555,0.8034809531416189,51.015616979967874,-6571.0811438536975
10.86907889677217,7.0002300651598555,0.8034809531416189,51.015616979967874,-6571.0811438536975
10.86907889677217,7.0002300651598555,0.8034809531416189,51.015616979967874,-6571.0811438536975
10.86907889677217,7.0002300651598555,0.8034809531416189,51.015616979967874,-6571.0811438536975
10.86907889677217,7.0002300651598555,0.8034809531416189,51.015616979967874,-6571.0811438536975
10.86907889677217,7.0002300651598555,0.8034809531416189,51.015616979967874,-6571.0811438536975
10.86907889677217,7.0002300651598555,0.8034809531416189,51.015616979967874,-6571.0811438536975
10.86907889677217,7.0002300651598555,0.8034809531416189,51.015616979967874,-6571.0811438536975
10.107767900408238,6.647522197754584,0.876558978149178,50.57926274014883,-6571.451525039174
10.295116326556881,7.930776194511974,0.9338399023077313,50.36571012480435,-6571.177903119116
10.295116326556881,7.930776194511974,0.9338399023077313,50.36571012480435,-6571.177903119116
10.295116326556881,7.930776194511974,0.9338399023077313,50.36571012480435,-6571.177903119116
10.295116326556881,7.930776194511974,0.9338399023077313,50.36571012480435,-6571.177903119116
9.848344720093891,7.389439204083065,0.9813656495976832,50.13303077252869,-6571.454678012909
9.848344720093891,7.389439204083065,0.9813656495976832,50.13303077252869,-6571.454678012909
8.828945031676806,8.462680605485225,0.9869112243371293,50.619671325785916,-6573.33133031589
8.828945031676806,8.462680605485225,0.9869112243371293,50.619671325785916,-6573.33133031589
8.828945031676806,8.462680605485225,0.9869112243371293,50.619671325785916,-6573.33133031589
8.828945031676806,8.462680605485225,0.9869112243371293,50.619671325785916,-6573.33133031589
8.828945031676806,8.462680605485225,0.9869112243371293,50.619671325785916,-6573.33133031589
8.828945031676806,8.462680605485225,0.9869112243371293,50.619671325785916,-6573.33133031589
8.828945031676806,8.462680605485225,0.9869112243371293,50.619671325785916,-6573.33133031589
8.828945031676806,8.462680605485225,0.9869112243371293,50.619671325785916,-6573.33133031589
8.828945031676806,8.462680605485225,0.9869112243371293,50.619671325785916,-6573.33133031589
8.615858303743225,9.557954485182453,0.7991987820266833,50.130739293176674,-6573.1720215580435
8.615858303743225,9.557954485182453,0.7991987820266833,50.130739293176674,-6573.1720215580435
8.615858303743225,9.557954485182453,0.7991987820266833,50.130739293176674,-6573.1720215580435
8.394744875904381,10.857251966069615,0.7345307739614628,50.107515601189135,-6573.184160846897
8.394744875904381,10.857251966069615,0.7345307739614628,50.107515601189135,-6573.184160846897
8.394744875904381,10.857251966069615,0.7345307739614628,50.107515601189135,-6573.184160846897
8.394744875904381,10.857251966069615,0.7345307739614628,50.107515601189135,-6573.184160846897
8.394744875904381,10.857251966069615,0.7345307739614628,50.107515601189135,-6573.184160846897
8.394744875904381,10.857251966069615,0.7345307739614628,50.107515601189135,-6573.184160846897
9.000525539961883,10.869294492573182,0.7269405908639551,49.88364894790454,-6571.489140179203
9.000525539961883,10.869294492573182,0.7269405908639551,49.88364894790454,-6571.489140179203
9.000525539961883,10.869294492573182,0.7269405908639551,49.88364894790454,-6571.489140179203
9.000525539961883,10.869294492573182,0.7269405908639551,49.88364894790454,-6571.489140179203
9.000525539961883,10.869294492573182,0.7269405908639551,49.88364894790454,-6571.489140179203
9.041289701650417,12.29653326544919,0.7677850981991574,49.95337323608683,-6572.784102795775
9.041289701650417,12.29653326544919,0.7677850981991574,49.95337323608683,-6572.784102795775
9.041289701650417,12.29653326544919,0.7677850981991574,49.95337323608683,-6572.784102795775
9.041289701650417,12.29653326544919,0.7677850981991574,49.95337323608683,-6572.784102795775
9.041289701650417,12.29653326544919,0.7677850981991574,49.95337323608683,-6572.784102795775
9.041289701650417,12.29653326544919,0.7677850981991574,49.95337323608683,-6572.784102795775
9.041289701650417,12.29653326544919,0.7677850981991574,49.95337323608683,-6572.784102795775
9.317870789462303,10.48202308176271,0.7476906100066626,50.22504227377484,-6570.750644957584
9.317870789462303,10.48202308176271,0.7476906100066626,50.22504227377484,-6570.750644957584
9.317870789462303,10.48202308176271,0.7476906100066626,50.22504227377484,-6570.750644957584
9.317870789462303,10.48202308176271,0.7476906100066626,50.22504227377484,-6570.750644957584
9.317870789462303,10.48202308176271,0.7476906100066626,50.22504227377484,-6570.750644957584
9.317870789462303,10.48202308176271,0.7476906100066626,50.22504227377484,-6570.750644957584
9.317870789462303,10.48202308176271,0.7476906100066626,50.22504227377484,-6570.750644957584
9.317870789462303,10.48202308176271,0.7476906100066626,50.22504227377484,-6570.750644957584
8.7565762632751,12.679302214312617,0.8858211408931428,50.27216265090249,-6574.427092435022
8.7565762632751,12.679302214312617,0.8858211408931428,50.27216265090249,-6574.427092435022
8.7565762632751,12.679302214312617,0.8858211408931428,50.27216265090249,-6574.427092435022
8.20630286856708,10.802502692385168,0.9400685077902825,50.38514405308294,-6573.612678255972
8.622585751240496,11.298036317913487,0.7894094666694396,49.26899911363026,-6573.561468616819
8.471273970935782,13.472348721539744,0.7612133551499174,50.207686241398456,-6573.8305521070415
8.471273970935782,13.472348721539744,0.7612133551499174,50.207686241398456,-6573.8305521070415
8.471273970935782,13.472348721539744,0.7612133551499174,50.207686241398456,-6573.8305521070415
8.471273970935782,13.472348721539744,0.7612133551499174,50.207686241398456,-6573.8305521070415
8.97753224558715,11.237772106638714,0.7215117214187887,49.54145762889016,-6572.270956742857
8.97753224558715,11.237772106638714,0.7215117214187887,49.54145762889016,-6572.270956742857
8.97753224558715,11.237772106638714,0.7215117214187887,49.54145762889016,-6572.270956742857
8.97753224558715,11.237772106638714,0.7215117214187887,49.54145762889016,-6572.270956742857
9.097882239439882,12.396174613109403,0.5630044649091146,50.28343434985443,-6572.598624828384
9.097882239439882,12.396174613109403,0.5630044649091146,50.28343434985443,-6572.598624828384
9.097882239439882,12.396174613109403,0.5630044649091146,50.28343434985443,-6572.598624828384
9.097882239439882,12.396174613109403,0.5630044649091146,50.28343434985443,-6572.598624828384
9.948824488089196,12.24181669458174,0.6215157738122007,50.166724900586544,-6573.442535941687
9.948824488089196,12.24181669458174,0.6215157738122007,50.166724900586544,-6573.442535941687
9.948824488089196,12.24181669458174,0.6215157738122007,50.166724900586544,-6573.442535941687
10.17830015701183,9.280607180898818,0.691584772246956,50.587749999366196,-6570.37916484593
10.17830015701183,9.280607180898818,0.691584772246956,50.587749999366196,-6570.37916484593
10.17830015701183,9.280607180898818,0.691584772246956,50.587749999366196,-6570.37916484593
10.17830015701183,9.280607180898818,0.691584772246956,50.587749999366196,-6570.37916484593
10.17830015701183,9.280607180898818,0.691584772246956,50.587749999366196,-6570.37916484593
10.17830015701183,9.280607180898818,0.691584772246956,50.587749999366196,-6570.37916484593
10.17830015701183,9.280607180898818,0.691584772246956,50.587749999366196,-6570.37916484593
9.932329495599415,11.06207353653604,0.6744486026164244,51.20858468403946,-6572.531925378351
10.520548696436677,10.268426243884363,0.5267930592028036,50.84835307063329,-6572.339224160907
9.935179209852606,10.811646145543811,0.7470687730516881,50.978866699326844,-6572.311394522891
9.935179209852606,10.811646145543811,0.7470687730516881,50.978866699326844,-6572.311394522891
9.257346121505105,10.769311758451977,0.9492262609352089,51.067235746339264,-6573.922777616289
9.257346121505105,10.769311758451977,0.9492262609352089,51.067235746339264,-6573.922777616289
9.257346121505105,10.769311758451977,0.9492262609352089,51.067235746339264,-6573.922777616289
9.773334799003452,8.376150487897924,0.9364288462641647,50.752709115553635,-6571.291705602652
9.773334799003452,8.376150487897924,0.9364288462641647,50.752709115553635,-6571.291705602652
9.773334799003452,8.376150487897924,0.9364288462641647,50.752709115553635,-6571.291705602652
9.773334799003452,8.376150487897924,0.9364288462641647,50.752709115553635,-6571.291705602652
9.773334799003452,8.376150487897924,0.9364288462641647,50.752709115553635,-6571.291705602652
9.773334799003452,8.376150487897924,0.9364288462641647,50.752709115553635,-6571.291705602652
9.773334799003452,8.376150487897924,0.9364288462641647,50.752709115553635,-6571.291705602652
10.495528469342865,6.0060450636347085,0.8953134197535317,49.835809182866576,-6571.892491057157
10.495528469342865,6.0060450636347085,0.8953134197535317,49.835809182866576,-6571.892491057157
10.495528469342865,6.0060450636347085,0.8953134197535317,49.835809182866576,-6571.892491057157
10.434722466597018,8.15949765438343,0.8305671554897349,50.25531347042543,-6570.516322908432
10.434722466597018,8.15949765438343,0.8305671554897349,50.25531347042543,-6570.516322908432
10.434722466597018,8.15949765438343,0.8305671554897349,50.25531347042543,-6570.516322908432
10.434722466597018,8.15949765438343,0.8305671554897349,50.25531347042543,-6570.516322908432
11.120291552929015,7.42113632619753,0.800899749287522,50.55244492869311,-6571.151656568246
11.120291552929015,7.42113632619753,0.800899749287522,50.55244492869311,-6571.151656568246
11.120291552929015,7.42113632619753,0.800899749287522,50.55244492869311,-6571.151656568246
11.120291552929015,7.42113632619753,0.800899749287522,50.55244492869311,-6571.151656568246
11.120291552929015,7.42113632619753,0.800899749287522,50.55244492869311,-6571.151656568246
11.120291552929015,7.42113632619753,0.800899749287522,50.55244492869311,-6571.151656568246
11.688701176836844,5.898597203996113,0.6981602392089492,50.50397981739875,-6571.824899776909
11.688701176836844,5.898597203996113,0.6981602392089492,50.50397981739875,-6571.824899776909
10.163202255978366,6.776006134123233,0.9381066901921808,51.01875873952631,-6571.882671045764
10.163202255978366,6.776006134123233,0.9381066901921808,51.01875873952631,-6571.882671045764
10.163202255978366,6.776006134123233,0.9381066901921808,51.01875873952631,-6571.882671045764
10.163202255978366,6.776006134123233,0.9381066901921808,51.01875873952631,-6571.882671045764
10.163202255978366,6.776006134123233,0.9381066901921808,51.01875873952631,-6571.882671045764
10.163202255978366,6.776006134123233,0.9381066901921808,51.01875873952631,-6571.882671045764
10.163202255978366,6.776006134123233,0.9381066901921808,51.01875873952631,-6571.882671045764
10.163202255978366,6.776006134123233,0.9381066901921808,51.01875873952631,-6571.882671045764
10.163202255978366,6.776006134123233,0.9381066901921808,51.01875873952631,-6571.882671045764
10.163202255978366,6.776006134123233,0.9381066901921808,51.01875873952631,-6571.882671045764
10.163202255978366,6.776006134123233,0.9381066901921808,51.01875873952631,-6571.882671045764
10.555430933553723,6.27340280105596,0.9480038189718154,50.28679073924151,-6571.278699257301
11.091611450498691,5.969391504134296,0.9254269427239041,50.07208512377115,-6571.633068423163
11.091611450498691,5.969391504134296,0.9254269427239041,50.07208512377115,-6571.633068423163
11.091611450498691,5.969391504134296,0.9254269427239041,50.07208512377115,-6571.633068423163
11.091611450498691,5.969391504134296,0.9254269427239041,50.07208512377115,-6571.633068423163
11.091611450498691,5.969391504134296,0.9254269427239041,50.07208512377115,-6571.633068423163
10.32834757151915,6.546303847348316,0.9259424478322098,50.36735394733549,-6571.118205750624
10.32834757151915,6.546303847348316,0.9259424478322098,50.36735394733549,-6571.118205750624
10.32834757151915,6.546303847348316,0.9259424478322098,50.36735394733549,-6571.118205750624
10.32834757151915,6.546303847348316,0.9259424478322098,50.36735394733549,-6571.118205750624
10.32834757151915,6.546303847348316,0.9259424478322098,50.36735394733549,-6571.118205750624
10.32834757151915,6.546303847348316,0.9259424478322098,50.36735394733549,-6571.118205750624
10.32834757151915,6.546303847348316,0.9259424478322098,50.36735394733549,-6571.118205750624
10.32834757151915,6.546303847348316,0.9259424478322098,50.36735394733549,-6571.118205750624
10.32834757151915,6.546303847348316,0.9259424478322098,50.36735394733549,-6571.118205750624
10.32834757151915,6.546303847348316,0.9259424478322098,50.36735394733549,-6571.118205750624
11.230933532781627,4.963354037526215,1.0526993949159265,50.62801156731162,-6573.166901579131
11.230933532781627,4.963354037526215,1.0526993949159265,50.62801156731162,-6573.166901579131
11.230933532781627,4.963354037526215,1.0526993949159265,50.62801156731162,-6573.166901579131
11.230933532781627,4.963354037526215,1.0526993949159265,50.62801156731162,-6573.166901579131
11.230933532781627,4.963354037526215,1.0526993949159265,50.62801156731162,-6573.166901579131
11.230933532781627,4.963354037526215,1.0526993949159265,50.62801156731162,-6573.166901579131
11.74187138047337,4.526016538637111,1.001980549303254,50.17568995165661,-6573.442805815157
11.494225767852075,3.88024137456986,1.0331766985731645,49.803025032226564,-6574.30077605971
11.494225767852075,3.88024137456986,1.0331766985731645,49.803025032226564,-6574.30077605971
10.559772277274659,5.223932108287593,1.0390694192953938,49.76666979933819,-6573.310351405117
10.559772277274659,5.223932108287593,1.0390694192953938,49.76666979933819,-6573.310351405117
10.559772277274659,5.223932108287593,1.0390694192953938,49.76666979933819,-6573.310351405117
10.102864893218413,6.13899462404617,0.9514862069001179,50.189230506727725,-6572.131991189881
10.102864893218413,6.13899462404617,0.9514862069001179,50.189230506727725,-6572.131991189881
10.102864893218413,6.13899462404617,0.9514862069001179,50.189230506727725,-6572.131991189881
11.038600625986447,7.930567177951511,0.8637105058094744,50.39753805370438,-6572.226746453878
11.038600625986447,7.930567177951511,0.8637105058094744,50.39753805370438,-6572.226746453878
11.038600625986447,7.930567177951511,0.8637105058094744,50.39753805370438,-6572.226746453878
11.038600625986447,7.930567177951511,0.8637105058094744,50.39753805370438,-6572.226746453878
11.038600625986447,7.930567177951511,0.8637105058094744,50.39753805370438,-6572.226746453878
10.595938864100619,8.652738771704273,0.8632410702837918,49.28043108685977,-6573.458418059921
10.261978153293638,5.732714832933796,0.8140401701339787,50.16645100811134,-6573.5512426438345
10.261978153293638,5.732714832933796,0.8140401701339787,50.16645100811134,-6573.5512426438345
10.261978153293638,5.732714832933796,0.8140401701339787,50.16645100811134,-6573.5512426438345
9.454685789484843,6.0597540275499195,0.9958958706740381,50.36005093693745,-6575.054543554497
9.454685789484843,6.0597540275499195,0.9958958706740381,50.36005093693745,-6575.054543554497
9.454685789484843,6.0597540275499195,0.9958958706740381,50.36005093693745,-6575.054543554497
9.454685789484843,6.0597540275499195,0.9958958706740381,50.36005093693745,-6575.054543554497
9.454685789484843,6.0597540275499195,0.9958958706740381,50.36005093693745,-6575.054543554497
10.341356122764486,9.299930111690657,1.0288910448626796,50.56880295218833,-6575.377042480438
10.341356122764486,9.299930111690657,1.0288910448626796,50.56880295218833,-6575.377042480438
10.341356122764486,9.299930111690657,1.0288910448626796,50.56880295218833,-6575.377042480438
10.341356122764486,9.299930111690657,1.0288910448626796,50.56880295218833,-6575.377042480438
8.698451100431875,8.19795390052888,0.9026764282305496,50.70391111929543,-6574.867089478878
8.698451100431875,8.19795390052888,0.9026764282305496,50.70391111929543,-6574.867089478878
8.698451100431875,8.19795390052888,0.9026764282305496,50.70391111929543,-6574.867089478878
10.10558756954718,7.664711170916255,0.9353826142947321,51.7871909491483,-6574.108042908447
9.16547743896648,10.821356735758904,0.9701123166970861,51.027431092758846,-6574.13270491633
8.838017218226636,8.579004286280611,0.9978431042658601,50.26003023015229,-6573.000049432404
9.979559526565387,8.282832117729997,1.0251244145090446,50.11633319293875,-6572.340458464183
9.979559526565387,8.282832117729997,1.0251244145090446,50.11633319293875,-6572.340458464183
9.502783419477431,9.691923152584659,1.0808514541243321,49.82394481994529,-6574.540018517629
9.502783419477431,9.691923152584659,1.0808514541243321,49.82394481994529,-6574.540018517629
9.502783419477431,9.691923152584659,1.0808514541243321,49.82394481994529,-6574.540018517629
10.659214997809041,7.9175915300918165,1.0650341074754957,49.807813567300364,-6574.901119701978
10.659214997809041,7.9175915300918165,1.0650341074754957,49.807813567300364,-6574.901119701978
10.748538787714615,8.997999953036436,0.9022418207438246,49.80557662042785,-6574.126393566602
9.883283413800173,7.279691567943097,0.8276013261981474,49.74741552857223,-6571.837405954003
9.883283413800173,7.279691567943097,0.8276013261981474,49.74741552857223,-6571.837405954003
10.460611387239327,7.875061341598529,0.6806618608660049,50.29876694533424,-6570.656105287437
10.460611387239327,7.875061341598529,0.6806618608660049,50.29876694533424,-6570.656105287437
10.460611387239327,7.875061341598529,0.6806618608660049,50.29876694533424,-6570.656105287437
10.460611387239327,7.875061341598529,0.6806618608660049,50.29876694533424,-6570.656105287437
9.306067188597096,10.523802340094084,0.7752579868151287,50.595272848777185,-6570.94523523554
9.384258578687025,11.581177209465949,0.706887921105205,50.53259659798397,-6571.580916468193
9.384258578687025,11.581177209465949,0.706887921105205,50.53259659798397,-6571.580916468193
9.384258578687025,11.581177209465949,0.706887921105205,50.53259659798397,-6571.580916468193
9.384258578687025,11.581177209465949,0.706887921105205,50.53259659798397,-6571.580916468193
9.384258578687025,11.581177209465949,0.706887921105205,50.53259659798397,-6571.580916468193
10.2526086795521,9.501004123972002,0.7331732557011895,50.91821429228418,-6571.044888936004
10.155843371158086,9.053904575779574,0.5876800035876253,50.93701757131257,-6571.841045313281
10.155843371158086,9.053904575779574,0.5876800035876253,50.93701757131257,-6571.841045313281
10.155843371158086,9.053904575779574,0.5876800035876253,50.93701757131257,-6571.841045313281
10.155843371158086,9.053904575779574,0.5876800035876253,50.93701757131257,-6571.841045313281
10.155843371158086,9.053904575779574,0.5876800035876253,50.93701757131257,-6571.841045313281
9.79641974415495,10.072504703003638,0.7404341359121366,51.00855852522796,-6571.195167358019
9.79641974415495,10.072504703003638,0.7404341359121366,51.00855852522796,-6571.195167358019
9.79641974415495,10.072504703003638,0.7404341359121366,51.00855852522796,-6571.195167358019
9.79641974415495,10.072504703003638,0.7404341359121366,51.00855852522796,-6571.195167358019
9.79641974415495,10.072504703003638,0.7404341359121366,51.00855852522796,-6571.195167358019
9.79641974415495,10.072504703003638,0.7404341359121366,51.00855852522796,-6571.195167358019
9.79641974415495,10.072504703003638,0.7404341359121366,51.00855852522796,-6571.195167358019
9.79641974415495,10.072504703003638,0.7404341359121366,51.00855852522796,-6571.195167358019
10.68294390974674,9.716111472750983,0.6976274514570368,50.926896664010194,-6572.1174262205095
10.68294390974674,9.716111472750983,0.6976274514570368,50.926896664010194,-6572.1174262205095
10.960025983822002,9.007764370777528,0.6895944299086203,50.50757888515712,-6571.589965797546
10.960025983822002,9.007764370777528,0.6895944299086203,50.50757888515712,-6571.589965797546
10.606448705284867,9.581179701771207,0.6372168219442619,50.0420483784978,-6571.400153446004
10.606448705284867,9.581179701771207,0.6372168219442619,50.0420483784978,-6571.400153446004
10.029396461486673,10.33327537354483,0.6694936459371263,50.88992135521417,-6571.219465717446
10.029396461486673,10.33327537354483,0.6694936459371263,50.88992135521417,-6571.219465717446
10.029396461486673,10.33327537354483,0.6694936459371263,50.88992135521417,-6571.219465717446
10.029396461486673,10.33327537354483,0.6694936459371263,50.88992135521417,-6571.219465717446
10.029396461486673,10.33327537354483,0.6694936459371263,50.88992135521417,-6571.219465717446
10.029396461486673,10.33327537354483,0.6694936459371263,50.88992135521417,-6571.219465717446
10.029396461486673,10.33327537354483,0.6694936459371263,50.88992135521417,-6571.219465717446
9.258200177179464,11.782660610968344,0.5970445171042545,50.606479264651604,-6571.904216017903
9.258200177179464,11.782660610968344,0.5970445171042545,50.606479264651604,-6571.904216017903
9.258200177179464,11.782660610968344,0.5970445171042545,50.606479264651604,-6571.904216017903
9.258200177179464,11.782660610968344,0.5970445171042545,50.606479264651604,-6571.904216017903
8.944539762128546,11.102913100537306,0.646702331399023,51.15948208970891,-6572.928773751
8.944539762128546,11.102913100537306,0.646702331399023,51.15948208970891,-6572.928773751
9.454461150964576,12.046126209003361,0.6586747799964668,50.69407389942355,-6572.170799491718
9.454461150964576,12.046126209003361,0.6586747799964668,50.69407389942355,-6572.170799491718
9.454461150964576,12.046126209003361,0.6586747799964668,50.69407389942355,-6572.170799491718
9.454461150964576,12.046126209003361,0.6586747799964668,50.69407389942355,-6572.170799491718
9.379777632808265,11.747998256546952,0.6476167430550603,50.30626512374892,-6571.5838261200315
9.658645054181255,10.145792880497256,0.7699925597982712,50.912025635045545,-6571.138079269244
9.658645054181255,10.145792880497256,0.7699925597982712,50.912025635045545,-6571.138079269244
9.658645054181255,10.145792880497256,0.7699925597982712,50.912025635045545,-6571.138079269244
10.35047409060354,9.440258180746453,0.6146075798128158,50.23198784567371,-6570.9035805245785
10.35047409060354,9.440258180746453,0.6146075798128158,50.23198784567371,-6570.9035805245785
10.35047409060354,9.440258180746453,0.6146075798128158,50.23198784567371,-6570.9035805245785
10.35047409060354,9.440258180746453,0.6146075798128158,50.23198784567371,-6570.9035805245785
10.35047409060354,9.440258180746453,0.6146075798128158,50.23198784567371,-6570.9035805245785
10.35047409060354,9.440258180746453,0.6146075798128158,50.23198784567371,-6570.9035805245785
10.35047409060354,9.440258180746453,0.6146075798128158,50.23198784567371,-6570.9035805245785
10.35047409060354,9.440258180746453,0.6146075798128158,50.23198784567371,-6570.9035805245785
10.35047409060354,9.440258180746453,0.6146075798128158,50.23198784567371,-6570.9035805245785
10.35047409060354,9.440258180746453,0.6146075798128158,50.23198784567371,-6570.9035805245785
10.35047409060354,9.440258180746453,0.6146075798128158,50.23198784567371,-6570.9035805245785
10.35047409060354,9.440258180746453,0.6146075798128158,50.23198784567371,-6570.9035805245785
10.35047409060354,9.440258180746453,0.6146075798128158,50.23198784567371,-6570.9035805245785
10.35047409060354,9.440258180746453,0.6146075798128158,50.23198784567371,-6570.9035805245785
10.35047409060354,9.440258180746453,0.6146075798128158,50.23198784567371,-6570.9035805245785
10.35047409060354,9.440258180746453,0.6146075798128158,50.23198784567371,-6570.9035805245785
10.332196879437872,8.327486422003295,0.7068624475745502,49.53382778891287,-6571.4448932722535
10.332196879437872,8.327486422003295,0.7068624475745502,49.53382778891287,-6571.4448932722535
10.332196879437872,8.327486422003295,0.7068624475745502,49.53382778891287,-6571.4448932722535
10.332196879437872,8.327486422003295,0.7068624475745502,49.53382778891287,-6571.4448932722535
10.332196879437872,8.327486422003295,0.7068624475745502,49.53382778891287,-6571.4448932722535
10.332196879437872,8.327486422003295,0.7068624475745502,49.53382778891287,-6571.4448932722535
10.332196879437872,8.327486422003295,0.7068624475745502,49.53382778891287,-6571.4448932722535
11.066889763801061,8.728482496954014,0.852117506899637,50.08171627317074,-6573.784267721623
9.996305854841905,9.608081566843936,0.9032216006660554,49.574396192317934,-6572.897962821384
9.996305854841905,9.608081566843936,0.9032216006660554,49.574396192317934,-6572.897962821384
10.474446310325504,7.417887473061469,0.8562661708886683,49.86408105884157,-6570.839410319965
10.474446310325504,7.417887473061469,0.8562661708886683,49.86408105884157,-6570.839410319965
10.474446310325504,7.417887473061469,0.8562661708886683,49.86408105884157,-6570.839410319965
10.474446310325504,7.417887473061469,0.8562661708886683,49.86408105884157,-6570.839410319965
10.474446310325504,7.417887473061469,0.8562661708886683,49.86408105884157,-6570.839410319965
10.474446310325504,7.417887473061469,0.8562661708886683,49.86408105884157,-6570.839410319965
10.474446310325504,7.417887473061469,0.8562661708886683,49.86408105884157,-6570.839410319965
10.474446310325504,7.417887473061469,0.8562661708886683,49.86408105884157,-6570.839410319965
10.474446310325504,7.417887473061469,0.8562661708886683,49.86408105884157,-6570.839410319965
10.474446310325504,7.417887473061469,0.8562661708886683,49.86408105884157,-6570.839410319965
10.474446310325504,7.417887473061469,0.8562661708886683,49.86408105884157,-6570.839410319965
10.474446310325504,7.417887473061469,0.8562661708886683,49.86408105884157,-6570.839410319965
10.474446310325504,7.417887473061469,0.8562661708886683,49.86408105884157,-6570.839410319965
9.707377107155606,7.099404207046677,0.883405369543478,49.98486043916491,-6572.035242708434
9.707377107155606,7.099404207046677,0.883405369543478,49.98486043916491,-6572.035242708434
9.707377107155606,7.099404207046677,0.883405369543478,49.98486043916491,-6572.035242708434
9.707377107155606,7.099404207046677,0.883405369543478,49.98486043916491,-6572.035242708434
9.707377107155606,7.099404207046677,0.883405369543478,49.98486043916491,-6572.035242708434
9.707377107155606,7.099404207046677,0.883405369543478,49.98486043916491,-6572.035242708434
9.707377107155606,7.099404207046677,0.883405369543478,49.98486043916491,-6572.035242708434
11.391138068396224,5.115547656400268,0.9109149030388948,49.53251327371342,-6573.083611299306
11.391138068396224,5.115547656400268,0.9109149030388948,49.53251327371342,-6573.083611299306
11.391138068396224,5.115547656400268,0.9109149030388948,49.53251327371342,-6573.083611299306
11.391138068396224,5.115547656400268,0.9109149030388948,49.53251327371342,-6573.083611299306
11.391138068396224,5.115547656400268,0.9109149030388948,49.53251327371342,-6573.083611299306
11.391138068396224,5.115547656400268,0.9109149030388948,49.53251327371342,-6573.083611299306
10.683499701975816,7.3870948645541255,0.9162140807157216,49.47389575194763,-6572.408840409045
9.343392579637763,9.175583492827824,0.9149816711203566,49.86872767423543,-6571.411324183287
9.361242002248359,8.984580944428753,0.9581796076943745,50.57742432739837,-6571.597777109031
9.361242002248359,8.984580944428753,0.9581796076943745,50.57742432739837,-6571.597777109031
9.361242002248359,8.984580944428753,0.9581796076943745,50.57742432739837,-6571.597777109031
9.361242002248359,8.984580944428753,0.9581796076943745,50.57742432739837,-6571.597777109031
9.361242002248359,8.984580944428753,0.9581796076943745,50.57742432739837,-6571.597777109031
8.788278735647634,11.123440641766653,0.7605100177025851,50.908044980595356,-6572.117934605553
8.788278735647634,11.123440641766653,0.7605100177025851,50.908044980595356,-6572.117934605553
8.788278735647634,11.123440641766653,0.7605100177025851,50.908044980595356,-6572.117934605553
9.571230743512904,11.97479050280109,0.5723286320526051,50.97941072958083,-6572.608773827288
9.198299902618464,11.675475122026615,0.6433008433873033,50.46605031829981,-6571.532069982095
9.198299902618464,11.675475122026615,0.6433008433873033,50.46605031829981,-6571.532069982095
9.198299902618464,11.675475122026615,0.6433008433873033,50.46605031829981,-6571.532069982095
9.198299902618464,11.675475122026615,0.6433008433873033,50.46605031829981,-6571.532069982095
9.082572385796468,13.27066274493153,0.8297995994032217,50.15109951945982,-6575.6698641614075
9.082572385796468,13.27066274493153,0.8297995994032217,50.15109951945982,-6575.6698641614075
8.371598683060773,12.00299024718177,0.8733591914062111,49.39929519308692,-6574.257069656434
8.656708107232374,12.315519037220701,0.8171192702536029,49.72191738974765,-6573.270033320057
8.656708107232374,12.315519037220701,0.8171192702536029,49.72191738974765,-6573.270033320057
8.656708107232374,12.315519037220701,0.8171192702536029,49.72191738974765,-6573.270033320057
8.656708107232374,12.315519037220701,0.8171192702536029,49.72191738974765,-6573.270033320057
8.656708107232374,12.315519037220701,0.8171192702536029,49.72191738974765,-6573.270033320057
8.656708107232374,12.315519037220701,0.8171192702536029,49.72191738974765,-6573.270033320057
8.656708107232374,12.315519037220701,0.8171192702536029,49.72191738974765,-6573.270033320057
8.656708107232374,12.315519037220701,0.8171192702536029,49.72191738974765,-6573.270033320057
9.702405474628005,10.115522970173238,0.8078335095432094,49.50152291450958,-6571.98980975862
9.702405474628005,10.115522970173238,0.8078335095432094,49.50152291450958,-6571.98980975862
9.702405474628005,10.115522970173238,0.8078335095432094,49.50152291450958,-6571.98980975862
9.702405474628005,10.115522970173238,0.8078335095432094,49.50152291450958,-6571.98980975862
9.702405474628005,10.115522970173238,0.8078335095432094,49.50152291450958,-6571.98980975862
9.702405474628005,10.115522970173238,0.8078335095432094,49.50152291450958,-6571.98980975862
9.702405474628005,10.115522970173238,0.8078335095432094,49.50152291450958,-6571.98980975862
9.702405474628005,10.115522970173238,0.8078335095432094,49.50152291450958,-6571.98980975862
8.672258873828493,11.213032766503808,0.844690306513533,49.63684583771347,-6572.6469839582805
8.672258873828493,11.213032766503808,0.844690306513533,49.63684583771347,-6572.6469839582805
8.672258873828493,11.213032766503808,0.844690306513533,49.63684583771347,-6572.6469839582805
8.672258873828493,11.213032766503808,0.844690306513533,49.63684583771347,-6572.6469839582805
8.672258873828493,11.213032766503808,0.844690306513533,49.63684583771347,-6572.6469839582805
8.672258873828493,11.213032766503808,0.844690306513533,49.63684583771347,-6572.6469839582805
8.672258873828493,11.213032766503808,0.844690306513533,49.63684583771347,-6572.6469839582805
8.672258873828493,11.213032766503808,0.844690306513533,49.63684583771347,-6572.6469839582805
8.672258873828493,11.213032766503808,0.844690306513533,49.63684583771347,-6572.6469839582805
8.672258873828493,11.213032766503808,0.844690306513533,49.63684583771347,-6572.6469839582805
8.672258873828493,11.213032766503808,0.844690306513533,49.63684583771347,-6572.6469839582805
9.14058795214056,12.358844595992636,0.805424505234196,50.0361249105832,-6573.457110461461
10.014142400448243,9.75882523201086,0.6492990212953842,49.31078494592526,-6572.444751012623
10.014142400448243,9.75882523201086,0.6492990212953842,49.31078494592526,-6572.444751012623
10.014142400448243,9.75882523201086,0.6492990212953842,49.31078494592526,-6572.444751012623
10.014142400448243,9.75882523201086,0.6492990212953842,49.31078494592526,-6572.444751012623
10.014142400448243,9.75882523201086,0.6492990212953842,49.31078494592526,-6572.444751012623
10.014142400448243,9.75882523201086,0.6492990212953842,49.31078494592526,-6572.444751012623
10.014142400448243,9.75882523201086,0.6492990212953842,49.31078494592526,-6572.444751012623
10.014142400448243,9.75882523201086,0.6492990212953842,49.31078494592526,-6572.444751012623
10.014142400448243,9.75882523201086,0.6492990212953842,49.31078494592526,-6572.444751012623
10.014142400448243,9.75882523201086,0.6492990212953842,49.31078494592526,-6572.444751012623
10.014142400448243,9.75882523201086,0.6492990212953842,49.31078494592526,-6572.444751012623
10.05440712951998,9.375653628387514,0.6732874631442808,49.54023589186378,-6571.536019788154
10.05440712951998,9.375653628387514,0.6732874631442808,49.54023589186378,-6571.536019788154
10.05440712951998,9.375653628387514,0.6732874631442808,49.54023589186378,-6571.536019788154
10.05440712951998,9.375653628387514,0.6732874631442808,49.54023589186378,-6571.536019788154
10.05440712951998,9.375653628387514,0.6732874631442808,49.54023589186378,-6571.536019788154
10.05440712951998,9.375653628387514,0.6732874631442808,49.54023589186378,-6571.536019788154
10.05440712951998,9.375653628387514,0.6732874631442808,49.54023589186378,-6571.536019788154
10.05440712951998,9.375653628387514,0.6732874631442808,49.54023589186378,-6571.536019788154
9.648780526654775,9.21766455264726,0.7543575149906768,49.63357920721927,-6571.153726628471
9.648780526654775,9.21766455264726,0.7543575149906768,49.63357920721927,-6571.153726628471
9.648780526654775,9.21766455264726,0.7543575149906768,49.63357920721927,-6571.153726628471
9.648780526654775,9.21766455264726,0.7543575149906768,49.63357920721927,-6571.153726628471
9.648780526654775,9.21766455264726,0.7543575149906768,49.63357920721927,-6571.153726628471
9.648780526654775,9.21766455264726,0.7543575149906768,49.63357920721927,-6571.153726628471
9.648780526654775,9.21766455264726,0.7543575149906768,49.63357920721927,-6571.153726628471
9.648780526654775,9.21766455264726,0.7543575149906768,49.63357920721927,-6571.153726628471
10.10503095079325,8.3869377720277,0.910711631673555,49.96296982977109,-6571.164517115688
10.193517011802692,6.254369285914246,0.9546200327336251,50.07713865075285,-6571.823116596762
10.193517011802692,6.254369285914246,0.9546200327336251,50.07713865075285,-6571.823116596762
10.193517011802692,6.254369285914246,0.9546200327336251,50.07713865075285,-6571.823116596762
10.996632931128477,6.581124624525381,0.8879784781258204,49.92715101964623,-6571.43227026766
10.996632931128477,6.581124624525381,0.8879784781258204,49.92715101964623,-6571.43227026766
10.996632931128477,6.581124624525381,0.8879784781258204,49.92715101964623,-6571.43227026766
10.996632931128477,6.581124624525381,0.8879784781258204,49.92715101964623,-6571.43227026766
10.996632931128477,6.581124624525381,0.8879784781258204,49.92715101964623,-6571.43227026766
10.996632931128477,6.581124624525381,0.8879784781258204,49.92715101964623,-6571.43227026766
10.996632931128477,6.581124624525381,0.8879784781258204,49.92715101964623,-6571.43227026766
10.531644071860821,7.063821466686621,0.6762976997005258,49.762100080163236,-6572.339555165695
10.777377979077833,7.697682023887584,0.6368214933767676,49.79246737328529,-6571.760334643795
10.777377979077833,7.697682023887584,0.6368214933767676,49.79246737328529,-6571.760334643795
10.777377979077833,7.697682023887584,0.6368214933767676,49.79246737328529,-6571.760334643795
10.777377979077833,7.697682023887584,0.6368214933767676,49.79246737328529,-6571.760334643795
10.867622782543302,9.403832331317638,0.6424558258303459,50.00216906747694,-6571.923424098306
10.867622782543302,9.403832331317638,0.6424558258303459,50.00216906747694,-6571.923424098306
10.867622782543302,9.403832331317638,0.6424558258303459,50.00216906747694,-6571.923424098306
10.867622782543302,9.403832331317638,0.6424558258303459,50.00216906747694,-6571.923424098306
10.867622782543302,9.403832331317638,0.6424558258303459,50.00216906747694,-6571.923424098306
11.091791057972243,9.36049775921505,0.5604938815320063,49.98896088551075,-6572.682721203584
11.091791057972243,9.36049775921505,0.5604938815320063,49.98896088551075,-6572.682721203584
10.73683619848827,8.507919330183055,0.585760144869251,50.199570472195525,-6571.45877778515
11.278939297057912,8.774926156379617,0.6651229520810612,49.872201959557515,-6572.739260942323
11.278939297057912,8.774926156379617,0.6651229520810612,49.872201959557515,-6572.739260942323
10.385974952092166,8.16559984687403,0.8636960809468732,49.37899748162928,-6572.1332201324
10.385974952092166,8.16559984687403,0.8636960809468732,49.37899748162928,-6572.1332201324
10.385974952092166,8.16559984687403,0.8636960809468732,49.37899748162928,-6572.1332201324
10.509626180948029,7.665883050780566,0.8261045880499669,49.195742840204,-6572.460759425851
10.509626180948029,7.665883050780566,0.8261045880499669,49.195742840204,-6572.460759425851
10.509626180948029,7.665883050780566,0.8261045880499669,49.195742840204,-6572.460759425851
10.821065174342205,7.973987647540652,0.7548396878353186,49.23185267177205,-6572.647647057459
10.821065174342205,7.973987647540652,0.7548396878353186,49.23185267177205,-6572.647647057459
10.821065174342205,7.973987647540652,0.7548396878353186,49.23185267177205,-6572.647647057459
10.924984449968543,7.8887884826808365,0.7728699094634954,49.62651824442878,-6571.734607469051
10.924984449968543,7.8887884826808365,0.7728699094634954,49.62651824442878,-6571.734607469051
10.31106913024368,7.736953882562902,1.025774573599025,49.4623711404969,-6573.438651931416
10.31106913024368,7.736953882562902,1.025774573599025,49.4623711404969,-6573.438651931416
10.31106913024368,7.736953882562902,1.025774573599025,49.4623711404969,-6573.438651931416
10.31106913024368,7.736953882562902,1.025774573599025,49.4623711404969,-6573.438651931416
10.31106913024368,7.736953882562902,1.025774573599025,49.4623711404969,-6573.438651931416
10.31106913024368,7.736953882562902,1.025774573599025,49.4623711404969,-6573.438651931416
10.31106913024368,7.736953882562902,1.025774573599025,49.4623711404969,-6573.438651931416
10.31106913024368,7.736953882562902,1.025774573599025,49.4623711404969,-6573.438651931416
10.31106913024368,7.736953882562902,1.025774573599025,49.4623711404969,-6573.438651931416
10.45509840796954,7.237823399300583,1.0621375978462284,49.623980508907174,-6573.517833268243
10.45509840796954,7.237823399300583,1.0621375978462284,49.623980508907174,-6573.517833268243
10.45509840796954,7.237823399300583,1.0621375978462284,49.623980508907174,-6573.517833268243
10.298491683111948,7.070894401209153,1.2221952994874896,49.9627791866961,-6575.585855055604
10.298491683111948,7.070894401209153,1.2221952994874896,49.9627791866961,-6575.585855055604
10.298491683111948,7.070894401209153,1.2221952994874896,49.9627791866961,-6575.585855055604
9.796397868343286,7.109068968278168,1.194020471168188,50.71609419526022,-6574.456885043499
9.796397868343286,7.109068968278168,1.194020471168188,50.71609419526022,-6574.456885043499
10.363910677424151,7.965478197006953,1.0203607636650989,50.840124245510914,-6573.082345646527
10.363910677424151,7.965478197006953,1.0203607636650989,50.840124245510914,-6573.082345646527
10.363910677424151,7.965478197006953,1.0203607636650989,50.840124245510914,-6573.082345646527
10.363910677424151,7.965478197006953,1.0203607636650989,50.840124245510914,-6573.082345646527
10.363910677424151,7.965478197006953,1.0203607636650989,50.840124245510914,-6573.082345646527
10.363910677424151,7.965478197006953,1.0203607636650989,50.840124245510914,-6573.082345646527
10.363910677424151,7.965478197006953,1.0203607636650989,50.840124245510914,-6573.082345646527
8.965819433415248,10.392162877495487,0.974005126745368,50.70774875298027,-6572.901837360862
8.965819433415248,10.392162877495487,0.974005126745368,50.70774875298027,-6572.901837360862
8.965819433415248,10.392162877495487,0.974005126745368,50.70774875298027,-6572.901837360862
10.268106366549134,8.833067136026377,0.9594890233245515,50.141768808975954,-6572.6472255029275
10.873892718412502,6.903867266342057,0.9973386760932301,49.92220889987607,-6572.718523820686
10.873892718412502,6.903867266342057,0.9973386760932301,49.92220889987607,-6572.718523820686
10.873892718412502,6.903867266342057,0.9973386760932301,49.92220889987607,-6572.718523820686
10.873892718412502,6.903867266342057,0.9973386760932301,49.92220889987607,-6572.718523820686
10.873892718412502,6.903867266342057,0.9973386760932301,49.92220889987607,-6572.718523820686
10.873892718412502,6.903867266342057,0.9973386760932301,49.92220889987607,-6572.718523820686
10.873892718412502,6.903867266342057,0.9973386760932301,49.92220889987607,-6572.718523820686
10.873892718412502,6.903867266342057,0.9973386760932301,49.92220889987607,-6572.718523820686
10.873892718412502,6.903867266342057,0.9973386760932301,49.92220889987607,-6572.718523820686
10.873892718412502,6.903867266342057,0.9973386760932301,49.92220889987607,-6572.718523820686
11.19312646881748,7.4785705943746645,0.8856594661067051,50.69524276663594,-6572.584947077768
11.19312646881748,7.4785705943746645,0.8856594661067051,50.69524276663594,-6572.584947077768
9.743248947548619,8.379658662147282,1.1636294371829328,50.62746933495006,-6574.750389523483
9.743248947548619,8.379658662147282,1.1636294371829328,50.62746933495006,-6574.750389523483
9.743248947548619,8.379658662147282,1.1636294371829328,50.62746933495006,-6574.750389523483
9.743248947548619,8.379658662147282,1.1636294371829328,50.62746933495006,-6574.750389523483
10.37574700146828,6.597108648430193,1.207110404928628,50.61257782610813,-6574.94775164537
10.37574700146828,6.597108648430193,1.207110404928628,50.61257782610813,-6574.94775164537
10.37574700146828,6.597108648430193,1.207110404928628,50.61257782610813,-6574.94775164537
10.37574700146828,6.597108648430193,1.207110404928628,50.61257782610813,-6574.94775164537
10.218025381277664,5.625281136219729,1.0889969888945414,50.4187183767816,-6573.1716701799905
10.218025381277664,5.625281136219729,1.0889969888945414,50.4187183767816,-6573.1716701799905
10.218025381277664,5.625281136219729,1.0889969888945414,50.4187183767816,-6573.1716701799905
10.218025381277664,5.625281136219729,1.0889969888945414,50.4187183767816,-6573.1716701799905
10.119081132663682,7.500538308206476,1.0446303293419306,49.51735540106813,-6573.090264375884
10.119081132663682,7.500538308206476,1.0446303293419306,49.51735540106813,-6573.090264375884
10.119081132663682,7.500538308206476,1.0446303293419306,49.51735540106813,-6573.090264375884
9.954727662270265,8.915342679397108,1.006887571202898,49.773047614282966,-6573.100616162032
9.954727662270265,8.915342679397108,1.006887571202898,49.773047614282966,-6573.100616162032
10.271189505637132,6.351124936418508,0.8924185887747791,49.80474190598137,-6571.882535792483
10.271189505637132,6.351124936418508,0.8924185887747791,49.80474190598137,-6571.882535792483
10.271189505637132,6.351124936418508,0.8924185887747791,49.80474190598137,-6571.882535792483
10.271189505637132,6.351124936418508,0.8924185887747791,49.80474190598137,-6571.882535792483
10.271189505637132,6.351124936418508,0.8924185887747791,49.80474190598137,-6571.882535792483
10.271189505637132,6.351124936418508,0.8924185887747791,49.80474190598137,-6571.882535792483
10.271189505637132,6.351124936418508,0.8924185887747791,49.80474190598137,-6571.882535792483
10.271189505637132,6.351124936418508,0.8924185887747791,49.80474190598137,-6571.882535792483
10.271189505637132,6.351124936418508,0.8924185887747791,49.80474190598137,-6571.882535792483
10.271189505637132,6.351124936418508,0.8924185887747791,49.80474190598137,-6571.882535792483
10.271189505637132,6.351124936418508,0.8924185887747791,49.80474190598137,-6571.882535792483
10.271189505637132,6.351124936418508,0.8924185887747791,49.80474190598137,-6571.882535792483
10.271189505637132,6.351124936418508,0.8924185887747791,49.80474190598137,-6571.882535792483
10.924538738271453,8.569491312130232,0.6551660833336233,49.91896146106257,-6571.414910685551
10.924538738271453,8.569491312130232,0.6551660833336233,49.91896146106257,-6571.414910685551
10.924538738271453,8.569491312130232,0.6551660833336233,49.91896146106257,-6571.414910685551
10.924538738271453,8.569491312130232,0.6551660833336233,49.91896146106257,-6571.414910685551
10.924538738271453,8.569491312130232,0.6551660833336233,49.91896146106257,-6571.414910685551
10.872910415777376,9.766792264548112,0.5310815258749557,50.46467014430294,-6572.344129811719
10.872910415777376,9.766792264548112,0.5310815258749557,50.46467014430294,-6572.344129811719
10.872910415777376,9.766792264548112,0.5310815258749557,50.46467014430294,-6572.344129811719
10.872910415777376,9.766792264548112,0.5310815258749557,50.46467014430294,-6572.344129811719
10.872910415777376,9.766792264548112,0.5310815258749557,50.46467014430294,-6572.344129811719
11.51107452314582,8.83273596378514,0.5825880523866681,50.82113590382341,-6572.968394963011
11.51107452314582,8.83273596378514,0.5825880523866681,50.82113590382341,-6572.968394963011
11.910437346495863,8.169557192518985,0.5998094708279701,51.29166604872218,-6574.248145867819
11.910437346495863,8.169557192518985,0.5998094708279701,51.29166604872218,-6574.248145867819
12.468306353744403,5.267274852779304,0.5950783233283957,50.22939784135827,-6574.516512696726
12.468306353744403,5.267274852779304,0.5950783233283957,50.22939784135827,-6574.516512696726
12.468306353744403,5.267274852779304,0.5950783233283957,50.22939784135827,-6574.516512696726
12.468306353744403,5.267274852779304,0.5950783233283957,50.22939784135827,-6574.516512696726
12.822344754172141,4.2736155569884025,0.7655161290256554,50.11121964008626,-6574.614427455457
12.822344754172141,4.2736155569884025,0.7655161290256554,50.11121964008626,-6574.614427455457
12.822344754172141,4.2736155569884025,0.7655161290256554,50.11121964008626,-6574.614427455457
12.822344754172141,4.2736155569884025,0.7655161290256554,50.11121964008626,-6574.614427455457
12.112205841049283,5.453494395487396,0.7589366074437494,49.56879773365992,-6573.713218369703
12.112205841049283,5.453494395487396,0.7589366074437494,49.56879773365992,-6573.713218369703
12.112205841049283,5.453494395487396,0.7589366074437494,49.56879773365992,-6573.713218369703
12.112205841049283,5.453494395487396,0.7589366074437494,49.56879773365992,-6573.713218369703
12.112205841049283,5.453494395487396,0.7589366074437494,49.56879773365992,-6573.713218369703
12.112205841049283,5.453494395487396,0.7589366074437494,49.56879773365992,-6573.713218369703
12.112205841049283,5.453494395487396,0.7589366074437494,49.56879773365992,-6573.713218369703
12.112205841049283,5.453494395487396,0.7589366074437494,49.56879773365992,-6573.713218369703
11.22970951998587,8.52935782177924,0.7355198456090498,49.8690214927462,-6572.715474051221
11.22970951998587,8.52935782177924,0.7355198456090498,49.8690214927462,-6572.715474051221
10.023509446993438,7.9686030629666,0.7396217114322122,50.49210989643474,-6570.654582735539
10.023509446993438,7.9686030629666,0.7396217114322122,50.49210989643474,-6570.654582735539
10.023509446993438,7.9686030629666,0.7396217114322122,50.49210989643474,-6570.654582735539
10.023509446993438,7.9686030629666,0.7396217114322122,50.49210989643474,-6570.654582735539
9.663345486257766,10.32512166982901,0.6966450950333984,50.25944278622655,-6570.603619849606
9.663345486257766,10.32512166982901,0.6966450950333984,50.25944278622655,-6570.603619849606
9.663345486257766,10.32512166982901,0.6966450950333984,50.25944278622655,-6570.603619849606
9.663345486257766,10.32512166982901,0.6966450950333984,50.25944278622655,-6570.603619849606
9.099736506483488,11.259307177949244,0.5966108466616258,50.41269696175111,-6572.066204908674
9.099736506483488,11.259307177949244,0.5966108466616258,50.41269696175111,-6572.066204908674
9.099736506483488,11.259307177949244,0.5966108466616258,50.41269696175111,-6572.066204908674
9.823459556533793,11.314164080396022,0.5106988604293893,50.32894521969293,-6572.547236221581
8.902778449351123,10.552525632228125,0.6780828341335089,50.91600278755691,-6572.501509895521
9.083896976964803,9.96880919113059,0.7202284459454935,50.53813713286776,-6571.418933304123
9.083896976964803,9.96880919113059,0.7202284459454935,50.53813713286776,-6571.418933304123
9.083896976964803,9.96880919113059,0.7202284459454935,50.53813713286776,-6571.418933304123
9.083896976964803,9.96880919113059,0.7202284459454935,50.53813713286776,-6571.418933304123
9.083896976964803,9.96880919113059,0.7202284459454935,50.53813713286776,-6571.418933304123
9.083896976964803,9.96880919113059,0.7202284459454935,50.53813713286776,-6571.418933304123
9.083896976964803,9.96880919113059,0.7202284459454935,50.53813713286776,-6571.418933304123
9.083896976964803,9.96880919113059,0.7202284459454935,50.53813713286776,-6571.418933304123
8.642093501962536,11.781991015133105,0.8227523211022622,49.93959721424069,-6572.45172627263
8.642093501962536,11.781991015133105,0.8227523211022622,49.93959721424069,-6572.45172627263
8.642093501962536,11.781991015133105,0.8227523211022622,49.93959721424069,-6572.45172627263
8.642093501962536,11.781991015133105,0.8227523211022622,49.93959721424069,-6572.45172627263
8.944298821578982,9.529595795509229,0.7544176314975068,50.25304553031918,-6572.009803444005
8.944298821578982,9.529595795509229,0.7544176314975068,50.25304553031918,-6572.009803444005
8.944298821578982,9.529595795509229,0.7544176314975068,50.25304553031918,-6572.009803444005
9.63444897254697,9.960216959050054,0.9005689298679577,50.174355350305966,-6571.7712786022485
9.645139909198612,8.693830962279472,0.7982100622127964,49.34077496099606,-6572.043027456099
9.645139909198612,8.693830962279472,0.7982100622127964,49.34077496099606,-6572.043027456099
9.967512541242241,9.070313415488945,0.7432307666089728,48.95257864638657,-6573.291491094693
9.967512541242241,9.070313415488945,0.7432307666089728,48.95257864638657,-6573.291491094693
9.967512541242241,9.070313415488945,0.7432307666089728,48.95257864638657,-6573.291491094693
10.379913054331935,9.920634630649719,0.5472498406505543,49.34748243240569,-6573.679456858195
10.379913054331935,9.920634630649719,0.5472498406505543,49.34748243240569,-6573.679456858195
10.379913054331935,9.920634630649719,0.5472498406505543,49.34748243240569,-6573.679456858195
10.379913054331935,9.920634630649719,0.5472498406505543,49.34748243240569,-6573.679456858195
10.379913054331935,9.920634630649719,0.5472498406505543,49.34748243240569,-6573.679456858195
10.379913054331935,9.920634630649719,0.5472498406505543,49.34748243240569,-6573.679456858195
10.379913054331935,9.920634630649719,0.5472498406505543,49.34748243240569,-6573.679456858195
10.379913054331935,9.920634630649719,0.5472498406505543,49.34748243240569,-6573.679456858195
10.379913054331935,9.920634630649719,0.5472498406505543,49.34748243240569,-6573.679456858195
10.379913054331935,9.920634630649719,0.5472498406505543,49.34748243240569,-6573.679456858195
9.531909080591273,10.148631880607033,0.7850114610308639,50.139263651199194,-6570.719323244304
9.531909080591273,10.148631880607033,0.7850114610308639,50.139263651199194,-6570.719323244304
9.432832566382013,9.854844802002859,0.7312881903761979,50.08874491747093,-6570.661317345973
10.434386488758356,7.749632740220155,0.9883297904951119,50.478735325716045,-6572.098983175734
10.739016543793543,8.739711380838814,0.8439169432826332,50.954129651557686,-6572.575895870447
10.739016543793543,8.739711380838814,0.8439169432826332,50.954129651557686,-6572.575895870447
10.489843925170318,10.143043669873336,0.7587134666347221,51.134037954210264,-6573.271854588985
10.489843925170318,10.143043669873336,0.7587134666347221,51.134037954210264,-6573.271854588985
10.489843925170318,10.143043669873336,0.7587134666347221,51.134037954210264,-6573.271854588985
9.330944308608622,10.446566298922349,0.9912271445468134,51.36899211348941,-6575.117765382751
9.330944308608622,10.446566298922349,0.9912271445468134,51.36899211348941,-6575.117765382751
9.330944308608622,10.446566298922349,0.9912271445468134,51.36899211348941,-6575.117765382751
9.330944308608622,10.446566298922349,0.9912271445468134,51.36899211348941,-6575.117765382751
8.92211838590239,10.553666171798248,0.9574593922256182,51.21450815621253,-6573.8969683680525
8.92211838590239,10.553666171798248,0.9574593922256182,51.21450815621253,-6573.8969683680525
8.937382147381127,12.515575995550503,0.863254004675096,50.25590174085023,-6574.096303170997
8.937382147381127,12.515575995550503,0.863254004675096,50.25590174085023,-6574.096303170997
8.937382147381127,12.515575995550503,0.863254004675096,50.25590174085023,-6574.096303170997
8.434551579851151,8.942566279660467,0.9115155787060609,50.43725873673707,-6574.5816418112245
8.434551579851151,8.942566279660467,0.9115155787060609,50.43725873673707,-6574.5816418112245
8.560732057981157,10.186480898703776,0.9504909999189054,49.3439618061695,-6574.032119138093
8.560732057981157,10.186480898703776,0.9504909999189054,49.3439618061695,-6574.032119138093
8.560732057981157,10.186480898703776,0.9504909999189054,49.3439618061695,-6574.032119138093
9.304430171393067,10.414319721751308,0.9284743963261508,49.24779401836789,-6573.824989749938
9.304430171393067,10.414319721751308,0.9284743963261508,49.24779401836789,-6573.824989749938
9.304430171393067,10.414319721751308,0.9284743963261508,49.24779401836789,-6573.824989749938
9.304430171393067,10.414319721751308,0.9284743963261508,49.24779401836789,-6573.824989749938
9.304430171393067,10.414319721751308,0.9284743963261508,49.24779401836789,-6573.824989749938
9.55322358544074,9.339795504291466,0.9282041766966741,49.015566892593824,-6573.818558379007
9.55322358544074,9.339795504291466,0.9282041766966741,49.015566892593824,-6573.818558379007
9.55322358544074,9.339795504291466,0.9282041766966741,49.015566892593824,-6573.818558379007
9.55322358544074,9.339795504291466,0.9282041766966741,49.015566892593824,-6573.818558379007
9.55322358544074,9.339795504291466,0.9282041766966741,49.015566892593824,-6573.818558379007
9.55322358544074,9.339795504291466,0.9282041766966741,49.015566892593824,-6573.818558379007
9.55322358544074,9.339795504291466,0.9282041766966741,49.015566892593824,-6573.818558379007
9.55322358544074,9.339795504291466,0.9282041766966741,49.015566892593824,-6573.818558379007
9.553838862935006,8.328004498845418,0.88806910671623,49.13892466612914,-6573.052327758168
9.553838862935006,8.328004498845418,0.88806910671623,49.13892466612914,-6573.052327758168
9.553838862935006,8.328004498845418,0.88806910671623,49.13892466612914,-6573.052327758168
9.55953187969108,8.5399121346015,0.8878269789137503,49.7807948943438,-6571.214206046143
9.55953187969108,8.5399121346015,0.8878269789137503,49.7807948943438,-6571.214206046143
9.55953187969108,8.5399121346015,0.8878269789137503,49.7807948943438,-6571.214206046143
9.55953187969108,8.5399121346015,0.8878269789137503,49.7807948943438,-6571.214206046143
9.55953187969108,8.5399121346015,0.8878269789137503,49.7807948943438,-6571.214206046143
9.55953187969108,8.5399121346015,0.8878269789137503,49.7807948943438,-6571.214206046143
9.55953187969108,8.5399121346015,0.8878269789137503,49.7807948943438,-6571.214206046143
9.55953187969108,8.5399121346015,0.8878269789137503,49.7807948943438,-6571.214206046143
9.55953187969108,8.5399121346015,0.8878269789137503,49.7807948943438,-6571.214206046143
9.55953187969108,8.5399121346015,0.8878269789137503,49.7807948943438,-6571.214206046143
9.55953187969108,8.5399121346015,0.8878269789137503,49.7807948943438,-6571.214206046143
9.55953187969108,8.5399121346015,0.8878269789137503,49.7807948943438,-6571.214206046143
9.55953187969108,8.5399121346015,0.8878269789137503,49.7807948943438,-6571.214206046143
9.566714555314505,9.926146293545376,0.8500260471550846,50.781386381960836,-6571.328718899564
9.566714555314505,9.926146293545376,0.8500260471550846,50.781386381960836,-6571.328718899564
9.566714555314505,9.926146293545376,0.8500260471550846,50.781386381960836,-6571.328718899564
9.566714555314505,9.926146293545376,0.8500260471550846,50.781386381960836,-6571.328718899564
9.566714555314505,9.926146293545376,0.8500260471550846,50.781386381960836,-6571.328718899564
9.566714555314505,9.926146293545376,0.8500260471550846,50.781386381960836,-6571.328718899564
9.566714555314505,9.926146293545376,0.8500260471550846,50.781386381960836,-6571.328718899564
9.566714555314505,9.926146293545376,0.8500260471550846,50.781386381960836,-6571.328718899564
9.566714555314505,9.926146293545376,0.8500260471550846,50.781386381960836,-6571.328718899564
9.566714555314505,9.926146293545376,0.8500260471550846,50.781386381960836,-6571.328718899564
9.470763583708843,9.343444136358832,0.6547883704324902,50.707019574554245,-6571.790841123253
9.470763583708843,9.343444136358832,0.6547883704324902,50.707019574554245,-6571.790841123253
9.470763583708843,9.343444136358832,0.6547883704324902,50.707019574554245,-6571.790841123253
9.470763583708843,9.343444136358832,0.6547883704324902,50.707019574554245,-6571.790841123253
9.470763583708843,9.343444136358832,0.6547883704324902,50.707019574554245,-6571.790841123253
10.102747214069213,11.489463703643437,0.5239752230131907,50.04287464189767,-6572.897642459171
10.102747214069213,11.489463703643437,0.5239752230131907,50.04287464189767,-6572.897642459171
10.102747214069213,11.489463703643437,0.5239752230131907,50.04287464189767,-6572.897642459171
10.102747214069213,11.489463703643437,0.5239752230131907,50.04287464189767,-6572.897642459171
10.102747214069213,11.489463703643437,0.5239752230131907,50.04287464189767,-6572.897642459171
10.045019922768766,9.654249175530213,0.7181564026753301,50.409917991405074,-6570.420538805148
10.045019922768766,9.654249175530213,0.7181564026753301,50.409917991405074,-6570.420538805148
10.045019922768766,9.654249175530213,0.7181564026753301,50.409917991405074,-6570.420538805148
10.045019922768766,9.654249175530213,0.7181564026753301,50.409917991405074,-6570.420538805148
10.045019922768766,9.654249175530213,0.7181564026753301,50.409917991405074,-6570.420538805148
10.045019922768766,9.654249175530213,0.7181564026753301,50.409917991405074,-6570.420538805148
10.045019922768766,9.654249175530213,0.7181564026753301,50.409917991405074,-6570.420538805148
10.045019922768766,9.654249175530213,0.7181564026753301,50.409917991405074,-6570.420538805148
10.045019922768766,9.654249175530213,0.7181564026753301,50.409917991405074,-6570.420538805148
10.045019922768766,9.654249175530213,0.7181564026753301,50.409917991405074,-6570.420538805148
10.045019922768766,9.654249175530213,0.7181564026753301,50.409917991405074,-6570.420538805148
10.045019922768766,9.654249175530213,0.7181564026753301,50.409917991405074,-6570.420538805148
10.045019922768766,9.654249175530213,0.7181564026753301,50.409917991405074,-6570.420538805148
10.045019922768766,9.654249175530213,0.7181564026753301,50.409917991405074,-6570.420538805148
10.045019922768766,9.654249175530213,0.7181564026753301,50.409917991405074,-6570.420538805148
10.045019922768766,9.654249175530213,0.7181564026753301,50.409917991405074,-6570.420538805148
10.045019922768766,9.654249175530213,0.7181564026753301,50.409917991405074,-6570.420538805148
10.045019922768766,9.654249175530213,0.7181564026753301,50.409917991405074,-6570.420538805148
10.045019922768766,9.654249175530213,0.7181564026753301,50.409917991405074,-6570.420538805148
10.045019922768766,9.654249175530213,0.7181564026753301,50.409917991405074,-6570.420538805148
10.045019922768766,9.654249175530213,0.7181564026753301,50.409917991405074,-6570.420538805148
10.045019922768766,9.654249175530213,0.7181564026753301,50.409917991405074,-6570.420538805148
10.139754904235128,9.600102766004095,0.8917776079213557,50.88105589361236,-6572.733611033487
10.139754904235128,9.600102766004095,0.8917776079213557,50.88105589361236,-6572.733611033487
10.988289646017757,8.386445198148722,0.8316937079623888,50.72206783422642,-6572.431754426521
10.988289646017757,8.386445198148722,0.8316937079623888,50.72206783422642,-6572.431754426521
10.66716564944613,6.623725683179028,0.7399018710761728,50.99750025332752,-6571.656076808458
10.66716564944613,6.623725683179028,0.7399018710761728,50.99750025332752,-6571.656076808458
10.66716564944613,6.623725683179028,0.7399018710761728,50.99750025332752,-6571.656076808458
10.66716564944613,6.623725683179028,0.7399018710761728,50.99750025332752,-6571.656076808458
10.66716564944613,6.623725683179028,0.7399018710761728,50.99750025332752,-6571.656076808458
10.66716564944613,6.623725683179028,0.7399018710761728,50.99750025332752,-6571.656076808458
10.66716564944613,6.623725683179028,0.7399018710761728,50.99750025332752,-6571.656076808458
10.66716564944613,6.623725683179028,0.7399018710761728,50.99750025332752,-6571.656076808458
10.66716564944613,6.623725683179028,0.7399018710761728,50.99750025332752,-6571.656076808458
11.32572109015637,7.511335519173924,0.6863458285138735,51.123054154553074,-6571.796820851684
11.32572109015637,7.511335519173924,0.6863458285138735,51.123054154553074,-6571.796820851684
11.32572109015637,7.511335519173924,0.6863458285138735,51.123054154553074,-6571.796820851684
11.32572109015637,7.511335519173924,0.6863458285138735,51.123054154553074,-6571.796820851684
11.32572109015637,7.511335519173924,0.6863458285138735,51.123054154553074,-6571.796820851684
11.32572109015637,7.511335519173924,0.6863458285138735,51.123054154553074,-6571.796820851684
11.32572109015637,7.511335519173924,0.6863458285138735,51.123054154553074,-6571.796820851684
11.32572109015637,7.511335519173924,0.6863458285138735,51.123054154553074,-6571.796820851684
10.854337354492493,9.004762618164369,0.6820378746158337,50.29494147887682,-6571.267763028727
10.372688214051983,9.3645952511907,0.6014029977517522,50.48261817397008,-6570.95667257318
9.943721783199829,8.316685750251512,0.8052169130618931,50.087701038537226,-6570.352448934537
9.943721783199829,8.316685750251512,0.8052169130618931,50.087701038537226,-6570.352448934537
9.943721783199829,8.316685750251512,0.8052169130618931,50.087701038537226,-6570.352448934537
9.943721783199829,8.316685750251512,0.8052169130618931,50.087701038537226,-6570.352448934537
10.322748635866054,7.087777920791117,0.8850299307109529,50.03886949717756,-6570.790039180299
10.322748635866054,7.087777920791117,0.8850299307109529,50.03886949717756,-6570.790039180299
10.023120361526246,8.679739123406403,0.9148763298640779,50.30671881001304,-6571.1388342902155
10.023120361526246,8.679739123406403,0.9148763298640779,50.30671881001304,-6571.1388342902155
10.023120361526246,8.679739123406403,0.9148763298640779,50.30671881001304,-6571.1388342902155
10.023120361526246,8.679739123406403,0.9148763298640779,50.30671881001304,-6571.1388342902155
10.023120361526246,8.679739123406403,0.9148763298640779,50.30671881001304,-6571.1388342902155
9.178121531050751,8.318360098871798,0.9717035653881874,50.23893488341792,-6572.022508735528
9.178121531050751,8.318360098871798,0.9717035653881874,50.23893488341792,-6572.022508735528
9.178121531050751,8.318360098871798,0.9717035653881874,50.23893488341792,-6572.022508735528
9.178121531050751,8.318360098871798,0.9717035653881874,50.23893488341792,-6572.022508735528
9.671038019213592,8.889521519790076,0.7154279196960609,50.19855921223034,-6570.7582815922215
9.671038019213592,8.889521519790076,0.7154279196960609,50.19855921223034,-6570.7582815922215
9.671038019213592,8.889521519790076,0.7154279196960609,50.19855921223034,-6570.7582815922215
9.671038019213592,8.889521519790076,0.7154279196960609,50.19855921223034,-6570.7582815922215
9.671038019213592,8.889521519790076,0.7154279196960609,50.19855921223034,-6570.7582815922215
9.671038019213592,8.889521519790076,0.7154279196960609,50.19855921223034,-6570.7582815922215
9.671038019213592,8.889521519790076,0.7154279196960609,50.19855921223034,-6570.7582815922215
9.671038019213592,8.889521519790076,0.7154279196960609,50.19855921223034,-6570.7582815922215
9.671038019213592,8.889521519790076,0.7154279196960609,50.19855921223034,-6570.7582815922215
9.671038019213592,8.889521519790076,0.7154279196960609,50.19855921223034,-6570.7582815922215
10.163575420156192,8.171548245535595,0.6979571100243814,50.41969184203452,-6570.5790433545635
10.163575420156192,8.171548245535595,0.6979571100243814,50.41969184203452,-6570.5790433545635
10.163575420156192,8.171548245535595,0.6979571100243814,50.41969184203452,-6570.5790433545635
10.13998606792567,9.098769241825291,0.6431125849693571,50.77126226297995,-6570.811333252263
10.13998606792567,9.098769241825291,0.6431125849693571,50.77126226297995,-6570.811333252263
10.13998606792567,9.098769241825291,0.6431125849693571,50.77126226297995,-6570.811333252263
10.13998606792567,9.098769241825291,0.6431125849693571,50.77126226297995,-6570.811333252263
10.09155383986351,8.095855087738599,0.7703863583556342,51.315287119690844,-6571.654326457681
10.09155383986351,8.095855087738599,0.7703863583556342,51.315287119690844,-6571.654326457681
10.09155383986351,8.095855087738599,0.7703863583556342,51.315287119690844,-6571.654326457681
10.09155383986351,8.095855087738599,0.7703863583556342,51.315287119690844,-6571.654326457681
10.09155383986351,8.095855087738599,0.7703863583556342,51.315287119690844,-6571.654326457681
10.09155383986351,8.095855087738599,0.7703863583556342,51.315287119690844,-6571.654326457681
8.772204314867865,12.130204243156506,0.7737873892122201,50.59311637055854,-6572.350848248701
8.772204314867865,12.130204243156506,0.7737873892122201,50.59311637055854,-6572.350848248701
8.772204314867865,12.130204243156506,0.7737873892122201,50.59311637055854,-6572.350848248701
8.772204314867865,12.130204243156506,0.7737873892122201,50.59311637055854,-6572.350848248701
9.123714575710409,11.640203968807011,0.670593823936231,50.70307729261306,-6571.640180882001
9.123714575710409,11.640203968807011,0.670593823936231,50.70307729261306,-6571.640180882001
9.123714575710409,11.640203968807011,0.670593823936231,50.70307729261306,-6571.640180882001
9.123714575710409,11.640203968807011,0.670593823936231,50.70307729261306,-6571.640180882001
9.123714575710409,11.640203968807011,0.670593823936231,50.70307729261306,-6571.640180882001
9.123714575710409,11.640203968807011,0.670593823936231,50.70307729261306,-6571.640180882001
9.123714575710409,11.640203968807011,0.670593823936231,50.70307729261306,-6571.640180882001
9.123714575710409,11.640203968807011,0.670593823936231,50.70307729261306,-6571.640180882001
9.123714575710409,11.640203968807011,0.670593823936231,50.70307729261306,-6571.640180882001
9.123714575710409,11.640203968807011,0.670593823936231,50.70307729261306,-6571.640180882001
9.123714575710409,11.640203968807011,0.670593823936231,50.70307729261306,-6571.640180882001
9.123714575710409,11.640203968807011,0.670593823936231,50.70307729261306,-6571.640180882001
9.123714575710409,11.640203968807011,0.670593823936231,50.70307729261306,-6571.640180882001
9.123714575710409,11.640203968807011,0.670593823936231,50.70307729261306,-6571.640180882001
9.123714575710409,11.640203968807011,0.670593823936231,50.70307729261306,-6571.640180882001
9.123714575710409,11.640203968807011,0.670593823936231,50.70307729261306,-6571.640180882001
9.123714575710409,11.640203968807011,0.670593823936231,50.70307729261306,-6571.640180882001
9.123714575710409,11.640203968807011,0.670593823936231,50.70307729261306,-6571.640180882001
9.123714575710409,11.640203968807011,0.670593823936231,50.70307729261306,-6571.640180882001
9.123714575710409,11.640203968807011,0.670593823936231,50.70307729261306,-6571.640180882001
9.123714575710409,11.640203968807011,0.670593823936231,50.70307729261306,-6571.640180882001
9.813517099382494,11.010663509916165,0.7589401336382772,50.34428013107004,-6571.928764711211
9.813517099382494,11.010663509916165,0.7589401336382772,50.34428013107004,-6571.928764711211
8.015856599349185,12.071338483338627,0.7306646120857713,50.61825873292212,-6574.138094431086
8.015856599349185,12.071338483338627,0.7306646120857713,50.61825873292212,-6574.138094431086
7.923582691652288,12.47134068667431,0.6245767297774144,50.845567944809794,-6576.13508323361
8.85888470652421,11.604132500608426,0.588617963303257,52.01792677280058,-6577.282601002133
8.85888470652421,11.604132500608426,0.588617963303257,52.01792677280058,-6577.282601002133
8.909768316743294,13.18598599084109,0.6544409219070588,51.47097552460279,-6574.879710647055
8.909768316743294,13.18598599084109,0.6544409219070588,51.47097552460279,-6574.879710647055
8.909768316743294,13.18598599084109,0.6544409219070588,51.47097552460279,-6574.879710647055
9.434413263478127,10.501796271791683,0.5869264797320612,51.10510246092278,-6572.634319878725
9.434413263478127,10.501796271791683,0.5869264797320612,51.10510246092278,-6572.634319878725
9.434413263478127,10.501796271791683,0.5869264797320612,51.10510246092278,-6572.634319878725
9.434413263478127,10.501796271791683,0.5869264797320612,51.10510246092278,-6572.634319878725
9.434413263478127,10.501796271791683,0.5869264797320612,51.10510246092278,-6572.634319878725
9.434413263478127,10.501796271791683,0.5869264797320612,51.10510246092278,-6572.634319878725
9.434413263478127,10.501796271791683,0.5869264797320612,51.10510246092278,-6572.634319878725
9.434413263478127,10.501796271791683,0.5869264797320612,51.10510246092278,-6572.634319878725
9.434413263478127,10.501796271791683,0.5869264797320612,51.10510246092278,-6572.634319878725
9.434413263478127,10.501796271791683,0.5869264797320612,51.10510246092278,-6572.634319878725
9.434413263478127,10.501796271791683,0.5869264797320612,51.10510246092278,-6572.634319878725
9.434413263478127,10.501796271791683,0.5869264797320612,51.10510246092278,-6572.634319878725
9.434413263478127,10.501796271791683,0.5869264797320612,51.10510246092278,-6572.634319878725
9.434413263478127,10.501796271791683,0.5869264797320612,51.10510246092278,-6572.634319878725
9.523761146959469,13.1452331184531,0.6479729922594066,50.572435513681484,-6574.1449236833205
9.523761146959469,13.1452331184531,0.6479729922594066,50.572435513681484,-6574.1449236833205
9.523761146959469,13.1452331184531,0.6479729922594066,50.572435513681484,-6574.1449236833205
9.43643222254026,10.543953608270755,0.7622879162337235,50.14470013769935,-6570.857880867195
9.43643222254026,10.543953608270755,0.7622879162337235,50.14470013769935,-6570.857880867195
9.43643222254026,10.543953608270755,0.7622879162337235,50.14470013769935,-6570.857880867195
9.43643222254026,10.543953608270755,0.7622879162337235,50.14470013769935,-6570.857880867195
9.43643222254026,10.543953608270755,0.7622879162337235,50.14470013769935,-6570.857880867195
9.43643222254026,10.543953608270755,0.7622879162337235,50.14470013769935,-6570.857880867195
9.2858910431762,9.796958885922276,0.7619575700280519,49.94954535382186,-6570.936368654709
9.2858910431762,9.796958885922276,0.7619575700280519,49.94954535382186,-6570.936368654709
9.2858910431762,9.796958885922276,0.7619575700280519,49.94954535382186,-6570.936368654709
9.2858910431762,9.796958885922276,0.7619575700280519,49.94954535382186,-6570.936368654709
9.2858910431762,9.796958885922276,0.7619575700280519,49.94954535382186,-6570.936368654709
9.2858910431762,9.796958885922276,0.7619575700280519,49.94954535382186,-6570.936368654709
9.2858910431762,9.796958885922276,0.7619575700280519,49.94954535382186,-6570.936368654709
9.2858910431762,9.796958885922276,0.7619575700280519,49.94954535382186,-6570.936368654709
9.2858910431762,9.796958885922276,0.7619575700280519,49.94954535382186,-6570.936368654709
9.2858910431762,9.796958885922276,0.7619575700280519,49.94954535382186,-6570.936368654709
9.2858910431762,9.796958885922276,0.7619575700280519,49.94954535382186,-6570.936368654709
9.2858910431762,9.796958885922276,0.7619575700280519,49.94954535382186,-6570.936368654709
9.2858910431762,9.796958885922276,0.7619575700280519,49.94954535382186,-6570.936368654709
9.855569120473039,10.519378194358127,0.6641640795434284,50.07588721585676,-6570.986482878981
9.855569120473039,10.519378194358127,0.6641640795434284,50.07588721585676,-6570.986482878981
9.855569120473039,10.519378194358127,0.6641640795434284,50.07588721585676,-6570.986482878981
9.855569120473039,10.519378194358127,0.6641640795434284,50.07588721585676,-6570.986482878981
9.855569120473039,10.519378194358127,0.6641640795434284,50.07588721585676,-6570.986482878981
10.084766505755667,9.149325188646932,0.6705311274488114,50.26751887471482,-6570.425688546073
10.084766505755667,9.149325188646932,0.6705311274488114,50.26751887471482,-6570.425688546073
10.084766505755667,9.149325188646932,0.6705311274488114,50.26751887471482,-6570.425688546073
10.084766505755667,9.149325188646932,0.6705311274488114,50.26751887471482,-6570.425688546073
10.131677361103993,9.140933431588563,0.8087780106734695,51.04325338557309,-6571.303775928149
10.25231977244348,5.80250990171256,0.807080013390462,50.58658882060324,-6573.477066838641
10.25231977244348,5.80250990171256,0.807080013390462,50.58658882060324,-6573.477066838641
10.466643075948598,7.285613541792937,0.7990545616124665,50.05143236695447,-6570.522929313959
10.466643075948598,7.285613541792937,0.7990545616124665,50.05143236695447,-6570.522929313959
10.466643075948598,7.285613541792937,0.7990545616124665,50.05143236695447,-6570.522929313959
10.466643075948598,7.285613541792937,0.7990545616124665,50.05143236695447,-6570.522929313959
10.466643075948598,7.285613541792937,0.7990545616124665,50.05143236695447,-6570.522929313959
10.466643075948598,7.285613541792937,0.7990545616124665,50.05143236695447,-6570.522929313959
10.466643075948598,7.285613541792937,0.7990545616124665,50.05143236695447,-6570.522929313959
10.466643075948598,7.285613541792937,0.7990545616124665,50.05143236695447,-6570.522929313959
10.466643075948598,7.285613541792937,0.7990545616124665,50.05143236695447,-6570.522929313959
10.466643075948598,7.285613541792937,0.7990545616124665,50.05143236695447,-6570.522929313959
10.466643075948598,7.285613541792937,0.7990545616124665,50.05143236695447,-6570.522929313959
9.668535057340284,8.168097947599673,0.6937444812009823,49.863097262553474,-6572.5210282345815
9.668535057340284,8.168097947599673,0.6937444812009823,49.863097262553474,-6572.5210282345815
9.726456254724043,8.466675883021582,0.8612055776564707,49.16311013126026,-6572.621981667495
9.726456254724043,8.466675883021582,0.8612055776564707,49.16311013126026,-6572.621981667495
9.726456254724043,8.466675883021582,0.8612055776564707,49.16311013126026,-6572.621981667495
9.726456254724043,8.466675883021582,0.8612055776564707,49.16311013126026,-6572.621981667495
9.726456254724043,8.466675883021582,0.8612055776564707,49.16311013126026,-6572.621981667495
9.726456254724043,8.466675883021582,0.8612055776564707,49.16311013126026,-6572.621981667495
9.726456254724043,8.466675883021582,0.8612055776564707,49.16311013126026,-6572.621981667495
9.726456254724043,8.466675883021582,0.8612055776564707,49.16311013126026,-6572.621981667495
9.726456254724043,8.466675883021582,0.8612055776564707,49.16311013126026,-6572.621981667495
9.726456254724043,8.466675883021582,0.8612055776564707,49.16311013126026,-6572.621981667495
9.726456254724043,8.466675883021582,0.8612055776564707,49.16311013126026,-6572.621981667495
9.726456254724043,8.466675883021582,0.8612055776564707,49.16311013126026,-6572.621981667495
9.726456254724043,8.466675883021582,0.8612055776564707,49.16311013126026,-6572.621981667495
9.726456254724043,8.466675883021582,0.8612055776564707,49.16311013126026,-6572.621981667495
9.726456254724043,8.466675883021582,0.8612055776564707,49.16311013126026,-6572.621981667495
9.726456254724043,8.466675883021582,0.8612055776564707,49.16311013126026,-6572.621981667495
9.726456254724043,8.466675883021582,0.8612055776564707,49.16311013126026,-6572.621981667495
9.817726621880555,9.191505297933196,0.9072788035988145,48.97670027107459,-6573.889146491056
9.77798201653894,8.594571585053016,0.9605806609778015,49.547368082757195,-6572.22135913817
9.77798201653894,8.594571585053016,0.9605806609778015,49.547368082757195,-6572.22135913817
9.77798201653894,8.594571585053016,0.9605806609778015,49.547368082757195,-6572.22135913817
9.77798201653894,8.594571585053016,0.9605806609778015,49.547368082757195,-6572.22135913817
9.532766066810684,8.931231145322922,0.9496071364974299,49.53032898419051,-6572.207882518753
9.532766066810684,8.931231145322922,0.9496071364974299,49.53032898419051,-6572.207882518753
10.032424306540525,7.7356973661355575,0.9186347975601007,49.246007342178515,-6572.556881025112
10.032424306540525,7.7356973661355575,0.9186347975601007,49.246007342178515,-6572.556881025112
10.032424306540525,7.7356973661355575,0.9186347975601007,49.246007342178515,-6572.556881025112
9.76085931464826,8.13305726588644,0.9747414696540204,49.871187488065715,-6571.605367090273
9.021642379116733,10.735480851681992,0.8978838548058423,50.19743170410409,-6571.978115768694
9.021642379116733,10.735480851681992,0.8978838548058423,50.19743170410409,-6571.978115768694
9.021642379116733,10.735480851681992,0.8978838548058423,50.19743170410409,-6571.978115768694
9.021642379116733,10.735480851681992,0.8978838548058423,50.19743170410409,-6571.978115768694
9.021642379116733,10.735480851681992,0.8978838548058423,50.19743170410409,-6571.978115768694
9.021642379116733,10.735480851681992,0.8978838548058423,50.19743170410409,-6571.978115768694
9.021642379116733,10.735480851681992,0.8978838548058423,50.19743170410409,-6571.978115768694
9.69398094746324,9.88426520719465,0.8748942944764989,49.98546584750991,-6571.56633369763
9.69398094746324,9.88426520719465,0.8748942944764989,49.98546584750991,-6571.56633369763
9.69398094746324,9.88426520719465,0.8748942944764989,49.98546584750991,-6571.56633369763
9.69398094746324,9.88426520719465,0.8748942944764989,49.98546584750991,-6571.56633369763
9.69398094746324,9.88426520719465,0.8748942944764989,49.98546584750991,-6571.56633369763
9.69398094746324,9.88426520719465,0.8748942944764989,49.98546584750991,-6571.56633369763
9.69398094746324,9.88426520719465,0.8748942944764989,49.98546584750991,-6571.56633369763
9.69398094746324,9.88426520719465,0.8748942944764989,49.98546584750991,-6571.56633369763
9.69398094746324,9.88426520719465,0.8748942944764989,49.98546584750991,-6571.56633369763
9.69398094746324,9.88426520719465,0.8748942944764989,49.98546584750991,-6571.56633369763
10.026539826047655,9.12777088759794,0.7406879961259288,50.64679910298621,-6570.300902732577
10.026539826047655,9.12777088759794,0.7406879961259288,50.64679910298621,-6570.300902732577
10.026539826047655,9.12777088759794,0.7406879961259288,50.64679910298621,-6570.300902732577
10.026539826047655,9.12777088759794,0.7406879961259288,50.64679910298621,-6570.300902732577
10.026539826047655,9.12777088759794,0.7406879961259288,50.64679910298621,-6570.300902732577
9.929063412277532,11.468546902591882,0.5270013423777465,50.170264462844216,-6572.5095483016885
9.929063412277532,11.468546902591882,0.5270013423777465,50.170264462844216,-6572.5095483016885
9.929063412277532,11.468546902591882,0.5270013423777465,50.170264462844216,-6572.5095483016885
9.929063412277532,11.468546902591882,0.5270013423777465,50.170264462844216,-6572.5095483016885
9.929063412277532,11.468546902591882,0.5270013423777465,50.170264462844216,-6572.5095483016885
9.512361784937612,12.539168476253899,0.7071269297863749,50.391215093939344,-6573.40633814966
9.512361784937612,12.539168476253899,0.7071269297863749,50.391215093939344,-6573.40633814966
8.507159833243598,14.339587218348232,0.8788463347879203,50.29830713394157,-6577.494511777486
8.269832598136613,14.426305837849076,0.9037510052620946,50.68430895122307,-6577.853313695056
7.86297777890045,17.71029119962973,0.5466109601899756,50.542073509545254,-6580.159572871051
8.39482242729528,13.073273714332108,0.6879729214953447,50.79112955580762,-6573.424059554673
8.39482242729528,13.073273714332108,0.6879729214953447,50.79112955580762,-6573.424059554673
8.39482242729528,13.073273714332108,0.6879729214953447,50.79112955580762,-6573.424059554673
8.39482242729528,13.073273714332108,0.6879729214953447,50.79112955580762,-6573.424059554673
8.39482242729528,13.073273714332108,0.6879729214953447,50.79112955580762,-6573.424059554673
8.39482242729528,13.073273714332108,0.6879729214953447,50.79112955580762,-6573.424059554673
8.39482242729528,13.073273714332108,0.6879729214953447,50.79112955580762,-6573.424059554673
9.30273211682009,8.316196816059858,0.8262081905795534,50.31644210657389,-6571.6622609925425
9.30273211682009,8.316196816059858,0.8262081905795534,50.31644210657389,-6571.6622609925425
9.182558431447697,9.146623616468284,0.9075210845262439,50.34332397169226,-6571.283675127896
9.92965656715071,9.113816359257545,0.9391029070268094,49.84146903355509,-6572.104300629611
9.92965656715071,9.113816359257545,0.9391029070268094,49.84146903355509,-6572.104300629611
9.92965656715071,9.113816359257545,0.9391029070268094,49.84146903355509,-6572.104300629611
9.92965656715071,9.113816359257545,0.9391029070268094,49.84146903355509,-6572.104300629611
9.92965656715071,9.113816359257545,0.9391029070268094,49.84146903355509,-6572.104300629611
9.92965656715071,9.113816359257545,0.9391029070268094,49.84146903355509,-6572.104300629611
9.174404381763903,9.244950200164348,0.8608089955697382,49.38631396039875,-6572.4324303433805
9.174404381763903,9.244950200164348,0.8608089955697382,49.38631396039875,-6572.4324303433805
9.174404381763903,9.244950200164348,0.8608089955697382,49.38631396039875,-6572.4324303433805
9.174404381763903,9.244950200164348,0.8608089955697382,49.38631396039875,-6572.4324303433805
10.662887099753068,6.752217197661549,0.7066164412530447,49.30959509778808,-6573.367670851853
10.662887099753068,6.752217197661549,0.7066164412530447,49.30959509778808,-6573.367670851853
10.662887099753068,6.752217197661549,0.7066164412530447,49.30959509778808,-6573.367670851853
10.662887099753068,6.752217197661549,0.7066164412530447,49.30959509778808,-6573.367670851853
10.662887099753068,6.752217197661549,0.7066164412530447,49.30959509778808,-6573.367670851853
10.76695975466902,7.889467154922472,0.835192152904803,48.89081672101937,-6574.221855859058
10.76695975466902,7.889467154922472,0.835192152904803,48.89081672101937,-6574.221855859058
10.76695975466902,7.889467154922472,0.835192152904803,48.89081672101937,-6574.221855859058
10.76695975466902,7.889467154922472,0.835192152904803,48.89081672101937,-6574.221855859058
10.76695975466902,7.889467154922472,0.835192152904803,48.89081672101937,-6574.221855859058
10.76695975466902,7.889467154922472,0.835192152904803,48.89081672101937,-6574.221855859058
10.76695975466902,7.889467154922472,0.835192152904803,48.89081672101937,-6574.221855859058
10.76695975466902,7.889467154922472,0.835192152904803,48.89081672101937,-6574.221855859058
10.76695975466902,7.889467154922472,0.835192152904803,48.89081672101937,-6574.221855859058
10.76695975466902,7.889467154922472,0.835192152904803,48.89081672101937,-6574.221855859058
9.96202757698549,8.85544670441839,0.5709755600312385,49.08308286874041,-6575.650727758849
9.96202757698549,8.85544670441839,0.5709755600312385,49.08308286874041,-6575.650727758849
9.951612121257002,11.068148901636617,0.4853613681882173,49.434934661925105,-6574.731183822734
9.951612121257002,11.068148901636617,0.4853613681882173,49.434934661925105,-6574.731183822734
9.951612121257002,11.068148901636617,0.4853613681882173,49.434934661925105,-6574.731183822734
9.951612121257002,11.068148901636617,0.4853613681882173,49.434934661925105,-6574.731183822734
8.70197263452895,12.916967211508542,0.5535820199742191,50.42322277245548,-6573.476119717093
8.70197263452895,12.916967211508542,0.5535820199742191,50.42322277245548,-6573.476119717093
8.70197263452895,12.916967211508542,0.5535820199742191,50.42322277245548,-6573.476119717093
8.70197263452895,12.916967211508542,0.5535820199742191,50.42322277245548,-6573.476119717093
9.49522046726403,11.038260942062742,0.685871913875351,49.75691173380588,-6571.578929037531
9.49522046726403,11.038260942062742,0.685871913875351,49.75691173380588,-6571.578929037531
10.192902133692838,9.441168115916103,0.8062972092498453,50.03776172180008,-6571.191271746849
10.192902133692838,9.441168115916103,0.8062972092498453,50.03776172180008,-6571.191271746849
10.192902133692838,9.441168115916103,0.8062972092498453,50.03776172180008,-6571.191271746849
10.192902133692838,9.441168115916103,0.8062972092498453,50.03776172180008,-6571.191271746849
10.192902133692838,9.441168115916103,0.8062972092498453,50.03776172180008,-6571.191271746849
11.022066388639676,9.478972224028993,0.64588133813827,50.56736159476131,-6572.223858845387
11.037144901994104,9.926460508316872,0.590065639229404,50.62182570448842,-6572.748462869447
10.764016071422603,8.779474986260816,0.7086739039157794,50.06818468139285,-6571.076186320979
10.764016071422603,8.779474986260816,0.7086739039157794,50.06818468139285,-6571.076186320979
10.764016071422603,8.779474986260816,0.7086739039157794,50.06818468139285,-6571.076186320979
10.764016071422603,8.779474986260816,0.7086739039157794,50.06818468139285,-6571.076186320979
10.764016071422603,8.779474986260816,0.7086739039157794,50.06818468139285,-6571.076186320979
10.764016071422603,8.779474986260816,0.7086739039157794,50.06818468139285,-6571.076186320979
10.764016071422603,8.779474986260816,0.7086739039157794,50.06818468139285,-6571.076186320979
11.265713821078458,8.03162746020949,0.7174347813650231,50.61504476506034,-6571.566425690307
11.265713821078458,8.03162746020949,0.7174347813650231,50.61504476506034,-6571.566425690307
11.151952881127773,8.044061077884596,0.7249732312128269,51.1918509626792,-6572.036490492468
11.151952881127773,8.044061077884596,0.7249732312128269,51.1918509626792,-6572.036490492468
11.151952881127773,8.044061077884596,0.7249732312128269,51.1918509626792,-6572.036490492468
11.151952881127773,8.044061077884596,0.7249732312128269,51.1918509626792,-6572.036490492468
11.151952881127773,8.044061077884596,0.7249732312128269,51.1918509626792,-6572.036490492468
11.151952881127773,8.044061077884596,0.7249732312128269,51.1918509626792,-6572.036490492468
10.571571602238171,10.725875897704165,0.7541446209473519,50.70401262904163,-6574.2313634248285
9.72644990677471,9.788520981342895,0.5710413065420796,50.25680216085774,-6572.054441009983
9.721981686907075,10.775551778787833,0.8094483455596064,50.411321842851024,-6571.922732441666
9.721981686907075,10.775551778787833,0.8094483455596064,50.411321842851024,-6571.922732441666
9.721981686907075,10.775551778787833,0.8094483455596064,50.411321842851024,-6571.922732441666
9.721981686907075,10.775551778787833,0.8094483455596064,50.411321842851024,-6571.922732441666
9.721981686907075,10.775551778787833,0.8094483455596064,50.411321842851024,-6571.922732441666
9.927102135141565,9.647367539497756,0.7173680623933835,50.82603667460129,-6570.63969650943
10.611428479019391,8.821707327668081,0.765618594172177,51.233015412902695,-6571.911057017382
9.687264292419874,11.056781433849407,0.6116211577740747,51.10813993060407,-6572.016296498348
9.510146270218316,10.919394360208974,0.5876488388363679,50.95915934145713,-6572.015649782688
10.264139105346686,10.640054380044827,0.6822949231096405,51.210112836253224,-6572.725689735193
10.264139105346686,10.640054380044827,0.6822949231096405,51.210112836253224,-6572.725689735193
10.264139105346686,10.640054380044827,0.6822949231096405,51.210112836253224,-6572.725689735193
10.264139105346686,10.640054380044827,0.6822949231096405,51.210112836253224,-6572.725689735193
10.264139105346686,10.640054380044827,0.6822949231096405,51.210112836253224,-6572.725689735193
10.264139105346686,10.640054380044827,0.6822949231096405,51.210112836253224,-6572.725689735193
10.264139105346686,10.640054380044827,0.6822949231096405,51.210112836253224,-6572.725689735193
10.264139105346686,10.640054380044827,0.6822949231096405,51.210112836253224,-6572.725689735193
10.264139105346686,10.640054380044827,0.6822949231096405,51.210112836253224,-6572.725689735193
10.264139105346686,10.640054380044827,0.6822949231096405,51.210112836253224,-6572.725689735193
10.264139105346686,10.640054380044827,0.6822949231096405,51.210112836253224,-6572.725689735193
10.264139105346686,10.640054380044827,0.6822949231096405,51.210112836253224,-6572.725689735193
10.264139105346686,10.640054380044827,0.6822949231096405,51.210112836253224,-6572.725689735193
10.264139105346686,10.640054380044827,0.6822949231096405,51.210112836253224,-6572.725689735193
10.264139105346686,10.640054380044827,0.6822949231096405,51.210112836253224,-6572.725689735193
10.264139105346686,10.640054380044827,0.6822949231096405,51.210112836253224,-6572.725689735193
10.264139105346686,10.640054380044827,0.6822949231096405,51.210112836253224,-6572.725689735193
10.264139105346686,10.640054380044827,0.6822949231096405,51.210112836253224,-6572.725689735193
10.264139105346686,10.640054380044827,0.6822949231096405,51.210112836253224,-6572.725689735193
10.264139105346686,10.640054380044827,0.6822949231096405,51.210112836253224,-6572.725689735193
10.264139105346686,10.640054380044827,0.6822949231096405,51.210112836253224,-6572.725689735193
10.264139105346686,10.640054380044827,0.6822949231096405,51.210112836253224,-6572.725689735193
10.264139105346686,10.640054380044827,0.6822949231096405,51.210112836253224,-6572.725689735193
9.723800265208116,10.490111280959868,0.7008947579704404,51.653104331965174,-6573.213472151991
9.723800265208116,10.490111280959868,0.7008947579704404,51.653104331965174,-6573.213472151991
8.781445708065114,11.648967949860518,0.6727309177345667,51.70653851769194,-6574.963027196923
11.238845965065208,9.118921973618843,0.5005830247026201,51.721105297888606,-6574.983970845552
11.238845965065208,9.118921973618843,0.5005830247026201,51.721105297888606,-6574.983970845552
11.238845965065208,9.118921973618843,0.5005830247026201,51.721105297888606,-6574.983970845552
11.238845965065208,9.118921973618843,0.5005830247026201,51.721105297888606,-6574.983970845552
11.238845965065208,9.118921973618843,0.5005830247026201,51.721105297888606,-6574.983970845552
11.197400133793455,11.54487890991464,0.459933931415627,51.14147704613112,-6576.525849483926
11.197400133793455,11.54487890991464,0.459933931415627,51.14147704613112,-6576.525849483926
10.73980734159914,10.449034992627638,0.6068537453393041,50.88085870201405,-6572.805772643334
10.73980734159914,10.449034992627638,0.6068537453393041,50.88085870201405,-6572.805772643334
10.595672050139587,9.633290292365974,0.5686742596731416,49.5960412284582,-6572.7007739652
10.595672050139587,9.633290292365974,0.5686742596731416,49.5960412284582,-6572.7007739652
10.595672050139587,9.633290292365974,0.5686742596731416,49.5960412284582,-6572.7007739652
10.595672050139587,9.633290292365974,0.5686742596731416,49.5960412284582,-6572.7007739652
10.595672050139587,9.633290292365974,0.5686742596731416,49.5960412284582,-6572.7007739652
10.595672050139587,9.633290292365974,0.5686742596731416,49.5960412284582,-6572.7007739652
10.62392842408641,7.942767025202614,0.6550468716964303,49.32746689701453,-6572.691863483356
10.62392842408641,7.942767025202614,0.6550468716964303,49.32746689701453,-6572.691863483356
10.62392842408641,7.942767025202614,0.6550468716964303,49.32746689701453,-6572.691863483356
9.486308146807271,8.901485231925008,0.6896704299459766,49.735911878648785,-6572.235822610099
9.486308146807271,8.901485231925008,0.6896704299459766,49.735911878648785,-6572.235822610099
9.486308146807271,8.901485231925008,0.6896704299459766,49.735911878648785,-6572.235822610099
10.053045667388142,7.735551779862255,0.7138546119258312,49.70732319430641,-6571.920709932139
10.053045667388142,7.735551779862255,0.7138546119258312,49.70732319430641,-6571.920709932139
10.053045667388142,7.735551779862255,0.7138546119258312,49.70732319430641,-6571.920709932139
10.053045667388142,7.735551779862255,0.7138546119258312,49.70732319430641,-6571.920709932139
10.053045667388142,7.735551779862255,0.7138546119258312,49.70732319430641,-6571.920709932139
9.846408710896377,9.839240139492334,0.8998618303229509,49.71712580581189,-6572.533195219732
9.846408710896377,9.839240139492334,0.8998618303229509,49.71712580581189,-6572.533195219732
9.846408710896377,9.839240139492334,0.8998618303229509,49.71712580581189,-6572.533195219732
9.846408710896377,9.839240139492334,0.8998618303229509,49.71712580581189,-6572.533195219732
9.533339738094726,9.716866251990416,0.978091929913865,49.52588368938732,-6573.2783678946325
10.92564682723704,7.799146103869829,0.9153163358678362,49.74072531024632,-6572.9863853845545
11.932971296106995,4.071320434491051,0.7809647717775291,50.021114130398914,-6573.813692550967
12.584261072225948,4.118815453501436,0.768299560053155,50.8111483248871,-6573.951533063495
12.584261072225948,4.118815453501436,0.768299560053155,50.8111483248871,-6573.951533063495
12.584261072225948,4.118815453501436,0.768299560053155,50.8111483248871,-6573.951533063495
12.584261072225948,4.118815453501436,0.768299560053155,50.8111483248871,-6573.951533063495
12.7438253719596,5.266916072389133,0.6429382183574643,50.60436333839082,-6574.290747879094
12.7438253719596,5.266916072389133,0.6429382183574643,50.60436333839082,-6574.290747879094
12.7438253719596,5.266916072389133,0.6429382183574643,50.60436333839082,-6574.290747879094
12.7438253719596,5.266916072389133,0.6429382183574643,50.60436333839082,-6574.290747879094
11.288673614786397,4.102239689625174,0.9276544506675948,51.47841194952606,-6575.048715458397
11.288673614786397,4.102239689625174,0.9276544506675948,51.47841194952606,-6575.048715458397
11.288673614786397,4.102239689625174,0.9276544506675948,51.47841194952606,-6575.048715458397
11.031207047477356,6.438767907809689,0.8469651742856539,51.37725776835764,-6572.2758501715325
11.031207047477356,6.438767907809689,0.8469651742856539,51.37725776835764,-6572.2758501715325
11.031207047477356,6.438767907809689,0.8469651742856539,51.37725776835764,-6572.2758501715325
10.427568770440537,8.30413400215723,0.8940209430359888,51.17860753830611,-6572.2619261680775
10.427568770440537,8.30413400215723,0.8940209430359888,51.17860753830611,-6572.2619261680775
10.830626698018433,9.289990754967242,0.8342531600225381,50.53780471769239,-6573.445691721752
10.948610686197137,6.640387803930141,0.8279962024086671,49.49725212724593,-6571.936968067017
10.948610686197137,6.640387803930141,0.8279962024086671,49.49725212724593,-6571.936968067017
10.948610686197137,6.640387803930141,0.8279962024086671,49.49725212724593,-6571.936968067017
10.045172069123504,8.983128062220713,0.8740035615828093,50.587230770949546,-6571.064596601089
9.58288268547607,9.729568618338794,0.8045928732488961,50.356415267361356,-6570.5252306262155
9.720017179219463,8.602178507510992,0.770851152522855,50.046658752945746,-6570.607846193161
9.720017179219463,8.602178507510992,0.770851152522855,50.046658752945746,-6570.607846193161
9.720017179219463,8.602178507510992,0.770851152522855,50.046658752945746,-6570.607846193161
9.720017179219463,8.602178507510992,0.770851152522855,50.046658752945746,-6570.607846193161
9.720017179219463,8.602178507510992,0.770851152522855,50.046658752945746,-6570.607846193161
9.720017179219463,8.602178507510992,0.770851152522855,50.046658752945746,-6570.607846193161
9.82546633506999,7.836182786992857,0.739510841981928,49.88314497406706,-6571.748548897093
9.82546633506999,7.836182786992857,0.739510841981928,49.88314497406706,-6571.748548897093
9.82546633506999,7.836182786992857,0.739510841981928,49.88314497406706,-6571.748548897093
10.109793505229165,7.84483075704439,0.8938537854159511,49.88661627469999,-6570.893586975121
9.96563653851829,6.602093496573053,0.8825373217927343,49.982103285468504,-6572.066381149925
9.420652738760193,10.145408026286749,0.6895196764295153,49.764684396805144,-6571.296281757243
9.420652738760193,10.145408026286749,0.6895196764295153,49.764684396805144,-6571.296281757243
9.420652738760193,10.145408026286749,0.6895196764295153,49.764684396805144,-6571.296281757243
9.420652738760193,10.145408026286749,0.6895196764295153,49.764684396805144,-6571.296281757243
8.830552194443598,11.09620579139502,0.7910998558395264,50.01691982031474,-6571.6221213485915
8.830552194443598,11.09620579139502,0.7910998558395264,50.01691982031474,-6571.6221213485915
8.830552194443598,11.09620579139502,0.7910998558395264,50.01691982031474,-6571.6221213485915
8.830552194443598,11.09620579139502,0.7910998558395264,50.01691982031474,-6571.6221213485915
8.830552194443598,11.09620579139502,0.7910998558395264,50.01691982031474,-6571.6221213485915
8.830552194443598,11.09620579139502,0.7910998558395264,50.01691982031474,-6571.6221213485915
8.830552194443598,11.09620579139502,0.7910998558395264,50.01691982031474,-6571.6221213485915
8.830552194443598,11.09620579139502,0.7910998558395264,50.01691982031474,-6571.6221213485915
8.830552194443598,11.09620579139502,0.7910998558395264,50.01691982031474,-6571.6221213485915
8.830552194443598,11.09620579139502,0.7910998558395264,50.01691982031474,-6571.6221213485915
8.830552194443598,11.09620579139502,0.7910998558395264,50.01691982031474,-6571.6221213485915
8.830552194443598,11.09620579139502,0.7910998558395264,50.01691982031474,-6571.6221213485915
8.830552194443598,11.09620579139502,0.7910998558395264,50.01691982031474,-6571.6221213485915
8.830552194443598,11.09620579139502,0.7910998558395264,50.01691982031474,-6571.6221213485915
8.830552194443598,11.09620579139502,0.7910998558395264,50.01691982031474,-6571.6221213485915
9.643461703748013,12.659017832934152,0.5549717242365035,50.153744751444584,-6573.26164793745
9.795941391187162,11.197197752472029,0.5489334155529658,50.94080462780684,-6572.28501157647
9.795941391187162,11.197197752472029,0.5489334155529658,50.94080462780684,-6572.28501157647
9.795941391187162,11.197197752472029,0.5489334155529658,50.94080462780684,-6572.28501157647
9.795941391187162,11.197197752472029,0.5489334155529658,50.94080462780684,-6572.28501157647
9.795941391187162,11.197197752472029,0.5489334155529658,50.94080462780684,-6572.28501157647
9.494011715837498,9.693620545061346,0.6111340073828777,51.182188149993884,-6572.975117595104
9.494011715837498,9.693620545061346,0.6111340073828777,51.182188149993884,-6572.975117595104
9.494011715837498,9.693620545061346,0.6111340073828777,51.182188149993884,-6572.975117595104
9.494011715837498,9.693620545061346,0.6111340073828777,51.182188149993884,-6572.975117595104
9.494011715837498,9.693620545061346,0.6111340073828777,51.182188149993884,-6572.975117595104
9.494011715837498,9.693620545061346,0.6111340073828777,51.182188149993884,-6572.975117595104
9.494011715837498,9.693620545061346,0.6111340073828777,51.182188149993884,-6572.975117595104
9.844880489810267,10.376962078086578,0.6781495012112154,51.32735633383479,-6572.047770948816
9.844880489810267,10.376962078086578,0.6781495012112154,51.32735633383479,-6572.047770948816
9.844880489810267,10.376962078086578,0.6781495012112154,51.32735633383479,-6572.047770948816
9.844880489810267,10.376962078086578,0.6781495012112154,51.32735633383479,-6572.047770948816
9.844880489810267,10.376962078086578,0.6781495012112154,51.32735633383479,-6572.047770948816
9.844880489810267,10.376962078086578,0.6781495012112154,51.32735633383479,-6572.047770948816
9.844880489810267,10.376962078086578,0.6781495012112154,51.32735633383479,-6572.047770948816
9.312137078356226,12.24438845600271,0.8081791582082309,51.00716004025694,-6574.2615027798565
9.312137078356226,12.24438845600271,0.8081791582082309,51.00716004025694,-6574.2615027798565
9.312137078356226,12.24438845600271,0.8081791582082309,51.00716004025694,-6574.2615027798565
9.815491164614732,12.038562859559962,0.8478071459276104,50.631076736802015,-6575.864475092021
9.815491164614732,12.038562859559962,0.8478071459276104,50.631076736802015,-6575.864475092021
9.815491164614732,12.038562859559962,0.8478071459276104,50.631076736802015,-6575.864475092021
9.815491164614732,12.038562859559962,0.8478071459276104,50.631076736802015,-6575.864475092021
8.933805310793833,12.262993681816157,0.8937577717781401,51.08947959688587,-6575.050816527964
8.933805310793833,12.262993681816157,0.8937577717781401,51.08947959688587,-6575.050816527964
7.992265135430304,12.893454931266294,0.8745222013045675,51.12565327879621,-6575.593350868616
7.992265135430304,12.893454931266294,0.8745222013045675,51.12565327879621,-6575.593350868616
7.992265135430304,12.893454931266294,0.8745222013045675,51.12565327879621,-6575.593350868616
7.992265135430304,12.893454931266294,0.8745222013045675,51.12565327879621,-6575.593350868616
7.992265135430304,12.893454931266294,0.8745222013045675,51.12565327879621,-6575.593350868616
7.992265135430304,12.893454931266294,0.8745222013045675,51.12565327879621,-6575.593350868616
7.992265135430304,12.893454931266294,0.8745222013045675,51.12565327879621,-6575.593350868616
7.992265135430304,12.893454931266294,0.8745222013045675,51.12565327879621,-6575.593350868616
7.992265135430304,12.893454931266294,0.8745222013045675,51.12565327879621,-6575.593350868616
7.992265135430304,12.893454931266294,0.8745222013045675,51.12565327879621,-6575.593350868616
7.992265135430304,12.893454931266294,0.8745222013045675,51.12565327879621,-6575.593350868616
7.992265135430304,12.893454931266294,0.8745222013045675,51.12565327879621,-6575.593350868616
7.992265135430304,12.893454931266294,0.8745222013045675,51.12565327879621,-6575.593350868616
7.469415604772719,12.92621791382428,0.897182724781847,49.94699399110177,-6576.1374414828315
7.469415604772719,12.92621791382428,0.897182724781847,49.94699399110177,-6576.1374414828315
7.469415604772719,12.92621791382428,0.897182724781847,49.94699399110177,-6576.1374414828315
8.004797355995501,11.262303001710325,0.7293176265603136,49.95508587571214,-6575.097042979371
8.004797355995501,11.262303001710325,0.7293176265603136,49.95508587571214,-6575.097042979371
8.004797355995501,11.262303001710325,0.7293176265603136,49.95508587571214,-6575.097042979371
8.420007358470986,11.617955209686682,0.946122023463815,51.03726224732307,-6574.490148894734
8.420007358470986,11.617955209686682,0.946122023463815,51.03726224732307,-6574.490148894734
8.420007358470986,11.617955209686682,0.946122023463815,51.03726224732307,-6574.490148894734
9.253409372804454,10.741827888316383,0.6483980651143586,51.16989271533122,-6572.2839758447935
9.517521489271227,8.976140936981727,0.7105914369315763,50.85066407149098,-6571.491672030752
9.517521489271227,8.976140936981727,0.7105914369315763,50.85066407149098,-6571.491672030752
9.826512785947097,12.117248398044245,0.6537254099775465,50.2221029388497,-6573.0095565692545
9.826512785947097,12.117248398044245,0.6537254099775465,50.2221029388497,-6573.0095565692545
9.421617247536043,11.707262894927249,0.7517563896219495,51.27460674695378,-6573.385708131671
9.421617247536043,11.707262894927249,0.7517563896219495,51.27460674695378,-6573.385708131671
9.421617247536043,11.707262894927249,0.7517563896219495,51.27460674695378,-6573.385708131671
9.421617247536043,11.707262894927249,0.7517563896219495,51.27460674695378,-6573.385708131671
9.16667125620857,9.82556391289741,0.8689699758820033,51.54219542069944,-6573.5351460455095
9.16667125620857,9.82556391289741,0.8689699758820033,51.54219542069944,-6573.5351460455095
9.16667125620857,9.82556391289741,0.8689699758820033,51.54219542069944,-6573.5351460455095
9.16667125620857,9.82556391289741,0.8689699758820033,51.54219542069944,-6573.5351460455095
9.16667125620857,9.82556391289741,0.8689699758820033,51.54219542069944,-6573.5351460455095
9.16667125620857,9.82556391289741,0.8689699758820033,51.54219542069944,-6573.5351460455095
9.16667125620857,9.82556391289741,0.8689699758820033,51.54219542069944,-6573.5351460455095
9.16667125620857,9.82556391289741,0.8689699758820033,51.54219542069944,-6573.5351460455095
9.16667125620857,9.82556391289741,0.8689699758820033,51.54219542069944,-6573.5351460455095
9.16667125620857,9.82556391289741,0.8689699758820033,51.54219542069944,-6573.5351460455095
9.16667125620857,9.82556391289741,0.8689699758820033,51.54219542069944,-6573.5351460455095
9.16667125620857,9.82556391289741,0.8689699758820033,51.54219542069944,-6573.5351460455095
9.16667125620857,9.82556391289741,0.8689699758820033,51.54219542069944,-6573.5351460455095
9.16667125620857,9.82556391289741,0.8689699758820033,51.54219542069944,-6573.5351460455095
9.16667125620857,9.82556391289741,0.8689699758820033,51.54219542069944,-6573.5351460455095
9.16667125620857,9.82556391289741,0.8689699758820033,51.54219542069944,-6573.5351460455095
9.16667125620857,9.82556391289741,0.8689699758820033,51.54219542069944,-6573.5351460455095
9.16667125620857,9.82556391289741,0.8689699758820033,51.54219542069944,-6573.5351460455095
9.736823327853772,10.1512741166239,0.6127626380586404,50.455993115361274,-6571.042857134114
9.736823327853772,10.1512741166239,0.6127626380586404,50.455993115361274,-6571.042857134114
9.736823327853772,10.1512741166239,0.6127626380586404,50.455993115361274,-6571.042857134114
10.481041698885011,8.855380406366859,0.7728628246364943,50.49987139843561,-6570.720129487141
10.481041698885011,8.855380406366859,0.7728628246364943,50.49987139843561,-6570.720129487141
10.481041698885011,8.855380406366859,0.7728628246364943,50.49987139843561,-6570.720129487141
10.481041698885011,8.855380406366859,0.7728628246364943,50.49987139843561,-6570.720129487141
10.481041698885011,8.855380406366859,0.7728628246364943,50.49987139843561,-6570.720129487141
10.481041698885011,8.855380406366859,0.7728628246364943,50.49987139843561,-6570.720129487141
10.481041698885011,8.855380406366859,0.7728628246364943,50.49987139843561,-6570.720129487141
10.481041698885011,8.855380406366859,0.7728628246364943,50.49987139843561,-6570.720129487141
9.99329108913492,8.207756075909916,0.8326048188038244,49.887801950666045,-6570.608289021144
10.664338124460945,7.191533899313169,0.7013391917096135,49.931864516204804,-6571.219778863511
10.664338124460945,7.191533899313169,0.7013391917096135,49.931864516204804,-6571.219778863511
10.664338124460945,7.191533899313169,0.7013391917096135,49.931864516204804,-6571.219778863511
10.664338124460945,7.191533899313169,0.7013391917096135,49.931864516204804,-6571.219778863511
10.664338124460945,7.191533899313169,0.7013391917096135,49.931864516204804,-6571.219778863511
10.664338124460945,7.191533899313169,0.7013391917096135,49.931864516204804,-6571.219778863511
10.664338124460945,7.191533899313169,0.7013391917096135,49.931864516204804,-6571.219778863511
10.399929890554647,7.600227365059542,0.853233639856599,49.170346516910136,-6572.5712399074555
9.846940079880504,8.216923639109785,0.814639853831146,48.79860254546896,-6574.185248513433
10.657618695496216,9.01842379569407,0.7470982830643329,48.82780544145952,-6574.743169933884
10.657618695496216,9.01842379569407,0.7470982830643329,48.82780544145952,-6574.743169933884
10.657618695496216,9.01842379569407,0.7470982830643329,48.82780544145952,-6574.743169933884
9.98556086021341,8.693517068776432,0.8571924317714643,48.63388246732148,-6574.904218372871
9.645238185646217,7.4987950769878235,0.9963555512569864,48.915346422563005,-6574.750941450962
9.645238185646217,7.4987950769878235,0.9963555512569864,48.915346422563005,-6574.750941450962
9.645238185646217,7.4987950769878235,0.9963555512569864,48.915346422563005,-6574.750941450962
9.645238185646217,7.4987950769878235,0.9963555512569864,48.915346422563005,-6574.750941450962
8.887808450649022,9.83152043812779,0.8405793208851003,49.98133169143994,-6571.664453464856
10.008222150041977,8.022953875445845,0.6955616664663214,49.40794347454465,-6572.698770338931
10.008222150041977,8.022953875445845,0.6955616664663214,49.40794347454465,-6572.698770338931
10.008222150041977,8.022953875445845,0.6955616664663214,49.40794347454465,-6572.698770338931
10.225259334737789,7.452095112467775,0.724920840869663,50.09836200767274,-6571.136864923949
10.225259334737789,7.452095112467775,0.724920840869663,50.09836200767274,-6571.136864923949
10.225259334737789,7.452095112467775,0.724920840869663,50.09836200767274,-6571.136864923949
10.225259334737789,7.452095112467775,0.724920840869663,50.09836200767274,-6571.136864923949
10.225259334737789,7.452095112467775,0.724920840869663,50.09836200767274,-6571.136864923949
10.225259334737789,7.452095112467775,0.724920840869663,50.09836200767274,-6571.136864923949
10.225259334737789,7.452095112467775,0.724920840869663,50.09836200767274,-6571.136864923949
11.783422673830264,7.518266624013249,0.7134494589279669,50.67102192166511,-6572.7805352907835
10.803431572131839,8.57662671519387,0.8507477365874238,50.370726303611654,-6572.192780828056
10.803431572131839,8.57662671519387,0.8507477365874238,50.370726303611654,-6572.192780828056
10.682705356781273,6.684263635077244,0.9264770505750262,51.50980773529615,-6573.011327882421
10.682705356781273,6.684263635077244,0.9264770505750262,51.50980773529615,-6573.011327882421
11.177921499524713,4.763881574864456,0.9701884527682902,51.10727931618948,-6573.201877813997
11.177921499524713,4.763881574864456,0.9701884527682902,51.10727931618948,-6573.201877813997
11.177921499524713,4.763881574864456,0.9701884527682902,51.10727931618948,-6573.201877813997
11.177921499524713,4.763881574864456,0.9701884527682902,51.10727931618948,-6573.201877813997
11.177921499524713,4.763881574864456,0.9701884527682902,51.10727931618948,-6573.201877813997
11.177921499524713,4.763881574864456,0.9701884527682902,51.10727931618948,-6573.201877813997
11.177921499524713,4.763881574864456,0.9701884527682902,51.10727931618948,-6573.201877813997
11.177921499524713,4.763881574864456,0.9701884527682902,51.10727931618948,-6573.201877813997
11.177921499524713,4.763881574864456,0.9701884527682902,51.10727931618948,-6573.201877813997
11.14568349566182,3.9721467753514164,0.997008996335658,51.08604876144064,-6574.515057747638
11.14568349566182,3.9721467753514164,0.997008996335658,51.08604876144064,-6574.515057747638
11.689664232706704,5.827918708393559,0.8816238971545378,50.83847744179367,-6572.533715360989
11.689664232706704,5.827918708393559,0.8816238971545378,50.83847744179367,-6572.533715360989
11.689664232706704,5.827918708393559,0.8816238971545378,50.83847744179367,-6572.533715360989
11.689664232706704,5.827918708393559,0.8816238971545378,50.83847744179367,-6572.533715360989
12.147321921262776,3.825397151271546,0.8285104090865233,50.71442640303597,-6573.578927492623
12.147321921262776,3.825397151271546,0.8285104090865233,50.71442640303597,-6573.578927492623
12.147321921262776,3.825397151271546,0.8285104090865233,50.71442640303597,-6573.578927492623
12.147321921262776,3.825397151271546,0.8285104090865233,50.71442640303597,-6573.578927492623
12.147321921262776,3.825397151271546,0.8285104090865233,50.71442640303597,-6573.578927492623
12.033797257977886,3.029844734075359,0.8465155232300104,51.484919116636476,-6576.648053544028
12.368569314893987,4.146445291001516,1.0928704968260607,50.91169839755637,-6576.9970023246515
12.368569314893987,4.146445291001516,1.0928704968260607,50.91169839755637,-6576.9970023246515
12.188078804546276,4.615379639035836,0.8836025802371148,49.99570098468782,-6573.547217701711
12.188078804546276,4.615379639035836,0.8836025802371148,49.99570098468782,-6573.547217701711
12.188078804546276,4.615379639035836,0.8836025802371148,49.99570098468782,-6573.547217701711
12.406130073588466,5.993288598712072,0.7249522133500822,50.76979244595376,-6573.636719063234
12.406130073588466,5.993288598712072,0.7249522133500822,50.76979244595376,-6573.636719063234
12.38935042514,6.469660958233392,0.6232190915299785,50.38422695769622,-6573.681548653305
12.228438178340731,5.11882804058016,0.6102352592306227,50.14957653933252,-6574.382453671639
12.228438178340731,5.11882804058016,0.6102352592306227,50.14957653933252,-6574.382453671639
11.862196119080824,4.992097423995609,0.7440046600785858,50.65280108242762,-6572.43365444493
11.862196119080824,4.992097423995609,0.7440046600785858,50.65280108242762,-6572.43365444493
11.862196119080824,4.992097423995609,0.7440046600785858,50.65280108242762,-6572.43365444493
11.585164426367255,6.085645474440112,0.6338666953302798,51.17587967007807,-6573.077095529154
11.585164426367255,6.085645474440112,0.6338666953302798,51.17587967007807,-6573.077095529154
11.585164426367255,6.085645474440112,0.6338666953302798,51.17587967007807,-6573.077095529154
12.236124303883745,6.0668014754010215,0.6835139801141716,51.032640784882375,-6573.235513920573
12.236124303883745,6.0668014754010215,0.6835139801141716,51.032640784882375,-6573.235513920573
12.236124303883745,6.0668014754010215,0.6835139801141716,51.032640784882375,-6573.235513920573
12.236124303883745,6.0668014754010215,0.6835139801141716,51.032640784882375,-6573.235513920573
12.236124303883745,6.0668014754010215,0.6835139801141716,51.032640784882375,-6573.235513920573
12.236124303883745,6.0668014754010215,0.6835139801141716,51.032640784882375,-6573.235513920573
12.236124303883745,6.0668014754010215,0.6835139801141716,51.032640784882375,-6573.235513920573
12.236124303883745,6.0668014754010215,0.6835139801141716,51.032640784882375,-6573.235513920573
12.236124303883745,6.0668014754010215,0.6835139801141716,51.032640784882375,-6573.235513920573
12.236124303883745,6.0668014754010215,0.6835139801141716,51.032640784882375,-6573.235513920573
12.236124303883745,6.0668014754010215,0.6835139801141716,51.032640784882375,-6573.235513920573
10.351426653277786,9.013183373474245,0.6918322942380547,51.34072348204237,-6571.657553096009
10.351426653277786,9.013183373474245,0.6918322942380547,51.34072348204237,-6571.657553096009
10.351426653277786,9.013183373474245,0.6918322942380547,51.34072348204237,-6571.657553096009
10.351426653277786,9.013183373474245,0.6918322942380547,51.34072348204237,-6571.657553096009
10.351426653277786,9.013183373474245,0.6918322942380547,51.34072348204237,-6571.657553096009
10.565265050360372,8.156336201884184,0.8593857101338256,50.89782530027218,-6571.418568611913
10.565265050360372,8.156336201884184,0.8593857101338256,50.89782530027218,-6571.418568611913
10.565265050360372,8.156336201884184,0.8593857101338256,50.89782530027218,-6571.418568611913
10.565265050360372,8.156336201884184,0.8593857101338256,50.89782530027218,-6571.418568611913
10.565265050360372,8.156336201884184,0.8593857101338256,50.89782530027218,-6571.418568611913
10.565265050360372,8.156336201884184,0.8593857101338256,50.89782530027218,-6571.418568611913
10.565265050360372,8.156336201884184,0.8593857101338256,50.89782530027218,-6571.418568611913
10.565265050360372,8.156336201884184,0.8593857101338256,50.89782530027218,-6571.418568611913
10.565265050360372,8.156336201884184,0.8593857101338256,50.89782530027218,-6571.418568611913
10.565265050360372,8.156336201884184,0.8593857101338256,50.89782530027218,-6571.418568611913
10.565265050360372,8.156336201884184,0.8593857101338256,50.89782530027218,-6571.418568611913
10.565265050360372,8.156336201884184,0.8593857101338256,50.89782530027218,-6571.418568611913
8.723502852213427,8.284549838850486,0.8888765272655715,50.092492010147616,-6574.365698429299
8.723502852213427,8.284549838850486,0.8888765272655715,50.092492010147616,-6574.365698429299
10.170528447614466,6.912265343809953,0.8019648585951344,50.362421838210835,-6571.190510986252
10.170528447614466,6.912265343809953,0.8019648585951344,50.362421838210835,-6571.190510986252
10.170528447614466,6.912265343809953,0.8019648585951344,50.362421838210835,-6571.190510986252
10.170528447614466,6.912265343809953,0.8019648585951344,50.362421838210835,-6571.190510986252
10.170528447614466,6.912265343809953,0.8019648585951344,50.362421838210835,-6571.190510986252
9.768051737437798,6.902609244049579,0.7765132583637098,50.41542583085384,-6573.166900914529
8.65363380174874,9.811293131316186,0.7972922398456231,49.88657624630307,-6572.84097743268
8.65363380174874,9.811293131316186,0.7972922398456231,49.88657624630307,-6572.84097743268
8.65363380174874,9.811293131316186,0.7972922398456231,49.88657624630307,-6572.84097743268
8.65363380174874,9.811293131316186,0.7972922398456231,49.88657624630307,-6572.84097743268
8.65363380174874,9.811293131316186,0.7972922398456231,49.88657624630307,-6572.84097743268
8.64840359139476,11.504450055353503,0.9401610777594734,49.778290379635486,-6573.608684468814
8.64840359139476,11.504450055353503,0.9401610777594734,49.778290379635486,-6573.608684468814
10.041250394857272,7.679526226742707,1.052784793908529,50.05834024991932,-6572.402335707915
10.041250394857272,7.679526226742707,1.052784793908529,50.05834024991932,-6572.402335707915
10.041250394857272,7.679526226742707,1.052784793908529,50.05834024991932,-6572.402335707915
10.331136205559446,6.998502544638184,1.0789318466387694,50.339450319648236,-6572.685116715274
10.331136205559446,6.998502544638184,1.0789318466387694,50.339450319648236,-6572.685116715274
10.331136205559446,6.998502544638184,1.0789318466387694,50.339450319648236,-6572.685116715274
10.331136205559446,6.998502544638184,1.0789318466387694,50.339450319648236,-6572.685116715274
9.739847962071394,7.626033361166483,0.9710406145660991,50.83551308756106,-6571.780908140585
10.055770384036336,7.221353980591146,0.7871645316938274,51.47507841162526,-6573.123402064704
10.055770384036336,7.221353980591146,0.7871645316938274,51.47507841162526,-6573.123402064704
10.16614935267375,7.246874763644948,0.9075859907723939,51.69315143249877,-6573.558995604404
10.16614935267375,7.246874763644948,0.9075859907723939,51.69315143249877,-6573.558995604404
10.16614935267375,7.246874763644948,0.9075859907723939,51.69315143249877,-6573.558995604404
10.16614935267375,7.246874763644948,0.9075859907723939,51.69315143249877,-6573.558995604404
10.16614935267375,7.246874763644948,0.9075859907723939,51.69315143249877,-6573.558995604404
10.16614935267375,7.246874763644948,0.9075859907723939,51.69315143249877,-6573.558995604404
10.16614935267375,7.246874763644948,0.9075859907723939,51.69315143249877,-6573.558995604404
10.179882128666664,5.692648242266017,0.8890605922331906,51.40713027367287,-6574.831076427472
9.76423528959009,7.38126468986506,0.9507018423195246,51.230970991331915,-6572.661248163093
9.76423528959009,7.38126468986506,0.9507018423195246,51.230970991331915,-6572.661248163093
9.76423528959009,7.38126468986506,0.9507018423195246,51.230970991331915,-6572.661248163093
8.726726547988441,10.008512542726274,0.8933508560682601,50.299565517377324,-6571.990362507811
8.546894298043338,11.223302118051631,0.8375486868149202,50.38195752387002,-6572.18365798805
9.832987496876704,9.962738240102775,0.8168470861176774,50.83240488092758,-6571.420334907196
9.832987496876704,9.962738240102775,0.8168470861176774,50.83240488092758,-6571.420334907196
9.832987496876704,9.962738240102775,0.8168470861176774,50.83240488092758,-6571.420334907196
10.300573761076295,10.870453985116407,0.6755593007823559,50.45329004616577,-6572.288891830433
8.811875187643675,9.457838357724382,0.9024381750326657,50.103090873307664,-6572.075170341187
8.811875187643675,9.457838357724382,0.9024381750326657,50.103090873307664,-6572.075170341187
8.811875187643675,9.457838357724382,0.9024381750326657,50.103090873307664,-6572.075170341187
8.238729324462096,8.751580444612632,0.8718330438343992,50.38886594401883,-6576.988118252406
8.238729324462096,8.751580444612632,0.8718330438343992,50.38886594401883,-6576.988118252406
8.668369265898116,10.247662207775116,1.144306116582319,49.438575176354426,-6576.138214115436
8.668369265898116,10.247662207775116,1.144306116582319,49.438575176354426,-6576.138214115436
8.668369265898116,10.247662207775116,1.144306116582319,49.438575176354426,-6576.138214115436
8.58825846674701,9.335189784154636,1.1566031851325278,49.178593607916646,-6576.668390714683
8.58825846674701,9.335189784154636,1.1566031851325278,49.178593607916646,-6576.668390714683
8.488060548715556,9.982087205784612,1.0641718428085798,48.8391998267823,-6577.051912145893
8.488060548715556,9.982087205784612,1.0641718428085798,48.8391998267823,-6577.051912145893
8.488060548715556,9.982087205784612,1.0641718428085798,48.8391998267823,-6577.051912145893
8.458413251350558,11.871476393247194,0.9772847901166126,48.87616913400679,-6577.0464558317035
8.458413251350558,11.871476393247194,0.9772847901166126,48.87616913400679,-6577.0464558317035
8.458413251350558,11.871476393247194,0.9772847901166126,48.87616913400679,-6577.0464558317035
8.458413251350558,11.871476393247194,0.9772847901166126,48.87616913400679,-6577.0464558317035
9.018166886200676,10.605948289563196,1.0041448046828105,48.85081606509665,-6576.270032911402
9.018166886200676,10.605948289563196,1.0041448046828105,48.85081606509665,-6576.270032911402
9.018166886200676,10.605948289563196,1.0041448046828105,48.85081606509665,-6576.270032911402
9.018166886200676,10.605948289563196,1.0041448046828105,48.85081606509665,-6576.270032911402
7.725278961878975,10.69593539974559,1.0964192290750434,49.22881168138769,-6578.391884879013
7.725278961878975,10.69593539974559,1.0964192290750434,49.22881168138769,-6578.391884879013
7.725278961878975,10.69593539974559,1.0964192290750434,49.22881168138769,-6578.391884879013
7.725278961878975,10.69593539974559,1.0964192290750434,49.22881168138769,-6578.391884879013
7.383434447667425,11.411215549663217,0.9487045479952343,49.385437057202594,-6578.710017947025
7.918396192894038,14.30370037672023,0.8174198154763322,49.83961473755359,-6575.885017566998
7.990943307836559,14.689987043302095,0.6888828642325753,49.75382510001135,-6575.639103439942
7.990943307836559,14.689987043302095,0.6888828642325753,49.75382510001135,-6575.639103439942
7.990943307836559,14.689987043302095,0.6888828642325753,49.75382510001135,-6575.639103439942
7.790330187595703,15.734703797492243,0.6545736472502351,49.38736547377363,-6578.0341506803325
7.790330187595703,15.734703797492243,0.6545736472502351,49.38736547377363,-6578.0341506803325
7.790330187595703,15.734703797492243,0.6545736472502351,49.38736547377363,-6578.0341506803325
7.790330187595703,15.734703797492243,0.6545736472502351,49.38736547377363,-6578.0341506803325
7.790330187595703,15.734703797492243,0.6545736472502351,49.38736547377363,-6578.0341506803325
7.827696737008379,15.321074292665905,0.4846720826302574,50.54327898046805,-6577.8345887747355
7.827696737008379,15.321074292665905,0.4846720826302574,50.54327898046805,-6577.8345887747355
7.827696737008379,15.321074292665905,0.4846720826302574,50.54327898046805,-6577.8345887747355
7.827696737008379,15.321074292665905,0.4846720826302574,50.54327898046805,-6577.8345887747355
8.28602869203059,12.415665901018054,0.5037097289420788,50.16397604751599,-6577.049180347414
7.558643806753709,14.39397885756622,0.5805316173765221,50.538698407698654,-6577.1627415739395
10.72461456691747,10.667078291817173,0.4271703836800713,50.471228919745975,-6574.377575798764
10.72461456691747,10.667078291817173,0.4271703836800713,50.471228919745975,-6574.377575798764
10.72461456691747,10.667078291817173,0.4271703836800713,50.471228919745975,-6574.377575798764
10.72461456691747,10.667078291817173,0.4271703836800713,50.471228919745975,-6574.377575798764
10.72461456691747,10.667078291817173,0.4271703836800713,50.471228919745975,-6574.377575798764
10.72461456691747,10.667078291817173,0.4271703836800713,50.471228919745975,-6574.377575798764
10.72461456691747,10.667078291817173,0.4271703836800713,50.471228919745975,-6574.377575798764
10.72461456691747,10.667078291817173,0.4271703836800713,50.471228919745975,-6574.377575798764
9.189601258777383,12.329773032656655,0.45947808595981,50.067733113361456,-6574.806367819374
9.259436622634464,10.707609245262914,0.8556689235945567,50.28672458289055,-6571.597732520317
9.370169624929774,7.800236209935957,1.0031625118879672,50.79851805510789,-6572.527330298026
10.128322389892027,7.924771735887983,0.6838844462910086,51.37584609200252,-6572.665994084009
11.283651982820263,8.762874980294495,0.6684392880281548,50.42687754558667,-6572.229824579157
9.872543945240132,8.820638753237265,0.7877053965411374,50.50447188210692,-6570.232025563089
9.872543945240132,8.820638753237265,0.7877053965411374,50.50447188210692,-6570.232025563089
9.872543945240132,8.820638753237265,0.7877053965411374,50.50447188210692,-6570.232025563089
9.872543945240132,8.820638753237265,0.7877053965411374,50.50447188210692,-6570.232025563089
9.872543945240132,8.820638753237265,0.7877053965411374,50.50447188210692,-6570.232025563089
9.872543945240132,8.820638753237265,0.7877053965411374,50.50447188210692,-6570.232025563089
9.872543945240132,8.820638753237265,0.7877053965411374,50.50447188210692,-6570.232025563089
9.872543945240132,8.820638753237265,0.7877053965411374,50.50447188210692,-6570.232025563089
9.872543945240132,8.820638753237265,0.7877053965411374,50.50447188210692,-6570.232025563089
9.872543945240132,8.820638753237265,0.7877053965411374,50.50447188210692,-6570.232025563089
9.872543945240132,8.820638753237265,0.7877053965411374,50.50447188210692,-6570.232025563089
9.872543945240132,8.820638753237265,0.7877053965411374,50.50447188210692,-6570.232025563089
9.872543945240132,8.820638753237265,0.7877053965411374,50.50447188210692,-6570.232025563089
9.872543945240132,8.820638753237265,0.7877053965411374,50.50447188210692,-6570.232025563089
9.872543945240132,8.820638753237265,0.7877053965411374,50.50447188210692,-6570.232025563089
9.872543945240132,8.820638753237265,0.7877053965411374,50.50447188210692,-6570.232025563089
9.872543945240132,8.820638753237265,0.7877053965411374,50.50447188210692,-6570.232025563089
9.872543945240132,8.820638753237265,0.7877053965411374,50.50447188210692,-6570.232025563089
9.872543945240132,8.820638753237265,0.7877053965411374,50.50447188210692,-6570.232025563089
9.872543945240132,8.820638753237265,0.7877053965411374,50.50447188210692,-6570.232025563089
9.872543945240132,8.820638753237265,0.7877053965411374,50.50447188210692,-6570.232025563089
9.872543945240132,8.820638753237265,0.7877053965411374,50.50447188210692,-6570.232025563089
9.872543945240132,8.820638753237265,0.7877053965411374,50.50447188210692,-6570.232025563089
9.872543945240132,8.820638753237265,0.7877053965411374,50.50447188210692,-6570.232025563089
9.872543945240132,8.820638753237265,0.7877053965411374,50.50447188210692,-6570.232025563089
9.872543945240132,8.820638753237265,0.7877053965411374,50.50447188210692,-6570.232025563089
9.872543945240132,8.820638753237265,0.7877053965411374,50.50447188210692,-6570.232025563089
9.872543945240132,8.820638753237265,0.7877053965411374,50.50447188210692,-6570.232025563089
9.872543945240132,8.820638753237265,0.7877053965411374,50.50447188210692,-6570.232025563089
9.872543945240132,8.820638753237265,0.7877053965411374,50.50447188210692,-6570.232025563089
9.872543945240132,8.820638753237265,0.7877053965411374,50.50447188210692,-6570.232025563089
9.872543945240132,8.820638753237265,0.7877053965411374,50.50447188210692,-6570.232025563089
9.872543945240132,8.820638753237265,0.7877053965411374,50.50447188210692,-6570.232025563089
9.872543945240132,8.820638753237265,0.7877053965411374,50.50447188210692,-6570.232025563089
9.872543945240132,8.820638753237265,0.7877053965411374,50.50447188210692,-6570.232025563089
9.699822559038635,7.641620018229974,0.7684735413827846,50.612228607684266,-6571.923648118744
9.543166767106966,8.989660390219132,0.6922021513329413,50.511966652019105,-6571.264199127726
9.543166767106966,8.989660390219132,0.6922021513329413,50.511966652019105,-6571.264199127726
9.543166767106966,8.989660390219132,0.6922021513329413,50.511966652019105,-6571.264199127726
9.543166767106966,8.989660390219132,0.6922021513329413,50.511966652019105,-6571.264199127726
9.543166767106966,8.989660390219132,0.6922021513329413,50.511966652019105,-6571.264199127726
9.543166767106966,8.989660390219132,0.6922021513329413,50.511966652019105,-6571.264199127726
10.002475230543496,9.156933367264076,0.7428009675901737,50.16892339082756,-6570.254279836614
9.804236616423777,9.439047851884707,0.7485002437635866,50.27621786213096,-6570.262209040241
9.804236616423777,9.439047851884707,0.7485002437635866,50.27621786213096,-6570.262209040241
9.804236616423777,9.439047851884707,0.7485002437635866,50.27621786213096,-6570.262209040241
9.804236616423777,9.439047851884707,0.7485002437635866,50.27621786213096,-6570.262209040241
9.804236616423777,9.439047851884707,0.7485002437635866,50.27621786213096,-6570.262209040241
9.804236616423777,9.439047851884707,0.7485002437635866,50.27621786213096,-6570.262209040241
9.804236616423777,9.439047851884707,0.7485002437635866,50.27621786213096,-6570.262209040241
9.804236616423777,9.439047851884707,0.7485002437635866,50.27621786213096,-6570.262209040241
9.804236616423777,9.439047851884707,0.7485002437635866,50.27621786213096,-6570.262209040241
9.804236616423777,9.439047851884707,0.7485002437635866,50.27621786213096,-6570.262209040241
9.804236616423777,9.439047851884707,0.7485002437635866,50.27621786213096,-6570.262209040241
9.804236616423777,9.439047851884707,0.7485002437635866,50.27621786213096,-6570.262209040241
9.804236616423777,9.439047851884707,0.7485002437635866,50.27621786213096,-6570.262209040241
9.804236616423777,9.439047851884707,0.7485002437635866,50.27621786213096,-6570.262209040241
9.862526791977569,9.165211132685197,0.8073542927546272,50.65911207157307,-6570.492440779466
9.862526791977569,9.165211132685197,0.8073542927546272,50.65911207157307,-6570.492440779466
9.862526791977569,9.165211132685197,0.8073542927546272,50.65911207157307,-6570.492440779466
11.06761357325491,7.836387936394053,0.6462668782030367,50.425327484701775,-6570.988807087056
11.06761357325491,7.836387936394053,0.6462668782030367,50.425327484701775,-6570.988807087056
10.769465330773734,8.207051074489872,0.61672032443893,50.44014660060475,-6571.028117413905
10.769465330773734,8.207051074489872,0.61672032443893,50.44014660060475,-6571.028117413905
10.769465330773734,8.207051074489872,0.61672032443893,50.44014660060475,-6571.028117413905
10.769465330773734,8.207051074489872,0.61672032443893,50.44014660060475,-6571.028117413905
10.769465330773734,8.207051074489872,0.61672032443893,50.44014660060475,-6571.028117413905
10.769465330773734,8.207051074489872,0.61672032443893,50.44014660060475,-6571.028117413905
10.696704578870902,5.720614191770196,0.8280386207373382,50.81112986979746,-6572.040521386419
10.696704578870902,5.720614191770196,0.8280386207373382,50.81112986979746,-6572.040521386419
10.696704578870902,5.720614191770196,0.8280386207373382,50.81112986979746,-6572.040521386419
10.696704578870902,5.720614191770196,0.8280386207373382,50.81112986979746,-6572.040521386419
10.696704578870902,5.720614191770196,0.8280386207373382,50.81112986979746,-6572.040521386419
10.696704578870902,5.720614191770196,0.8280386207373382,50.81112986979746,-6572.040521386419
10.696704578870902,5.720614191770196,0.8280386207373382,50.81112986979746,-6572.040521386419
10.696704578870902,5.720614191770196,0.8280386207373382,50.81112986979746,-6572.040521386419
10.696704578870902,5.720614191770196,0.8280386207373382,50.81112986979746,-6572.040521386419
10.696704578870902,5.720614191770196,0.8280386207373382,50.81112986979746,-6572.040521386419
10.696704578870902,5.720614191770196,0.8280386207373382,50.81112986979746,-6572.040521386419
10.309858807711631,8.652056722121237,0.762351924308471,50.73228832691436,-6570.414243486075
10.685242375316678,8.736559674530792,0.800676692603746,50.14302371757977,-6571.450014110373
10.685242375316678,8.736559674530792,0.800676692603746,50.14302371757977,-6571.450014110373
10.685242375316678,8.736559674530792,0.800676692603746,50.14302371757977,-6571.450014110373
9.960776130247266,8.913440501149267,0.9182338745665188,50.47488734336207,-6571.344609434387
9.960776130247266,8.913440501149267,0.9182338745665188,50.47488734336207,-6571.344609434387
9.960776130247266,8.913440501149267,0.9182338745665188,50.47488734336207,-6571.344609434387
9.960776130247266,8.913440501149267,0.9182338745665188,50.47488734336207,-6571.344609434387
9.960776130247266,8.913440501149267,0.9182338745665188,50.47488734336207,-6571.344609434387
9.960776130247266,8.913440501149267,0.9182338745665188,50.47488734336207,-6571.344609434387
9.960776130247266,8.913440501149267,0.9182338745665188,50.47488734336207,-6571.344609434387
9.960776130247266,8.913440501149267,0.9182338745665188,50.47488734336207,-6571.344609434387
9.960776130247266,8.913440501149267,0.9182338745665188,50.47488734336207,-6571.344609434387
9.960776130247266,8.913440501149267,0.9182338745665188,50.47488734336207,-6571.344609434387
9.87084358171156,7.889996428984336,0.9462928807993354,50.09325542160219,-6571.080411314706
9.87084358171156,7.889996428984336,0.9462928807993354,50.09325542160219,-6571.080411314706
9.87084358171156,7.889996428984336,0.9462928807993354,50.09325542160219,-6571.080411314706
9.87084358171156,7.889996428984336,0.9462928807993354,50.09325542160219,-6571.080411314706
9.87084358171156,7.889996428984336,0.9462928807993354,50.09325542160219,-6571.080411314706
11.07372684580107,5.53060434367362,0.886483164497492,50.35581892442655,-6571.442901367367
11.07372684580107,5.53060434367362,0.886483164497492,50.35581892442655,-6571.442901367367
11.129166911622798,6.129948173047997,0.7434796015318488,50.7257731538345,-6571.324093025724
11.403617734977606,6.136266372957494,0.7069393152376466,50.32032707433495,-6571.477636138077
11.403617734977606,6.136266372957494,0.7069393152376466,50.32032707433495,-6571.477636138077
11.403617734977606,6.136266372957494,0.7069393152376466,50.32032707433495,-6571.477636138077
11.403617734977606,6.136266372957494,0.7069393152376466,50.32032707433495,-6571.477636138077
11.71328650801372,6.407351065590641,0.8128522789882465,50.67921649624944,-6572.188486574636
11.71328650801372,6.407351065590641,0.8128522789882465,50.67921649624944,-6572.188486574636
11.71328650801372,6.407351065590641,0.8128522789882465,50.67921649624944,-6572.188486574636
11.71328650801372,6.407351065590641,0.8128522789882465,50.67921649624944,-6572.188486574636
11.71328650801372,6.407351065590641,0.8128522789882465,50.67921649624944,-6572.188486574636
10.026362864044428,8.114459485212913,0.7893608730204548,51.71536067262306,-6573.143387570309
10.026362864044428,8.114459485212913,0.7893608730204548,51.71536067262306,-6573.143387570309
10.026362864044428,8.114459485212913,0.7893608730204548,51.71536067262306,-6573.143387570309
11.82466579091619,5.6541592540779035,0.762264747203559,51.426826102179824,-6573.175227419578
11.858575436380677,5.702488931649163,0.6533955613084081,51.03875504081363,-6572.952646190521
11.858575436380677,5.702488931649163,0.6533955613084081,51.03875504081363,-6572.952646190521
11.290560063673267,6.6548351267385035,0.58999398125444,50.005456537483354,-6573.136108095027
10.83979344875334,9.572843127774526,0.6418164986164172,49.95775253125682,-6572.116826051992
10.83979344875334,9.572843127774526,0.6418164986164172,49.95775253125682,-6572.116826051992
10.83979344875334,9.572843127774526,0.6418164986164172,49.95775253125682,-6572.116826051992
9.81219230668283,11.323092095245169,0.5893438794331147,50.75386660897821,-6571.811131838258
9.33579527526393,11.017781552935785,0.8068642650959253,50.77844725587288,-6571.851582182784
9.33579527526393,11.017781552935785,0.8068642650959253,50.77844725587288,-6571.851582182784
8.863586839393548,12.55208760559176,0.696634869571976,50.35449442297356,-6572.303555025061
8.863586839393548,12.55208760559176,0.696634869571976,50.35449442297356,-6572.303555025061
8.863586839393548,12.55208760559176,0.696634869571976,50.35449442297356,-6572.303555025061
8.863586839393548,12.55208760559176,0.696634869571976,50.35449442297356,-6572.303555025061
8.863586839393548,12.55208760559176,0.696634869571976,50.35449442297356,-6572.303555025061
8.863586839393548,12.55208760559176,0.696634869571976,50.35449442297356,-6572.303555025061
8.863586839393548,12.55208760559176,0.696634869571976,50.35449442297356,-6572.303555025061
8.129786958962681,12.931617342617935,0.6760597385205666,49.61663307537796,-6574.432408193693
8.129786958962681,12.931617342617935,0.6760597385205666,49.61663307537796,-6574.432408193693
8.953128087573546,8.334926633147514,1.0214897121433135,49.68592229537259,-6573.508783935309
8.953128087573546,8.334926633147514,1.0214897121433135,49.68592229537259,-6573.508783935309
8.953128087573546,8.334926633147514,1.0214897121433135,49.68592229537259,-6573.508783935309
8.953128087573546,8.334926633147514,1.0214897121433135,49.68592229537259,-6573.508783935309
8.953128087573546,8.334926633147514,1.0214897121433135,49.68592229537259,-6573.508783935309
8.953128087573546,8.334926633147514,1.0214897121433135,49.68592229537259,-6573.508783935309
10.177017442270344,9.136996857508828,0.7994633674480848,49.80181122124998,-6571.075116524869
10.177017442270344,9.136996857508828,0.7994633674480848,49.80181122124998,-6571.075116524869
10.177017442270344,9.136996857508828,0.7994633674480848,49.80181122124998,-6571.075116524869
10.177017442270344,9.136996857508828,0.7994633674480848,49.80181122124998,-6571.075116524869
10.177017442270344,9.136996857508828,0.7994633674480848,49.80181122124998,-6571.075116524869
10.177017442270344,9.136996857508828,0.7994633674480848,49.80181122124998,-6571.075116524869
10.177017442270344,9.136996857508828,0.7994633674480848,49.80181122124998,-6571.075116524869
10.177017442270344,9.136996857508828,0.7994633674480848,49.80181122124998,-6571.075116524869
10.177017442270344,9.136996857508828,0.7994633674480848,49.80181122124998,-6571.075116524869
10.177017442270344,9.136996857508828,0.7994633674480848,49.80181122124998,-6571.075116524869
10.177017442270344,9.136996857508828,0.7994633674480848,49.80181122124998,-6571.075116524869
10.654085983025018,7.0071985856734536,0.6831285354107138,50.77071852153693,-6571.502226172102
10.654085983025018,7.0071985856734536,0.6831285354107138,50.77071852153693,-6571.502226172102
10.654085983025018,7.0071985856734536,0.6831285354107138,50.77071852153693,-6571.502226172102
10.594501396366292,8.599124019658294,0.8556072637605769,50.74255795271634,-6571.779557180839
11.34719100983954,9.18568342185702,0.8053985076861182,50.44568965921809,-6575.327577190984
11.34719100983954,9.18568342185702,0.8053985076861182,50.44568965921809,-6575.327577190984
11.34719100983954,9.18568342185702,0.8053985076861182,50.44568965921809,-6575.327577190984
11.34719100983954,9.18568342185702,0.8053985076861182,50.44568965921809,-6575.327577190984
11.34719100983954,9.18568342185702,0.8053985076861182,50.44568965921809,-6575.327577190984
9.91770969733342,10.015041065434636,0.687845492599862,50.59295534680198,-6570.582282204277
11.052480318090307,9.79207362814623,0.6572431812227094,49.74074235877749,-6573.721303438323
11.052480318090307,9.79207362814623,0.6572431812227094,49.74074235877749,-6573.721303438323
11.052480318090307,9.79207362814623,0.6572431812227094,49.74074235877749,-6573.721303438323
11.052480318090307,9.79207362814623,0.6572431812227094,49.74074235877749,-6573.721303438323
11.052480318090307,9.79207362814623,0.6572431812227094,49.74074235877749,-6573.721303438323
11.052480318090307,9.79207362814623,0.6572431812227094,49.74074235877749,-6573.721303438323
11.052480318090307,9.79207362814623,0.6572431812227094,49.74074235877749,-6573.721303438323
11.052480318090307,9.79207362814623,0.6572431812227094,49.74074235877749,-6573.721303438323
11.052480318090307,9.79207362814623,0.6572431812227094,49.74074235877749,-6573.721303438323
11.253906172570428,8.483306844657877,0.7295754682314722,49.95362814801879,-6572.553159083585
11.253906172570428,8.483306844657877,0.7295754682314722,49.95362814801879,-6572.553159083585
11.253906172570428,8.483306844657877,0.7295754682314722,49.95362814801879,-6572.553159083585
11.253906172570428,8.483306844657877,0.7295754682314722,49.95362814801879,-6572.553159083585
11.253906172570428,8.483306844657877,0.7295754682314722,49.95362814801879,-6572.553159083585
11.253906172570428,8.483306844657877,0.7295754682314722,49.95362814801879,-6572.553159083585
9.81623141845214,11.06220315047751,0.7405202691833946,50.40080693456746,-6571.825340381227
9.81623141845214,11.06220315047751,0.7405202691833946,50.40080693456746,-6571.825340381227
9.81623141845214,11.06220315047751,0.7405202691833946,50.40080693456746,-6571.825340381227
9.81623141845214,11.06220315047751,0.7405202691833946,50.40080693456746,-6571.825340381227
9.237893506455721,11.28784513217916,0.8202123504015878,50.59155300126106,-6572.030240577448
9.196610644533786,11.184813457551373,0.7084858093807785,50.37540317202437,-6571.108368737583
9.196610644533786,11.184813457551373,0.7084858093807785,50.37540317202437,-6571.108368737583
9.196610644533786,11.184813457551373,0.7084858093807785,50.37540317202437,-6571.108368737583
9.614781157093105,8.785770673166693,0.7766802265871494,50.61736782753069,-6570.634417570767
9.614781157093105,8.785770673166693,0.7766802265871494,50.61736782753069,-6570.634417570767
9.902924880390072,8.879025342094337,0.7437237055001098,50.82637361126703,-6570.534743245273
9.902924880390072,8.879025342094337,0.7437237055001098,50.82637361126703,-6570.534743245273
9.902924880390072,8.879025342094337,0.7437237055001098,50.82637361126703,-6570.534743245273
9.902924880390072,8.879025342094337,0.7437237055001098,50.82637361126703,-6570.534743245273
9.902924880390072,8.879025342094337,0.7437237055001098,50.82637361126703,-6570.534743245273
9.902924880390072,8.879025342094337,0.7437237055001098,50.82637361126703,-6570.534743245273
9.902924880390072,8.879025342094337,0.7437237055001098,50.82637361126703,-6570.534743245273
10.040648139982443,7.972941442847947,0.808851004460679,51.11751543185287,-6571.200040593883
10.906457554648515,6.806697021761981,0.6874840686876635,50.580409140773625,-6571.194409438215
10.557186880888414,6.678649808525636,0.7738430808986179,50.834017368811104,-6571.21589718573
10.557186880888414,6.678649808525636,0.7738430808986179,50.834017368811104,-6571.21589718573
10.259827587099162,8.258609701923394,0.7313622077143327,51.30486866816246,-6571.4952925744365
10.259827587099162,8.258609701923394,0.7313622077143327,51.30486866816246,-6571.4952925744365
10.259827587099162,8.258609701923394,0.7313622077143327,51.30486866816246,-6571.4952925744365
10.259827587099162,8.258609701923394,0.7313622077143327,51.30486866816246,-6571.4952925744365
10.259827587099162,8.258609701923394,0.7313622077143327,51.30486866816246,-6571.4952925744365
10.578440089758228,7.871767574062762,0.6632633649337687,52.06262912236857,-6574.875089716095
11.876321330359817,8.999912738209776,0.5699129070174762,50.872086433579504,-6574.673401284765
11.876321330359817,8.999912738209776,0.5699129070174762,50.872086433579504,-6574.673401284765
11.876321330359817,8.999912738209776,0.5699129070174762,50.872086433579504,-6574.673401284765
11.876321330359817,8.999912738209776,0.5699129070174762,50.872086433579504,-6574.673401284765
11.876321330359817,8.999912738209776,0.5699129070174762,50.872086433579504,-6574.673401284765
11.876321330359817,8.999912738209776,0.5699129070174762,50.872086433579504,-6574.673401284765
11.562675196599702,9.694952632159925,0.49406911375982154,51.063018762790115,-6574.685676036466
11.562675196599702,9.694952632159925,0.49406911375982154,51.063018762790115,-6574.685676036466
11.562675196599702,9.694952632159925,0.49406911375982154,51.063018762790115,-6574.685676036466
11.562675196599702,9.694952632159925,0.49406911375982154,51.063018762790115,-6574.685676036466
11.562675196599702,9.694952632159925,0.49406911375982154,51.063018762790115,-6574.685676036466
11.562675196599702,9.694952632159925,0.49406911375982154,51.063018762790115,-6574.685676036466
11.562675196599702,9.694952632159925,0.49406911375982154,51.063018762790115,-6574.685676036466
11.562675196599702,9.694952632159925,0.49406911375982154,51.063018762790115,-6574.685676036466
11.562675196599702,9.694952632159925,0.49406911375982154,51.063018762790115,-6574.685676036466
11.224504436628592,10.481479220212872,0.5418881518882259,50.59415643591303,-6574.282992082391
11.224504436628592,10.481479220212872,0.5418881518882259,50.59415643591303,-6574.282992082391
11.224504436628592,10.481479220212872,0.5418881518882259,50.59415643591303,-6574.282992082391
11.224504436628592,10.481479220212872,0.5418881518882259,50.59415643591303,-6574.282992082391
11.224504436628592,10.481479220212872,0.5418881518882259,50.59415643591303,-6574.282992082391
11.224504436628592,10.481479220212872,0.5418881518882259,50.59415643591303,-6574.282992082391
11.224504436628592,10.481479220212872,0.5418881518882259,50.59415643591303,-6574.282992082391
11.224504436628592,10.481479220212872,0.5418881518882259,50.59415643591303,-6574.282992082391
11.224504436628592,10.481479220212872,0.5418881518882259,50.59415643591303,-6574.282992082391
11.814591893193718,5.977987275753171,0.6714810014842809,50.324919034902116,-6572.154683912227
11.814591893193718,5.977987275753171,0.6714810014842809,50.324919034902116,-6572.154683912227
11.814591893193718,5.977987275753171,0.6714810014842809,50.324919034902116,-6572.154683912227
11.814591893193718,5.977987275753171,0.6714810014842809,50.324919034902116,-6572.154683912227
11.814591893193718,5.977987275753171,0.6714810014842809,50.324919034902116,-6572.154683912227
11.814591893193718,5.977987275753171,0.6714810014842809,50.324919034902116,-6572.154683912227
11.814591893193718,5.977987275753171,0.6714810014842809,50.324919034902116,-6572.154683912227
11.814591893193718,5.977987275753171,0.6714810014842809,50.324919034902116,-6572.154683912227
11.735304384210778,6.037503745567639,0.7731267099881242,49.731260458349055,-6572.510862842933
11.735304384210778,6.037503745567639,0.7731267099881242,49.731260458349055,-6572.510862842933
11.735304384210778,6.037503745567639,0.7731267099881242,49.731260458349055,-6572.510862842933
11.735304384210778,6.037503745567639,0.7731267099881242,49.731260458349055,-6572.510862842933
11.542921202838558,6.020051458254939,0.9202465007867584,50.49118699231427,-6572.474558263455
11.542921202838558,6.020051458254939,0.9202465007867584,50.49118699231427,-6572.474558263455
11.542921202838558,6.020051458254939,0.9202465007867584,50.49118699231427,-6572.474558263455
11.542921202838558,6.020051458254939,0.9202465007867584,50.49118699231427,-6572.474558263455
11.306866074433227,4.148522103228707,0.8778432258735351,49.50525787047909,-6574.779586617678
11.680774135316227,5.172593163600567,0.8125833280614272,48.980783622003315,-6575.119361967638
11.995823862074275,5.955188951805463,0.6952994102227475,49.28049752399127,-6574.459667544041
11.995823862074275,5.955188951805463,0.6952994102227475,49.28049752399127,-6574.459667544041
11.995823862074275,5.955188951805463,0.6952994102227475,49.28049752399127,-6574.459667544041
11.995823862074275,5.955188951805463,0.6952994102227475,49.28049752399127,-6574.459667544041
11.995823862074275,5.955188951805463,0.6952994102227475,49.28049752399127,-6574.459667544041
11.995823862074275,5.955188951805463,0.6952994102227475,49.28049752399127,-6574.459667544041
11.995823862074275,5.955188951805463,0.6952994102227475,49.28049752399127,-6574.459667544041
11.995823862074275,5.955188951805463,0.6952994102227475,49.28049752399127,-6574.459667544041
11.995823862074275,5.955188951805463,0.6952994102227475,49.28049752399127,-6574.459667544041
11.995823862074275,5.955188951805463,0.6952994102227475,49.28049752399127,-6574.459667544041
11.995823862074275,5.955188951805463,0.6952994102227475,49.28049752399127,-6574.459667544041
11.995823862074275,5.955188951805463,0.6952994102227475,49.28049752399127,-6574.459667544041
11.035487073557022,6.319610877290059,0.7889187847096729,49.90113628268343,-6571.25638631185
10.67763298960006,5.980649453722047,0.9546197156308368,49.83947767939702,-6571.874485067564
10.67763298960006,5.980649453722047,0.9546197156308368,49.83947767939702,-6571.874485067564
10.67763298960006,5.980649453722047,0.9546197156308368,49.83947767939702,-6571.874485067564
10.667625777959604,4.9152487982657815,0.9123188580100078,50.4252874912967,-6573.054118266042
10.667625777959604,4.9152487982657815,0.9123188580100078,50.4252874912967,-6573.054118266042
10.667625777959604,4.9152487982657815,0.9123188580100078,50.4252874912967,-6573.054118266042
10.668607726591459,7.095315893984291,0.8626253086399374,50.218825530637886,-6570.649059243103
10.668607726591459,7.095315893984291,0.8626253086399374,50.218825530637886,-6570.649059243103
10.668607726591459,7.095315893984291,0.8626253086399374,50.218825530637886,-6570.649059243103
10.668607726591459,7.095315893984291,0.8626253086399374,50.218825530637886,-6570.649059243103
10.668607726591459,7.095315893984291,0.8626253086399374,50.218825530637886,-6570.649059243103
10.668607726591459,7.095315893984291,0.8626253086399374,50.218825530637886,-6570.649059243103
10.668607726591459,7.095315893984291,0.8626253086399374,50.218825530637886,-6570.649059243103
11.048753023849281,6.9049253930317676,0.8374628404534684,50.48994168096996,-6570.933751061721
11.048753023849281,6.9049253930317676,0.8374628404534684,50.48994168096996,-6570.933751061721
11.048753023849281,6.9049253930317676,0.8374628404534684,50.48994168096996,-6570.933751061721
11.06111852942455,5.196385891030565,0.8942549867865885,50.72058191945875,-6571.957797764576
11.06111852942455,5.196385891030565,0.8942549867865885,50.72058191945875,-6571.957797764576
11.06111852942455,5.196385891030565,0.8942549867865885,50.72058191945875,-6571.957797764576
11.06111852942455,5.196385891030565,0.8942549867865885,50.72058191945875,-6571.957797764576
11.06111852942455,5.196385891030565,0.8942549867865885,50.72058191945875,-6571.957797764576
10.468343293555924,8.067574901834648,0.9130398931144983,50.317384404974916,-6571.37076605402
10.468343293555924,8.067574901834648,0.9130398931144983,50.317384404974916,-6571.37076605402
10.468343293555924,8.067574901834648,0.9130398931144983,50.317384404974916,-6571.37076605402
10.468343293555924,8.067574901834648,0.9130398931144983,50.317384404974916,-6571.37076605402
10.468343293555924,8.067574901834648,0.9130398931144983,50.317384404974916,-6571.37076605402
10.468343293555924,8.067574901834648,0.9130398931144983,50.317384404974916,-6571.37076605402
10.468343293555924,8.067574901834648,0.9130398931144983,50.317384404974916,-6571.37076605402
10.468343293555924,8.067574901834648,0.9130398931144983,50.317384404974916,-6571.37076605402
9.952334440770162,8.165712699525338,0.9449178863373454,50.13344446994082,-6571.117389434734
9.468681719960204,7.950420020257155,0.9708845033888884,49.449128440519225,-6572.73717386598
9.468681719960204,7.950420020257155,0.9708845033888884,49.449128440519225,-6572.73717386598
9.468681719960204,7.950420020257155,0.9708845033888884,49.449128440519225,-6572.73717386598
9.468681719960204,7.950420020257155,0.9708845033888884,49.449128440519225,-6572.73717386598
9.468681719960204,7.950420020257155,0.9708845033888884,49.449128440519225,-6572.73717386598
9.468681719960204,7.950420020257155,0.9708845033888884,49.449128440519225,-6572.73717386598
9.468681719960204,7.950420020257155,0.9708845033888884,49.449128440519225,-6572.73717386598
9.468681719960204,7.950420020257155,0.9708845033888884,49.449128440519225,-6572.73717386598
9.468681719960204,7.950420020257155,0.9708845033888884,49.449128440519225,-6572.73717386598
9.468681719960204,7.950420020257155,0.9708845033888884,49.449128440519225,-6572.73717386598
9.308458476211007,9.398961782517043,0.9951683910020596,49.42567240578749,-6573.21329198917
9.308458476211007,9.398961782517043,0.9951683910020596,49.42567240578749,-6573.21329198917
9.891914746613313,10.522183767636053,0.8695207070536712,49.3929565039391,-6574.10054411796
9.891914746613313,10.522183767636053,0.8695207070536712,49.3929565039391,-6574.10054411796
9.891914746613313,10.522183767636053,0.8695207070536712,49.3929565039391,-6574.10054411796
9.891914746613313,10.522183767636053,0.8695207070536712,49.3929565039391,-6574.10054411796
9.891914746613313,10.522183767636053,0.8695207070536712,49.3929565039391,-6574.10054411796
9.891914746613313,10.522183767636053,0.8695207070536712,49.3929565039391,-6574.10054411796
10.275228339729933,7.414162919436881,0.7045650740176845,49.992372404117724,-6571.479456127872
10.275228339729933,7.414162919436881,0.7045650740176845,49.992372404117724,-6571.479456127872
10.275228339729933,7.414162919436881,0.7045650740176845,49.992372404117724,-6571.479456127872
10.275228339729933,7.414162919436881,0.7045650740176845,49.992372404117724,-6571.479456127872
10.275228339729933,7.414162919436881,0.7045650740176845,49.992372404117724,-6571.479456127872
10.275228339729933,7.414162919436881,0.7045650740176845,49.992372404117724,-6571.479456127872
10.275228339729933,7.414162919436881,0.7045650740176845,49.992372404117724,-6571.479456127872
10.275228339729933,7.414162919436881,0.7045650740176845,49.992372404117724,-6571.479456127872
10.275228339729933,7.414162919436881,0.7045650740176845,49.992372404117724,-6571.479456127872
10.275228339729933,7.414162919436881,0.7045650740176845,49.992372404117724,-6571.479456127872
10.275228339729933,7.414162919436881,0.7045650740176845,49.992372404117724,-6571.479456127872
10.275228339729933,7.414162919436881,0.7045650740176845,49.992372404117724,-6571.479456127872
10.275228339729933,7.414162919436881,0.7045650740176845,49.992372404117724,-6571.479456127872
10.275228339729933,7.414162919436881,0.7045650740176845,49.992372404117724,-6571.479456127872
10.275228339729933,7.414162919436881,0.7045650740176845,49.992372404117724,-6571.479456127872
10.275228339729933,7.414162919436881,0.7045650740176845,49.992372404117724,-6571.479456127872
10.275228339729933,7.414162919436881,0.7045650740176845,49.992372404117724,-6571.479456127872
11.942203757385508,6.31970085938823,0.7168864968488029,50.526607339041995,-6572.188404735812
11.942203757385508,6.31970085938823,0.7168864968488029,50.526607339041995,-6572.188404735812
11.942203757385508,6.31970085938823,0.7168864968488029,50.526607339041995,-6572.188404735812
11.942203757385508,6.31970085938823,0.7168864968488029,50.526607339041995,-6572.188404735812
11.942203757385508,6.31970085938823,0.7168864968488029,50.526607339041995,-6572.188404735812
11.942203757385508,6.31970085938823,0.7168864968488029,50.526607339041995,-6572.188404735812
10.4764817169244,6.941999041233235,0.6802842783597409,50.83079731617615,-6572.187700682207
10.4764817169244,6.941999041233235,0.6802842783597409,50.83079731617615,-6572.187700682207
10.4764817169244,6.941999041233235,0.6802842783597409,50.83079731617615,-6572.187700682207
10.4764817169244,6.941999041233235,0.6802842783597409,50.83079731617615,-6572.187700682207
10.4764817169244,6.941999041233235,0.6802842783597409,50.83079731617615,-6572.187700682207
9.684671972029614,9.541928106400546,0.5664442912543262,49.98999794748544,-6572.8736753626235
9.684671972029614,9.541928106400546,0.5664442912543262,49.98999794748544,-6572.8736753626235
9.856687805122153,12.510108565364476,0.5822515557090074,50.165352108032295,-6573.495119221038
10.090637350759488,10.16521095740456,0.5256822470659225,50.5824387522641,-6572.138728410153
10.090637350759488,10.16521095740456,0.5256822470659225,50.5824387522641,-6572.138728410153
10.090637350759488,10.16521095740456,0.5256822470659225,50.5824387522641,-6572.138728410153
10.090637350759488,10.16521095740456,0.5256822470659225,50.5824387522641,-6572.138728410153
9.992507412938776,11.80627082842827,0.520111918005531,50.75476978316571,-6572.894708761424
9.992507412938776,11.80627082842827,0.520111918005531,50.75476978316571,-6572.894708761424
9.992507412938776,11.80627082842827,0.520111918005531,50.75476978316571,-6572.894708761424
9.992507412938776,11.80627082842827,0.520111918005531,50.75476978316571,-6572.894708761424
9.992507412938776,11.80627082842827,0.520111918005531,50.75476978316571,-6572.894708761424
9.992507412938776,11.80627082842827,0.520111918005531,50.75476978316571,-6572.894708761424
9.992507412938776,11.80627082842827,0.520111918005531,50.75476978316571,-6572.894708761424
9.992507412938776,11.80627082842827,0.520111918005531,50.75476978316571,-6572.894708761424
9.992507412938776,11.80627082842827,0.520111918005531,50.75476978316571,-6572.894708761424
9.992507412938776,11.80627082842827,0.520111918005531,50.75476978316571,-6572.894708761424
9.992507412938776,11.80627082842827,0.520111918005531,50.75476978316571,-6572.894708761424
9.992507412938776,11.80627082842827,0.520111918005531,50.75476978316571,-6572.894708761424
8.831905290935339,12.349871848663568,0.502496204152545,50.6792695465648,-6574.475335118861
8.831905290935339,12.349871848663568,0.502496204152545,50.6792695465648,-6574.475335118861
8.831905290935339,12.349871848663568,0.502496204152545,50.6792695465648,-6574.475335118861
9.804438339178958,11.942977469936372,0.6097997795645386,51.30623496132434,-6573.493597352679
9.804438339178958,11.942977469936372,0.6097997795645386,51.30623496132434,-6573.493597352679
9.804438339178958,11.942977469936372,0.6097997795645386,51.30623496132434,-6573.493597352679
9.804438339178958,11.942977469936372,0.6097997795645386,51.30623496132434,-6573.493597352679
9.804438339178958,11.942977469936372,0.6097997795645386,51.30623496132434,-6573.493597352679
9.890895088691378,11.77985623338872,0.5600352826198511,49.89810561876448,-6572.831005616835
9.890895088691378,11.77985623338872,0.5600352826198511,49.89810561876448,-6572.831005616835
9.890895088691378,11.77985623338872,0.5600352826198511,49.89810561876448,-6572.831005616835
9.890895088691378,11.77985623338872,0.5600352826198511,49.89810561876448,-6572.831005616835
9.890895088691378,11.77985623338872,0.5600352826198511,49.89810561876448,-6572.831005616835
9.890895088691378,11.77985623338872,0.5600352826198511,49.89810561876448,-6572.831005616835
9.890895088691378,11.77985623338872,0.5600352826198511,49.89810561876448,-6572.831005616835
9.401458676068804,11.283075039870523,0.6523646136995579,49.8077316514031,-6571.699003891927
9.401458676068804,11.283075039870523,0.6523646136995579,49.8077316514031,-6571.699003891927
9.401458676068804,11.283075039870523,0.6523646136995579,49.8077316514031,-6571.699003891927
9.401458676068804,11.283075039870523,0.6523646136995579,49.8077316514031,-6571.699003891927
9.401458676068804,11.283075039870523,0.6523646136995579,49.8077316514031,-6571.699003891927
8.779987756544733,11.742510998375884,0.8436845729365545,49.68284593397858,-6572.937330623183
8.779987756544733,11.742510998375884,0.8436845729365545,49.68284593397858,-6572.937330623183
8.779987756544733,11.742510998375884,0.8436845729365545,49.68284593397858,-6572.937330623183
8.161151540957352,13.6225194017534,0.714555838303977,50.55588708469822,-6573.958059187473
8.161151540957352,13.6225194017534,0.714555838303977,50.55588708469822,-6573.958059187473
8.161151540957352,13.6225194017534,0.714555838303977,50.55588708469822,-6573.958059187473
8.161151540957352,13.6225194017534,0.714555838303977,50.55588708469822,-6573.958059187473
8.161151540957352,13.6225194017534,0.714555838303977,50.55588708469822,-6573.958059187473
8.161151540957352,13.6225194017534,0.714555838303977,50.55588708469822,-6573.958059187473
8.161151540957352,13.6225194017534,0.714555838303977,50.55588708469822,-6573.958059187473
7.630654153975735,13.279493346368277,0.6832787935386768,50.16728207604857,-6575.674591173759
7.630654153975735,13.279493346368277,0.6832787935386768,50.16728207604857,-6575.674591173759
7.630654153975735,13.279493346368277,0.6832787935386768,50.16728207604857,-6575.674591173759
8.13334505874988,13.785220158131928,0.7634137224901265,50.38483135639907,-6574.304760635474
8.13334505874988,13.785220158131928,0.7634137224901265,50.38483135639907,-6574.304760635474
8.13334505874988,13.785220158131928,0.7634137224901265,50.38483135639907,-6574.304760635474
8.13334505874988,13.785220158131928,0.7634137224901265,50.38483135639907,-6574.304760635474
8.13334505874988,13.785220158131928,0.7634137224901265,50.38483135639907,-6574.304760635474
8.13334505874988,13.785220158131928,0.7634137224901265,50.38483135639907,-6574.304760635474
8.13334505874988,13.785220158131928,0.7634137224901265,50.38483135639907,-6574.304760635474
8.13334505874988,13.785220158131928,0.7634137224901265,50.38483135639907,-6574.304760635474
7.907608946658873,12.987273065245626,0.8146392250245824,50.52126604962009,-6574.301816187955
7.907608946658873,12.987273065245626,0.8146392250245824,50.52126604962009,-6574.301816187955
7.907608946658873,12.987273065245626,0.8146392250245824,50.52126604962009,-6574.301816187955
7.907608946658873,12.987273065245626,0.8146392250245824,50.52126604962009,-6574.301816187955
7.907608946658873,12.987273065245626,0.8146392250245824,50.52126604962009,-6574.301816187955
9.729267413689875,9.165469335206307,0.8717304417211976,51.024410599590446,-6571.4865962030935
9.023919376906564,9.683954053881724,0.9526780824305645,51.26750603057251,-6573.413544403015
9.023919376906564,9.683954053881724,0.9526780824305645,51.26750603057251,-6573.413544403015
9.023919376906564,9.683954053881724,0.9526780824305645,51.26750603057251,-6573.413544403015
9.878940690180663,8.204267707273468,0.7261364919207693,50.87418629587883,-6571.235788150698
9.878940690180663,8.204267707273468,0.7261364919207693,50.87418629587883,-6571.235788150698
9.878940690180663,8.204267707273468,0.7261364919207693,50.87418629587883,-6571.235788150698
9.878940690180663,8.204267707273468,0.7261364919207693,50.87418629587883,-6571.235788150698
9.765988388542747,10.68661819281587,0.7249907738823194,49.86137802012833,-6571.446387409294
9.765988388542747,10.68661819281587,0.7249907738823194,49.86137802012833,-6571.446387409294
9.765988388542747,10.68661819281587,0.7249907738823194,49.86137802012833,-6571.446387409294
9.765988388542747,10.68661819281587,0.7249907738823194,49.86137802012833,-6571.446387409294
9.765988388542747,10.68661819281587,0.7249907738823194,49.86137802012833,-6571.446387409294
10.96773150806586,8.384949795353792,0.7012762865502533,50.39655624067664,-6570.981259333628
10.96773150806586,8.384949795353792,0.7012762865502533,50.39655624067664,-6570.981259333628
10.96773150806586,8.384949795353792,0.7012762865502533,50.39655624067664,-6570.981259333628
10.752399023529387,9.764243164125352,0.7882964270922895,50.69909291628797,-6573.414907402924
10.752399023529387,9.764243164125352,0.7882964270922895,50.69909291628797,-6573.414907402924
10.775663994552435,8.08515577239004,0.6728251337275508,51.02093583979429,-6571.070038909162
10.775663994552435,8.08515577239004,0.6728251337275508,51.02093583979429,-6571.070038909162
10.775663994552435,8.08515577239004,0.6728251337275508,51.02093583979429,-6571.070038909162
10.775663994552435,8.08515577239004,0.6728251337275508,51.02093583979429,-6571.070038909162
10.775663994552435,8.08515577239004,0.6728251337275508,51.02093583979429,-6571.070038909162
9.885433325780994,10.888070515707447,0.6573253418011205,50.65958179732354,-6571.3079406291845
9.885433325780994,10.888070515707447,0.6573253418011205,50.65958179732354,-6571.3079406291845
9.885433325780994,10.888070515707447,0.6573253418011205,50.65958179732354,-6571.3079406291845
9.885433325780994,10.888070515707447,0.6573253418011205,50.65958179732354,-6571.3079406291845
9.885433325780994,10.888070515707447,0.6573253418011205,50.65958179732354,-6571.3079406291845
9.885433325780994,10.888070515707447,0.6573253418011205,50.65958179732354,-6571.3079406291845
10.4379397287014,8.79008361638486,0.39450528275269603,50.916075291333236,-6579.225260717225
11.831318235755635,9.013539346379812,0.47609512740076526,50.7657088433836,-6574.713211652846
11.831318235755635,9.013539346379812,0.47609512740076526,50.7657088433836,-6574.713211652846
11.831318235755635,9.013539346379812,0.47609512740076526,50.7657088433836,-6574.713211652846
11.831318235755635,9.013539346379812,0.47609512740076526,50.7657088433836,-6574.713211652846
11.831318235755635,9.013539346379812,0.47609512740076526,50.7657088433836,-6574.713211652846
11.831318235755635,9.013539346379812,0.47609512740076526,50.7657088433836,-6574.713211652846
11.488215751362263,7.041958928938447,0.7065378915476571,50.43047530981505,-6571.348068956111
11.488215751362263,7.041958928938447,0.7065378915476571,50.43047530981505,-6571.348068956111
11.488215751362263,7.041958928938447,0.7065378915476571,50.43047530981505,-6571.348068956111
11.488215751362263,7.041958928938447,0.7065378915476571,50.43047530981505,-6571.348068956111
11.488215751362263,7.041958928938447,0.7065378915476571,50.43047530981505,-6571.348068956111
11.488215751362263,7.041958928938447,0.7065378915476571,50.43047530981505,-6571.348068956111
11.488215751362263,7.041958928938447,0.7065378915476571,50.43047530981505,-6571.348068956111
11.488215751362263,7.041958928938447,0.7065378915476571,50.43047530981505,-6571.348068956111
11.488215751362263,7.041958928938447,0.7065378915476571,50.43047530981505,-6571.348068956111
11.488215751362263,7.041958928938447,0.7065378915476571,50.43047530981505,-6571.348068956111
10.82001072456897,9.391845556608018,0.6323968818303416,50.31270373493932,-6571.482501814958
10.82001072456897,9.391845556608018,0.6323968818303416,50.31270373493932,-6571.482501814958
10.82001072456897,9.391845556608018,0.6323968818303416,50.31270373493932,-6571.482501814958
10.82001072456897,9.391845556608018,0.6323968818303416,50.31270373493932,-6571.482501814958
10.82001072456897,9.391845556608018,0.6323968818303416,50.31270373493932,-6571.482501814958
10.82001072456897,9.391845556608018,0.6323968818303416,50.31270373493932,-6571.482501814958
10.82001072456897,9.391845556608018,0.6323968818303416,50.31270373493932,-6571.482501814958
10.82001072456897,9.391845556608018,0.6323968818303416,50.31270373493932,-6571.482501814958
10.82001072456897,9.391845556608018,0.6323968818303416,50.31270373493932,-6571.482501814958
10.82001072456897,9.391845556608018,0.6323968818303416,50.31270373493932,-6571.482501814958
10.82001072456897,9.391845556608018,0.6323968818303416,50.31270373493932,-6571.482501814958
10.82001072456897,9.391845556608018,0.6323968818303416,50.31270373493932,-6571.482501814958
10.82001072456897,9.391845556608018,0.6323968818303416,50.31270373493932,-6571.482501814958
9.761266514981354,9.962916210137497,0.7756055141437544,50.72233047291909,-6570.829918532509
9.761266514981354,9.962916210137497,0.7756055141437544,50.72233047291909,-6570.829918532509
9.761266514981354,9.962916210137497,0.7756055141437544,50.72233047291909,-6570.829918532509
9.761266514981354,9.962916210137497,0.7756055141437544,50.72233047291909,-6570.829918532509
9.761266514981354,9.962916210137497,0.7756055141437544,50.72233047291909,-6570.829918532509
10.229625367583496,9.23180572420869,0.7353990744571139,50.91903338855071,-6570.806009910204
10.229625367583496,9.23180572420869,0.7353990744571139,50.91903338855071,-6570.806009910204
10.229625367583496,9.23180572420869,0.7353990744571139,50.91903338855071,-6570.806009910204
9.81260694445542,8.48840786610776,0.8065623591784368,50.916370920265045,-6570.826304789203
9.81260694445542,8.48840786610776,0.8065623591784368,50.916370920265045,-6570.826304789203
9.81260694445542,8.48840786610776,0.8065623591784368,50.916370920265045,-6570.826304789203
9.81260694445542,8.48840786610776,0.8065623591784368,50.916370920265045,-6570.826304789203
10.434643105770883,9.293430550498964,0.6665616328449147,50.98609934322816,-6571.074971766966
9.88678062689412,9.585393003939863,0.7251771378709555,50.99976825043461,-6570.90072687264
9.88678062689412,9.585393003939863,0.7251771378709555,50.99976825043461,-6570.90072687264
9.439272963601624,10.927513883842776,0.869543826589324,50.489639038752046,-6572.408713031211
9.439272963601624,10.927513883842776,0.869543826589324,50.489639038752046,-6572.408713031211
8.762007415678546,9.985940779644674,0.7080411599488653,50.47718122589813,-6572.849632227554
8.789996899854845,11.477500339235782,0.623986541342638,50.17574506328882,-6572.469962984571
8.789996899854845,11.477500339235782,0.623986541342638,50.17574506328882,-6572.469962984571
8.789996899854845,11.477500339235782,0.623986541342638,50.17574506328882,-6572.469962984571
8.789996899854845,11.477500339235782,0.623986541342638,50.17574506328882,-6572.469962984571
9.616669122569167,9.209849308178228,0.8942957458692189,50.7481881152429,-6571.2108788906025
9.616669122569167,9.209849308178228,0.8942957458692189,50.7481881152429,-6571.2108788906025
10.678928871784272,7.826830583436755,0.8697026219826504,49.890832521675854,-6571.414643017268
10.678928871784272,7.826830583436755,0.8697026219826504,49.890832521675854,-6571.414643017268
10.678928871784272,7.826830583436755,0.8697026219826504,49.890832521675854,-6571.414643017268
10.678928871784272,7.826830583436755,0.8697026219826504,49.890832521675854,-6571.414643017268
10.678928871784272,7.826830583436755,0.8697026219826504,49.890832521675854,-6571.414643017268
10.678928871784272,7.826830583436755,0.8697026219826504,49.890832521675854,-6571.414643017268
10.678928871784272,7.826830583436755,0.8697026219826504,49.890832521675854,-6571.414643017268
10.678928871784272,7.826830583436755,0.8697026219826504,49.890832521675854,-6571.414643017268
10.375051843190507,7.65889920496135,0.9743031686883765,50.28189270264544,-6571.6446205721895
10.375051843190507,7.65889920496135,0.9743031686883765,50.28189270264544,-6571.6446205721895
10.375051843190507,7.65889920496135,0.9743031686883765,50.28189270264544,-6571.6446205721895
10.375051843190507,7.65889920496135,0.9743031686883765,50.28189270264544,-6571.6446205721895
10.375051843190507,7.65889920496135,0.9743031686883765,50.28189270264544,-6571.6446205721895
10.375051843190507,7.65889920496135,0.9743031686883765,50.28189270264544,-6571.6446205721895
10.375051843190507,7.65889920496135,0.9743031686883765,50.28189270264544,-6571.6446205721895
10.375051843190507,7.65889920496135,0.9743031686883765,50.28189270264544,-6571.6446205721895
10.375051843190507,7.65889920496135,0.9743031686883765,50.28189270264544,-6571.6446205721895
10.064495916595153,6.709522408095353,0.8041697083541192,49.888480554988405,-6572.278327621567
10.064495916595153,6.709522408095353,0.8041697083541192,49.888480554988405,-6572.278327621567
10.064495916595153,6.709522408095353,0.8041697083541192,49.888480554988405,-6572.278327621567
10.064495916595153,6.709522408095353,0.8041697083541192,49.888480554988405,-6572.278327621567
10.064495916595153,6.709522408095353,0.8041697083541192,49.888480554988405,-6572.278327621567
9.556668046134408,9.074289620782064,0.9058425411650743,48.996364556035346,-6573.5680193562075
9.556668046134408,9.074289620782064,0.9058425411650743,48.996364556035346,-6573.5680193562075
9.556668046134408,9.074289620782064,0.9058425411650743,48.996364556035346,-6573.5680193562075
10.573513423209587,10.545111086743002,0.7610191791530496,49.5446684481975,-6574.83328733819
10.092429202615376,8.16524973886241,0.8718712764193444,48.8424912918282,-6573.893887118111
10.092429202615376,8.16524973886241,0.8718712764193444,48.8424912918282,-6573.893887118111
10.092429202615376,8.16524973886241,0.8718712764193444,48.8424912918282,-6573.893887118111
9.78244567203526,8.29123662837063,0.9337612521439067,49.10226539764521,-6573.1894679805255
9.78244567203526,8.29123662837063,0.9337612521439067,49.10226539764521,-6573.1894679805255
9.78244567203526,8.29123662837063,0.9337612521439067,49.10226539764521,-6573.1894679805255
9.78244567203526,8.29123662837063,0.9337612521439067,49.10226539764521,-6573.1894679805255
9.78244567203526,8.29123662837063,0.9337612521439067,49.10226539764521,-6573.1894679805255
9.78244567203526,8.29123662837063,0.9337612521439067,49.10226539764521,-6573.1894679805255
9.78244567203526,8.29123662837063,0.9337612521439067,49.10226539764521,-6573.1894679805255
9.78244567203526,8.29123662837063,0.9337612521439067,49.10226539764521,-6573.1894679805255
9.78244567203526,8.29123662837063,0.9337612521439067,49.10226539764521,-6573.1894679805255
9.888622576642137,7.753844350855185,0.7747389722512865,49.527422298324176,-6572.051461443726
9.888622576642137,7.753844350855185,0.7747389722512865,49.527422298324176,-6572.051461443726
10.446022476021248,7.92711121194155,0.7331603523846584,49.53872640872092,-6571.397907704444
10.446022476021248,7.92711121194155,0.7331603523846584,49.53872640872092,-6571.397907704444
10.446022476021248,7.92711121194155,0.7331603523846584,49.53872640872092,-6571.397907704444
10.446022476021248,7.92711121194155,0.7331603523846584,49.53872640872092,-6571.397907704444
10.446022476021248,7.92711121194155,0.7331603523846584,49.53872640872092,-6571.397907704444
10.446022476021248,7.92711121194155,0.7331603523846584,49.53872640872092,-6571.397907704444
10.446022476021248,7.92711121194155,0.7331603523846584,49.53872640872092,-6571.397907704444
10.446022476021248,7.92711121194155,0.7331603523846584,49.53872640872092,-6571.397907704444
10.549114086334376,8.599751068679025,0.6282236319976708,49.59310662024254,-6571.910554702246
9.68074298387223,9.834099515082928,0.8943634719490227,50.497799302977405,-6571.627540571117
9.68074298387223,9.834099515082928,0.8943634719490227,50.497799302977405,-6571.627540571117
9.337321532982395,12.199943636586992,0.789755256047856,50.31860430252427,-6573.294015864299
9.337321532982395,12.199943636586992,0.789755256047856,50.31860430252427,-6573.294015864299
9.337321532982395,12.199943636586992,0.789755256047856,50.31860430252427,-6573.294015864299
9.337321532982395,12.199943636586992,0.789755256047856,50.31860430252427,-6573.294015864299
9.07542525242973,12.010528413830748,0.8631307749660605,50.13271052981072,-6573.442794137881
9.07542525242973,12.010528413830748,0.8631307749660605,50.13271052981072,-6573.442794137881
9.07542525242973,12.010528413830748,0.8631307749660605,50.13271052981072,-6573.442794137881
9.07542525242973,12.010528413830748,0.8631307749660605,50.13271052981072,-6573.442794137881
8.624102175110576,12.372162610324883,0.8588700179679223,49.581176555627735,-6574.045063244674
8.624102175110576,12.372162610324883,0.8588700179679223,49.581176555627735,-6574.045063244674
8.748672432714319,12.343609698459314,0.9297576978201724,48.967626145458,-6576.9558154555325
8.748672432714319,12.343609698459314,0.9297576978201724,48.967626145458,-6576.9558154555325
8.59000594892462,7.76079365000101,0.8920191988807209,49.6766211051024,-6577.596139121291
8.59000594892462,7.76079365000101,0.8920191988807209,49.6766211051024,-6577.596139121291
7.7376262936519336,11.876459415446368,0.8349131575872675,49.66705921192413,-6575.513339224029
7.7376262936519336,11.876459415446368,0.8349131575872675,49.66705921192413,-6575.513339224029
7.7376262936519336,11.876459415446368,0.8349131575872675,49.66705921192413,-6575.513339224029
8.830187794652494,13.42309042383835,0.8397839580507394,49.76234253365347,-6575.808453244892
8.900353605177378,12.068318323846885,0.8383080584513631,49.19777687549703,-6574.635684871995
8.900353605177378,12.068318323846885,0.8383080584513631,49.19777687549703,-6574.635684871995
8.900353605177378,12.068318323846885,0.8383080584513631,49.19777687549703,-6574.635684871995
8.900353605177378,12.068318323846885,0.8383080584513631,49.19777687549703,-6574.635684871995
8.900353605177378,12.068318323846885,0.8383080584513631,49.19777687549703,-6574.635684871995
8.900353605177378,12.068318323846885,0.8383080584513631,49.19777687549703,-6574.635684871995
8.900353605177378,12.068318323846885,0.8383080584513631,49.19777687549703,-6574.635684871995
9.20572169624283,13.494913790752854,0.8110849287564291,49.92224886809022,-6576.541084810386
9.20572169624283,13.494913790752854,0.8110849287564291,49.92224886809022,-6576.541084810386
9.633238723011578,13.343127033417403,0.5741339725210705,49.95994296311263,-6574.680247217542
9.633238723011578,13.343127033417403,0.5741339725210705,49.95994296311263,-6574.680247217542
9.633238723011578,13.343127033417403,0.5741339725210705,49.95994296311263,-6574.680247217542
10.395460281176993,11.755007306362446,0.5669048873263872,49.99581769011005,-6573.944831145438
10.395460281176993,11.755007306362446,0.5669048873263872,49.99581769011005,-6573.944831145438
10.395460281176993,11.755007306362446,0.5669048873263872,49.99581769011005,-6573.944831145438
9.184519227602784,10.460573604452527,0.6260395551775397,50.62650090018038,-6571.9474867476
9.447377274839635,9.371934237937067,0.606790008820895,50.72111108184779,-6572.883064962523
9.447377274839635,9.371934237937067,0.606790008820895,50.72111108184779,-6572.883064962523
9.447377274839635,9.371934237937067,0.606790008820895,50.72111108184779,-6572.883064962523
9.447377274839635,9.371934237937067,0.606790008820895,50.72111108184779,-6572.883064962523
9.447377274839635,9.371934237937067,0.606790008820895,50.72111108184779,-6572.883064962523
8.939938720045225,11.626642883207648,0.7533997284576736,50.49015107860085,-6571.651107449674
9.418679855902624,8.517686153007322,0.7409678466619105,50.04507758802695,-6571.857986015393
9.418679855902624,8.517686153007322,0.7409678466619105,50.04507758802695,-6571.857986015393
10.705670877186913,9.058486639497989,0.7454441876691844,49.66279404827601,-6572.111437665743
10.705670877186913,9.058486639497989,0.7454441876691844,49.66279404827601,-6572.111437665743
10.705670877186913,9.058486639497989,0.7454441876691844,49.66279404827601,-6572.111437665743
10.705670877186913,9.058486639497989,0.7454441876691844,49.66279404827601,-6572.111437665743
10.705670877186913,9.058486639497989,0.7454441876691844,49.66279404827601,-6572.111437665743
11.088524649547221,8.334524825416278,0.7715278058748315,49.864707747736894,-6572.249393461689
11.088524649547221,8.334524825416278,0.7715278058748315,49.864707747736894,-6572.249393461689
11.088524649547221,8.334524825416278,0.7715278058748315,49.864707747736894,-6572.249393461689
10.875659679724942,8.782764042578261,0.7741823074705485,50.3573545808037,-6571.751382077158
10.875659679724942,8.782764042578261,0.7741823074705485,50.3573545808037,-6571.751382077158
10.875659679724942,8.782764042578261,0.7741823074705485,50.3573545808037,-6571.751382077158
10.875659679724942,8.782764042578261,0.7741823074705485,50.3573545808037,-6571.751382077158
10.875659679724942,8.782764042578261,0.7741823074705485,50.3573545808037,-6571.751382077158
10.875659679724942,8.782764042578261,0.7741823074705485,50.3573545808037,-6571.751382077158
10.875659679724942,8.782764042578261,0.7741823074705485,50.3573545808037,-6571.751382077158
10.875659679724942,8.782764042578261,0.7741823074705485,50.3573545808037,-6571.751382077158
9.99282980411743,8.369598200636204,0.8433021503790001,50.24060429302467,-6570.336424321815
9.52170315423472,11.254911260879169,0.6940409761270719,50.848986395662266,-6571.598709135962
10.830262493228373,8.215911539108234,0.5524154829794153,51.589989593779,-6573.975972872595
10.830262493228373,8.215911539108234,0.5524154829794153,51.589989593779,-6573.975972872595
10.830262493228373,8.215911539108234,0.5524154829794153,51.589989593779,-6573.975972872595
10.830262493228373,8.215911539108234,0.5524154829794153,51.589989593779,-6573.975972872595
10.830262493228373,8.215911539108234,0.5524154829794153,51.589989593779,-6573.975972872595
10.830262493228373,8.215911539108234,0.5524154829794153,51.589989593779,-6573.975972872595
10.830262493228373,8.215911539108234,0.5524154829794153,51.589989593779,-6573.975972872595
10.830262493228373,8.215911539108234,0.5524154829794153,51.589989593779,-6573.975972872595
10.951287571819334,7.533712192487635,0.7193718344802608,51.87679060997037,-6573.654288255327
10.951287571819334,7.533712192487635,0.7193718344802608,51.87679060997037,-6573.654288255327
10.951287571819334,7.533712192487635,0.7193718344802608,51.87679060997037,-6573.654288255327
9.884422714424609,7.829894474911263,0.8736262999956325,51.391361750306054,-6572.354399566441
9.884422714424609,7.829894474911263,0.8736262999956325,51.391361750306054,-6572.354399566441
9.884422714424609,7.829894474911263,0.8736262999956325,51.391361750306054,-6572.354399566441
9.884422714424609,7.829894474911263,0.8736262999956325,51.391361750306054,-6572.354399566441
9.884422714424609,7.829894474911263,0.8736262999956325,51.391361750306054,-6572.354399566441
9.884422714424609,7.829894474911263,0.8736262999956325,51.391361750306054,-6572.354399566441
9.884422714424609,7.829894474911263,0.8736262999956325,51.391361750306054,-6572.354399566441
9.884422714424609,7.829894474911263,0.8736262999956325,51.391361750306054,-6572.354399566441
9.884422714424609,7.829894474911263,0.8736262999956325,51.391361750306054,-6572.354399566441
11.231999011204646,6.1044185913954845,0.7364938163634109,51.05782182173777,-6571.802263788864
10.93826295345351,6.660594900810807,0.7268575690428708,50.33422490794915,-6570.9099456960075
10.540092524533366,7.569944718337359,0.6696786457537554,50.251615779309546,-6571.018033388761
10.540092524533366,7.569944718337359,0.6696786457537554,50.251615779309546,-6571.018033388761
10.540092524533366,7.569944718337359,0.6696786457537554,50.251615779309546,-6571.018033388761
10.540092524533366,7.569944718337359,0.6696786457537554,50.251615779309546,-6571.018033388761
10.540092524533366,7.569944718337359,0.6696786457537554,50.251615779309546,-6571.018033388761
10.540092524533366,7.569944718337359,0.6696786457537554,50.251615779309546,-6571.018033388761
10.540092524533366,7.569944718337359,0.6696786457537554,50.251615779309546,-6571.018033388761
10.540092524533366,7.569944718337359,0.6696786457537554,50.251615779309546,-6571.018033388761
10.540092524533366,7.569944718337359,0.6696786457537554,50.251615779309546,-6571.018033388761
10.11120011586442,9.212065317711753,0.7865421018930978,50.33980183724518,-6570.474968335146
10.11120011586442,9.212065317711753,0.7865421018930978,50.33980183724518,-6570.474968335146
10.11120011586442,9.212065317711753,0.7865421018930978,50.33980183724518,-6570.474968335146
10.11120011586442,9.212065317711753,0.7865421018930978,50.33980183724518,-6570.474968335146
10.11120011586442,9.212065317711753,0.7865421018930978,50.33980183724518,-6570.474968335146
10.11120011586442,9.212065317711753,0.7865421018930978,50.33980183724518,-6570.474968335146
10.11120011586442,9.212065317711753,0.7865421018930978,50.33980183724518,-6570.474968335146
10.11120011586442,9.212065317711753,0.7865421018930978,50.33980183724518,-6570.474968335146
10.11120011586442,9.212065317711753,0.7865421018930978,50.33980183724518,-6570.474968335146
10.11120011586442,9.212065317711753,0.7865421018930978,50.33980183724518,-6570.474968335146
10.11120011586442,9.212065317711753,0.7865421018930978,50.33980183724518,-6570.474968335146
10.11120011586442,9.212065317711753,0.7865421018930978,50.33980183724518,-6570.474968335146
10.134062175921308,8.941464586456984,0.6247495357115849,49.43724002182077,-6572.489402376331
10.134062175921308,8.941464586456984,0.6247495357115849,49.43724002182077,-6572.489402376331
10.134062175921308,8.941464586456984,0.6247495357115849,49.43724002182077,-6572.489402376331
9.80547929017299,10.15140506095856,0.7128280305518678,49.16949754992082,-6572.764057702177
9.80547929017299,10.15140506095856,0.7128280305518678,49.16949754992082,-6572.764057702177
9.80547929017299,10.15140506095856,0.7128280305518678,49.16949754992082,-6572.764057702177
9.80547929017299,10.15140506095856,0.7128280305518678,49.16949754992082,-6572.764057702177
10.641214523473954,9.04455360603835,0.4939290489475947,50.13147210276189,-6573.312167508282
10.641214523473954,9.04455360603835,0.4939290489475947,50.13147210276189,-6573.312167508282
10.641214523473954,9.04455360603835,0.4939290489475947,50.13147210276189,-6573.312167508282
10.641214523473954,9.04455360603835,0.4939290489475947,50.13147210276189,-6573.312167508282
10.641214523473954,9.04455360603835,0.4939290489475947,50.13147210276189,-6573.312167508282
10.641214523473954,9.04455360603835,0.4939290489475947,50.13147210276189,-6573.312167508282
10.641214523473954,9.04455360603835,0.4939290489475947,50.13147210276189,-6573.312167508282
10.641214523473954,9.04455360603835,0.4939290489475947,50.13147210276189,-6573.312167508282
10.641214523473954,9.04455360603835,0.4939290489475947,50.13147210276189,-6573.312167508282
9.941884038674463,8.240053421081342,0.6565221444740357,50.26793195028529,-6571.672511824881
9.941884038674463,8.240053421081342,0.6565221444740357,50.26793195028529,-6571.672511824881
9.941884038674463,8.240053421081342,0.6565221444740357,50.26793195028529,-6571.672511824881
9.941884038674463,8.240053421081342,0.6565221444740357,50.26793195028529,-6571.672511824881
9.941884038674463,8.240053421081342,0.6565221444740357,50.26793195028529,-6571.672511824881
9.941884038674463,8.240053421081342,0.6565221444740357,50.26793195028529,-6571.672511824881
9.941884038674463,8.240053421081342,0.6565221444740357,50.26793195028529,-6571.672511824881
10.903804827578877,7.595986986022299,0.8398829614182999,50.20966962576146,-6571.135800362662
10.089290442080195,7.2867823943110634,0.983467002344582,51.22230961620928,-6572.558770594621
10.598063217082373,7.519242599347397,0.8347779268349736,51.5107638535009,-6572.358123209152
10.598063217082373,7.519242599347397,0.8347779268349736,51.5107638535009,-6572.358123209152
9.815143348984883,7.807045292412515,0.9168056971170799,50.82894408885943,-6571.257132287259
9.815143348984883,7.807045292412515,0.9168056971170799,50.82894408885943,-6571.257132287259
9.815143348984883,7.807045292412515,0.9168056971170799,50.82894408885943,-6571.257132287259
9.815143348984883,7.807045292412515,0.9168056971170799,50.82894408885943,-6571.257132287259
9.815143348984883,7.807045292412515,0.9168056971170799,50.82894408885943,-6571.257132287259
9.815143348984883,7.807045292412515,0.9168056971170799,50.82894408885943,-6571.257132287259
9.815143348984883,7.807045292412515,0.9168056971170799,50.82894408885943,-6571.257132287259
9.815143348984883,7.807045292412515,0.9168056971170799,50.82894408885943,-6571.257132287259
9.815143348984883,7.807045292412515,0.9168056971170799,50.82894408885943,-6571.257132287259
9.815143348984883,7.807045292412515,0.9168056971170799,50.82894408885943,-6571.257132287259
10.21203447559245,7.493260431482397,0.8186743906439737,50.59769320275216,-6570.473117672075
10.21203447559245,7.493260431482397,0.8186743906439737,50.59769320275216,-6570.473117672075
10.21203447559245,7.493260431482397,0.8186743906439737,50.59769320275216,-6570.473117672075
9.239695401384594,8.348126725761647,0.9956128682042384,50.1718949202607,-6572.02546091226
9.239695401384594,8.348126725761647,0.9956128682042384,50.1718949202607,-6572.02546091226
9.239695401384594,8.348126725761647,0.9956128682042384,50.1718949202607,-6572.02546091226
9.239695401384594,8.348126725761647,0.9956128682042384,50.1718949202607,-6572.02546091226
10.161100979488062,7.323243724855152,1.0064710374045895,50.639163584514115,-6571.764590877553
10.161100979488062,7.323243724855152,1.0064710374045895,50.639163584514115,-6571.764590877553
10.161100979488062,7.323243724855152,1.0064710374045895,50.639163584514115,-6571.764590877553
10.161100979488062,7.323243724855152,1.0064710374045895,50.639163584514115,-6571.764590877553
10.161100979488062,7.323243724855152,1.0064710374045895,50.639163584514115,-6571.764590877553
10.161100979488062,7.323243724855152,1.0064710374045895,50.639163584514115,-6571.764590877553
10.161100979488062,7.323243724855152,1.0064710374045895,50.639163584514115,-6571.764590877553
10.161100979488062,7.323243724855152,1.0064710374045895,50.639163584514115,-6571.764590877553
10.161100979488062,7.323243724855152,1.0064710374045895,50.639163584514115,-6571.764590877553
10.161100979488062,7.323243724855152,1.0064710374045895,50.639163584514115,-6571.764590877553
10.161100979488062,7.323243724855152,1.0064710374045895,50.639163584514115,-6571.764590877553
10.161100979488062,7.323243724855152,1.0064710374045895,50.639163584514115,-6571.764590877553
10.161100979488062,7.323243724855152,1.0064710374045895,50.639163584514115,-6571.764590877553
10.161100979488062,7.323243724855152,1.0064710374045895,50.639163584514115,-6571.764590877553
10.161100979488062,7.323243724855152,1.0064710374045895,50.639163584514115,-6571.764590877553
10.161100979488062,7.323243724855152,1.0064710374045895,50.639163584514115,-6571.764590877553
9.878979367376253,9.072109635647726,0.8804735329576194,50.507762805280834,-6570.93633325967
9.878979367376253,9.072109635647726,0.8804735329576194,50.507762805280834,-6570.93633325967
9.88714296945605,8.069885111387297,0.7863107430273357,50.6285786276362,-6570.616518295398
9.88714296945605,8.069885111387297,0.7863107430273357,50.6285786276362,-6570.616518295398
9.88714296945605,8.069885111387297,0.7863107430273357,50.6285786276362,-6570.616518295398
9.88714296945605,8.069885111387297,0.7863107430273357,50.6285786276362,-6570.616518295398
9.88714296945605,8.069885111387297,0.7863107430273357,50.6285786276362,-6570.616518295398
9.88714296945605,8.069885111387297,0.7863107430273357,50.6285786276362,-6570.616518295398
9.88714296945605,8.069885111387297,0.7863107430273357,50.6285786276362,-6570.616518295398
9.88714296945605,8.069885111387297,0.7863107430273357,50.6285786276362,-6570.616518295398
9.88714296945605,8.069885111387297,0.7863107430273357,50.6285786276362,-6570.616518295398
10.466889250680266,7.338330106501063,0.8271435797379072,50.5497104887343,-6570.391769925749
10.466889250680266,7.338330106501063,0.8271435797379072,50.5497104887343,-6570.391769925749
10.466889250680266,7.338330106501063,0.8271435797379072,50.5497104887343,-6570.391769925749
10.10288832314754,6.982404403947257,0.7513585337350583,50.88179143445509,-6572.26103181044
10.10288832314754,6.982404403947257,0.7513585337350583,50.88179143445509,-6572.26103181044
10.10288832314754,6.982404403947257,0.7513585337350583,50.88179143445509,-6572.26103181044
10.10288832314754,6.982404403947257,0.7513585337350583,50.88179143445509,-6572.26103181044
10.85658179900862,9.503248139005612,0.6384456911018983,50.3710638040312,-6571.6994904610165
10.85658179900862,9.503248139005612,0.6384456911018983,50.3710638040312,-6571.6994904610165
10.85658179900862,9.503248139005612,0.6384456911018983,50.3710638040312,-6571.6994904610165
10.568905060889572,7.755151326962274,0.6411232600800656,50.0680850444023,-6571.375083099198
10.568905060889572,7.755151326962274,0.6411232600800656,50.0680850444023,-6571.375083099198
10.568905060889572,7.755151326962274,0.6411232600800656,50.0680850444023,-6571.375083099198
10.568905060889572,7.755151326962274,0.6411232600800656,50.0680850444023,-6571.375083099198
10.568905060889572,7.755151326962274,0.6411232600800656,50.0680850444023,-6571.375083099198
10.568905060889572,7.755151326962274,0.6411232600800656,50.0680850444023,-6571.375083099198
10.885280596308164,5.165941643861841,0.7000026046149933,50.64926621614648,-6574.928118894268
10.885280596308164,5.165941643861841,0.7000026046149933,50.64926621614648,-6574.928118894268
10.667697447620245,5.80361536748319,0.7580357698399163,50.161748013832025,-6572.608772132004
10.876057082940761,7.469060675352256,0.7135468048563214,50.48696879816461,-6570.518973102649
10.525768083412972,8.365217209894414,0.7075385943095204,50.687250333178774,-6570.401142792569
10.525768083412972,8.365217209894414,0.7075385943095204,50.687250333178774,-6570.401142792569
10.212953068390819,7.6474036233440295,0.8655027345279337,50.94118178370257,-6570.955950817688
10.212953068390819,7.6474036233440295,0.8655027345279337,50.94118178370257,-6570.955950817688
9.7772555431894,8.859653628627768,0.8870854784255006,50.60509613534212,-6570.849540620935
9.7772555431894,8.859653628627768,0.8870854784255006,50.60509613534212,-6570.849540620935
9.7772555431894,8.859653628627768,0.8870854784255006,50.60509613534212,-6570.849540620935
9.7772555431894,8.859653628627768,0.8870854784255006,50.60509613534212,-6570.849540620935
9.7772555431894,8.859653628627768,0.8870854784255006,50.60509613534212,-6570.849540620935
9.7772555431894,8.859653628627768,0.8870854784255006,50.60509613534212,-6570.849540620935
9.7772555431894,8.859653628627768,0.8870854784255006,50.60509613534212,-6570.849540620935
9.7772555431894,8.859653628627768,0.8870854784255006,50.60509613534212,-6570.849540620935
9.7772555431894,8.859653628627768,0.8870854784255006,50.60509613534212,-6570.849540620935
9.7772555431894,8.859653628627768,0.8870854784255006,50.60509613534212,-6570.849540620935
9.7772555431894,8.859653628627768,0.8870854784255006,50.60509613534212,-6570.849540620935
9.342776597191467,9.705917145969249,0.8233537106544078,50.476517210784756,-6570.7262133258555
9.342776597191467,9.705917145969249,0.8233537106544078,50.476517210784756,-6570.7262133258555
9.342776597191467,9.705917145969249,0.8233537106544078,50.476517210784756,-6570.7262133258555
9.342776597191467,9.705917145969249,0.8233537106544078,50.476517210784756,-6570.7262133258555
9.342776597191467,9.705917145969249,0.8233537106544078,50.476517210784756,-6570.7262133258555
10.013268949868053,10.083910884706743,0.6781009503717632,50.368081807941856,-6570.646580040084
10.013268949868053,10.083910884706743,0.6781009503717632,50.368081807941856,-6570.646580040084
10.013268949868053,10.083910884706743,0.6781009503717632,50.368081807941856,-6570.646580040084
10.013268949868053,10.083910884706743,0.6781009503717632,50.368081807941856,-6570.646580040084
10.013268949868053,10.083910884706743,0.6781009503717632,50.368081807941856,-6570.646580040084
10.013268949868053,10.083910884706743,0.6781009503717632,50.368081807941856,-6570.646580040084
10.162060895539371,9.314123384914582,0.5918383185382039,50.25715420570248,-6571.234994246057
10.162060895539371,9.314123384914582,0.5918383185382039,50.25715420570248,-6571.234994246057
10.162060895539371,9.314123384914582,0.5918383185382039,50.25715420570248,-6571.234994246057
10.162060895539371,9.314123384914582,0.5918383185382039,50.25715420570248,-6571.234994246057
10.162060895539371,9.314123384914582,0.5918383185382039,50.25715420570248,-6571.234994246057
10.162060895539371,9.314123384914582,0.5918383185382039,50.25715420570248,-6571.234994246057
10.162060895539371,9.314123384914582,0.5918383185382039,50.25715420570248,-6571.234994246057
10.162060895539371,9.314123384914582,0.5918383185382039,50.25715420570248,-6571.234994246057
10.162060895539371,9.314123384914582,0.5918383185382039,50.25715420570248,-6571.234994246057
10.162060895539371,9.314123384914582,0.5918383185382039,50.25715420570248,-6571.234994246057
10.162060895539371,9.314123384914582,0.5918383185382039,50.25715420570248,-6571.234994246057
9.953665655300842,9.405392668644582,0.6573291333932939,51.006257487126014,-6571.11206019803
8.877212434067758,11.675872433703269,0.6696399269706858,51.274269604524854,-6573.138657874139
8.877212434067758,11.675872433703269,0.6696399269706858,51.274269604524854,-6573.138657874139
8.58906981649408,11.6705792880826,0.8478775188654165,50.650491178665625,-6572.636836590404
8.58906981649408,11.6705792880826,0.8478775188654165,50.650491178665625,-6572.636836590404
8.58906981649408,11.6705792880826,0.8478775188654165,50.650491178665625,-6572.636836590404
8.58906981649408,11.6705792880826,0.8478775188654165,50.650491178665625,-6572.636836590404
8.58906981649408,11.6705792880826,0.8478775188654165,50.650491178665625,-6572.636836590404
9.26887050589094,11.10967542994866,0.7438923652393123,50.78230252395968,-6571.438465655374
9.26887050589094,11.10967542994866,0.7438923652393123,50.78230252395968,-6571.438465655374
9.23643440130658,11.385940334864165,0.7200132268982218,49.73183614266402,-6571.846482835312
9.23643440130658,11.385940334864165,0.7200132268982218,49.73183614266402,-6571.846482835312
9.23643440130658,11.385940334864165,0.7200132268982218,49.73183614266402,-6571.846482835312
9.531922828370744,9.079964997257395,0.7688008121027319,49.55014807665816,-6571.526127947216
9.593171987405599,10.600452234401438,0.7378228988851234,50.353627095703416,-6570.829969075288
10.468135786629079,10.662994040427712,0.6351911646695785,50.12075138700027,-6572.349276593988
10.75102091479584,9.488084509112452,0.5694298565292387,50.06894742362618,-6571.893183559625
10.98689422541783,6.607459123418216,0.7722284718149843,50.20122367691579,-6570.772043159007
10.98689422541783,6.607459123418216,0.7722284718149843,50.20122367691579,-6570.772043159007
10.98689422541783,6.607459123418216,0.7722284718149843,50.20122367691579,-6570.772043159007
10.98689422541783,6.607459123418216,0.7722284718149843,50.20122367691579,-6570.772043159007
10.98689422541783,6.607459123418216,0.7722284718149843,50.20122367691579,-6570.772043159007
10.98689422541783,6.607459123418216,0.7722284718149843,50.20122367691579,-6570.772043159007
10.98689422541783,6.607459123418216,0.7722284718149843,50.20122367691579,-6570.772043159007
10.684263424540234,5.426247490094653,0.8605096385794392,50.577141502739515,-6572.212690556447
10.684263424540234,5.426247490094653,0.8605096385794392,50.577141502739515,-6572.212690556447
10.684263424540234,5.426247490094653,0.8605096385794392,50.577141502739515,-6572.212690556447
10.69827886199225,8.479992017519015,0.8717606385866571,50.727978051549584,-6572.156337167271
10.69827886199225,8.479992017519015,0.8717606385866571,50.727978051549584,-6572.156337167271
10.69827886199225,8.479992017519015,0.8717606385866571,50.727978051549584,-6572.156337167271
10.69827886199225,8.479992017519015,0.8717606385866571,50.727978051549584,-6572.156337167271
10.213626986436799,8.62508992011332,0.8759801730080286,50.75174861638999,-6571.1810202344395
10.213626986436799,8.62508992011332,0.8759801730080286,50.75174861638999,-6571.1810202344395
10.213626986436799,8.62508992011332,0.8759801730080286,50.75174861638999,-6571.1810202344395
10.213626986436799,8.62508992011332,0.8759801730080286,50.75174861638999,-6571.1810202344395
10.213626986436799,8.62508992011332,0.8759801730080286,50.75174861638999,-6571.1810202344395
10.213626986436799,8.62508992011332,0.8759801730080286,50.75174861638999,-6571.1810202344395
10.213626986436799,8.62508992011332,0.8759801730080286,50.75174861638999,-6571.1810202344395
9.737266130227002,10.56038046344052,0.8032179478689927,50.48871551172194,-6571.56661977727
9.737266130227002,10.56038046344052,0.8032179478689927,50.48871551172194,-6571.56661977727
9.737266130227002,10.56038046344052,0.8032179478689927,50.48871551172194,-6571.56661977727
10.30512997906219,10.825199561932493,0.7742479533182123,50.43378959977136,-6573.480171378405
11.92302655389007,8.484850358417388,0.5231041314896174,51.088252311917515,-6574.3990500650725
12.186915792699514,9.617059573116467,0.49430177492116123,50.48405069805977,-6577.055265770787
12.186915792699514,9.617059573116467,0.49430177492116123,50.48405069805977,-6577.055265770787
12.186915792699514,9.617059573116467,0.49430177492116123,50.48405069805977,-6577.055265770787
11.58712534795729,7.857080125083523,0.6131589726762156,50.57011318590907,-6572.128052198399
11.58712534795729,7.857080125083523,0.6131589726762156,50.57011318590907,-6572.128052198399
11.58712534795729,7.857080125083523,0.6131589726762156,50.57011318590907,-6572.128052198399
11.026107279104522,9.53511407254468,0.6001581117708965,50.31913329535552,-6572.215584898155
11.026107279104522,9.53511407254468,0.6001581117708965,50.31913329535552,-6572.215584898155
11.026107279104522,9.53511407254468,0.6001581117708965,50.31913329535552,-6572.215584898155
11.026107279104522,9.53511407254468,0.6001581117708965,50.31913329535552,-6572.215584898155
9.276053847071294,12.62567125298623,0.6689152445887132,51.197475711534885,-6573.679246356661
9.574263199734935,11.768041100135115,0.6765681515026247,51.110106191419945,-6572.690018294774
9.574263199734935,11.768041100135115,0.6765681515026247,51.110106191419945,-6572.690018294774
9.574263199734935,11.768041100135115,0.6765681515026247,51.110106191419945,-6572.690018294774
9.574263199734935,11.768041100135115,0.6765681515026247,51.110106191419945,-6572.690018294774
9.574263199734935,11.768041100135115,0.6765681515026247,51.110106191419945,-6572.690018294774
9.574263199734935,11.768041100135115,0.6765681515026247,51.110106191419945,-6572.690018294774
9.574263199734935,11.768041100135115,0.6765681515026247,51.110106191419945,-6572.690018294774
9.574263199734935,11.768041100135115,0.6765681515026247,51.110106191419945,-6572.690018294774
9.574263199734935,11.768041100135115,0.6765681515026247,51.110106191419945,-6572.690018294774
8.402903494697412,12.059415173724561,0.8906668648016525,50.144134340689114,-6573.327903443002
8.402903494697412,12.059415173724561,0.8906668648016525,50.144134340689114,-6573.327903443002
8.402903494697412,12.059415173724561,0.8906668648016525,50.144134340689114,-6573.327903443002
8.402903494697412,12.059415173724561,0.8906668648016525,50.144134340689114,-6573.327903443002
8.409434913922006,11.307332429614336,0.9533162825081101,50.54583081507696,-6573.503662424011
8.409434913922006,11.307332429614336,0.9533162825081101,50.54583081507696,-6573.503662424011
8.409434913922006,11.307332429614336,0.9533162825081101,50.54583081507696,-6573.503662424011
8.409434913922006,11.307332429614336,0.9533162825081101,50.54583081507696,-6573.503662424011
8.409434913922006,11.307332429614336,0.9533162825081101,50.54583081507696,-6573.503662424011
8.409434913922006,11.307332429614336,0.9533162825081101,50.54583081507696,-6573.503662424011
8.409434913922006,11.307332429614336,0.9533162825081101,50.54583081507696,-6573.503662424011
8.409434913922006,11.307332429614336,0.9533162825081101,50.54583081507696,-6573.503662424011
8.409434913922006,11.307332429614336,0.9533162825081101,50.54583081507696,-6573.503662424011
8.409434913922006,11.307332429614336,0.9533162825081101,50.54583081507696,-6573.503662424011
8.409434913922006,11.307332429614336,0.9533162825081101,50.54583081507696,-6573.503662424011
8.409434913922006,11.307332429614336,0.9533162825081101,50.54583081507696,-6573.503662424011
9.366565941756186,10.304277273990222,1.0299057450313156,51.121532517461915,-6575.008918936073
9.15712629097284,8.937237730990244,0.9357347773144176,51.18691706383993,-6572.835422382783
9.15712629097284,8.937237730990244,0.9357347773144176,51.18691706383993,-6572.835422382783
9.15712629097284,8.937237730990244,0.9357347773144176,51.18691706383993,-6572.835422382783
9.15712629097284,8.937237730990244,0.9357347773144176,51.18691706383993,-6572.835422382783
9.15712629097284,8.937237730990244,0.9357347773144176,51.18691706383993,-6572.835422382783
9.15712629097284,8.937237730990244,0.9357347773144176,51.18691706383993,-6572.835422382783
9.15712629097284,8.937237730990244,0.9357347773144176,51.18691706383993,-6572.835422382783
9.15712629097284,8.937237730990244,0.9357347773144176,51.18691706383993,-6572.835422382783
8.91947629554282,9.845396338848534,0.8159480655640822,50.70553473268631,-6571.704734099309
9.976897403128946,8.743582494944551,0.8377826805624037,50.72996339693491,-6570.615724484498
9.976897403128946,8.743582494944551,0.8377826805624037,50.72996339693491,-6570.615724484498
9.934353900233198,8.204493400677004,0.7217360848812576,50.123846601596156,-6570.8422062394675
9.934353900233198,8.204493400677004,0.7217360848812576,50.123846601596156,-6570.8422062394675
10.118588587889572,7.12540431950693,0.8496247737247827,50.23766919604854,-6570.813571893586
9.572272243197414,10.120434003789708,0.7691571406001819,50.96877790286391,-6571.1865228358665
9.572272243197414,10.120434003789708,0.7691571406001819,50.96877790286391,-6571.1865228358665
9.28447917522177,8.846654708236398,0.7015189901798822,50.5369607240436,-6572.391776496211
9.28447917522177,8.846654708236398,0.7015189901798822,50.5369607240436,-6572.391776496211
9.28447917522177,8.846654708236398,0.7015189901798822,50.5369607240436,-6572.391776496211
8.782034601599396,9.773239144360327,0.7527055526555665,50.64583870631366,-6572.619694440016
9.424247836292084,9.326483499673321,0.9946523242963695,50.60069861494355,-6572.28061505346
9.205368747514353,9.148131930936609,0.9499023692600169,50.05348101171812,-6571.625419693128
9.205368747514353,9.148131930936609,0.9499023692600169,50.05348101171812,-6571.625419693128
9.949836040669853,9.003085326367428,0.9983686160261478,49.88749112092903,-6572.9101737740175
10.321023217215869,7.49237145244715,1.101966667181772,49.71025524873287,-6574.020354567134
10.951151577482566,5.772884420419252,0.8766168695418031,49.47172381357716,-6572.554144583145
10.951151577482566,5.772884420419252,0.8766168695418031,49.47172381357716,-6572.554144583145
10.285828576608893,5.818913901743727,0.9797530569942536,49.589265677801436,-6573.097340937043
10.285828576608893,5.818913901743727,0.9797530569942536,49.589265677801436,-6573.097340937043
11.283712974798993,4.698803750624907,1.0035347326008346,49.45257330616108,-6574.039080584632
11.283712974798993,4.698803750624907,1.0035347326008346,49.45257330616108,-6574.039080584632
11.283712974798993,4.698803750624907,1.0035347326008346,49.45257330616108,-6574.039080584632
12.354175162960853,8.263318383268064,0.7928293924365613,49.89892303232598,-6579.5329600935875
12.354175162960853,8.263318383268064,0.7928293924365613,49.89892303232598,-6579.5329600935875
12.354175162960853,8.263318383268064,0.7928293924365613,49.89892303232598,-6579.5329600935875
12.354175162960853,8.263318383268064,0.7928293924365613,49.89892303232598,-6579.5329600935875
13.270264569636737,6.473267618330631,0.7316420154159754,50.15578393628834,-6579.521460722238
13.270264569636737,6.473267618330631,0.7316420154159754,50.15578393628834,-6579.521460722238
13.270264569636737,6.473267618330631,0.7316420154159754,50.15578393628834,-6579.521460722238
13.270264569636737,6.473267618330631,0.7316420154159754,50.15578393628834,-6579.521460722238
13.270264569636737,6.473267618330631,0.7316420154159754,50.15578393628834,-6579.521460722238
12.018377796085442,5.102793393115226,0.8846574918850105,49.70178711705852,-6573.70292884144
12.018377796085442,5.102793393115226,0.8846574918850105,49.70178711705852,-6573.70292884144
11.152727573201197,4.929250839057545,0.9908108277712433,49.5630371003605,-6573.43648554822
11.152727573201197,4.929250839057545,0.9908108277712433,49.5630371003605,-6573.43648554822
11.152727573201197,4.929250839057545,0.9908108277712433,49.5630371003605,-6573.43648554822
10.804182053468008,5.915658765749823,0.8803344152790284,49.99131870618329,-6571.425057055448
10.804182053468008,5.915658765749823,0.8803344152790284,49.99131870618329,-6571.425057055448
10.804182053468008,5.915658765749823,0.8803344152790284,49.99131870618329,-6571.425057055448
10.804182053468008,5.915658765749823,0.8803344152790284,49.99131870618329,-6571.425057055448
10.804182053468008,5.915658765749823,0.8803344152790284,49.99131870618329,-6571.425057055448
10.804182053468008,5.915658765749823,0.8803344152790284,49.99131870618329,-6571.425057055448
10.804182053468008,5.915658765749823,0.8803344152790284,49.99131870618329,-6571.425057055448
10.804182053468008,5.915658765749823,0.8803344152790284,49.99131870618329,-6571.425057055448
10.804182053468008,5.915658765749823,0.8803344152790284,49.99131870618329,-6571.425057055448
10.804182053468008,5.915658765749823,0.8803344152790284,49.99131870618329,-6571.425057055448
10.804182053468008,5.915658765749823,0.8803344152790284,49.99131870618329,-6571.425057055448
10.804182053468008,5.915658765749823,0.8803344152790284,49.99131870618329,-6571.425057055448
10.804182053468008,5.915658765749823,0.8803344152790284,49.99131870618329,-6571.425057055448
10.804182053468008,5.915658765749823,0.8803344152790284,49.99131870618329,-6571.425057055448
10.804182053468008,5.915658765749823,0.8803344152790284,49.99131870618329,-6571.425057055448
10.804182053468008,5.915658765749823,0.8803344152790284,49.99131870618329,-6571.425057055448
10.804182053468008,5.915658765749823,0.8803344152790284,49.99131870618329,-6571.425057055448
10.804182053468008,5.915658765749823,0.8803344152790284,49.99131870618329,-6571.425057055448
10.804182053468008,5.915658765749823,0.8803344152790284,49.99131870618329,-6571.425057055448
10.871344125439593,7.119652435220447,0.846230579864368,49.76149944121066,-6571.353254634666
10.871344125439593,7.119652435220447,0.846230579864368,49.76149944121066,-6571.353254634666
10.947872509801767,7.9015600643837125,0.5950787497169057,50.16075507332503,-6571.646476462074
10.947872509801767,7.9015600643837125,0.5950787497169057,50.16075507332503,-6571.646476462074
10.947872509801767,7.9015600643837125,0.5950787497169057,50.16075507332503,-6571.646476462074
10.947872509801767,7.9015600643837125,0.5950787497169057,50.16075507332503,-6571.646476462074
10.947872509801767,7.9015600643837125,0.5950787497169057,50.16075507332503,-6571.646476462074
10.947872509801767,7.9015600643837125,0.5950787497169057,50.16075507332503,-6571.646476462074
10.947872509801767,7.9015600643837125,0.5950787497169057,50.16075507332503,-6571.646476462074
10.947872509801767,7.9015600643837125,0.5950787497169057,50.16075507332503,-6571.646476462074
10.947872509801767,7.9015600643837125,0.5950787497169057,50.16075507332503,-6571.646476462074
10.947872509801767,7.9015600643837125,0.5950787497169057,50.16075507332503,-6571.646476462074
10.947872509801767,7.9015600643837125,0.5950787497169057,50.16075507332503,-6571.646476462074
11.050246616922502,9.702856125696558,0.5383189647603872,50.51568865724648,-6572.6018234999365
11.280504426165512,7.935665480157104,0.7441631950085175,50.65741760064859,-6571.724439715631
10.245012182335586,10.29102485370317,0.8438114756844731,50.37694244567562,-6573.228913278255
10.245012182335586,10.29102485370317,0.8438114756844731,50.37694244567562,-6573.228913278255
11.73244597468625,8.266457512079576,0.6375042203551451,49.86424363038691,-6573.686237831148
11.113004574866519,6.100025625085653,0.749357358708439,49.11989890749818,-6573.915399331137
11.113004574866519,6.100025625085653,0.749357358708439,49.11989890749818,-6573.915399331137
10.895083670658849,7.780442420565601,0.6175071047409892,49.6386033987563,-6572.317319335087
10.895083670658849,7.780442420565601,0.6175071047409892,49.6386033987563,-6572.317319335087
10.202303269386938,6.882228439084685,0.7655500055209834,50.570497389917854,-6571.576006926973
10.202303269386938,6.882228439084685,0.7655500055209834,50.570497389917854,-6571.576006926973
10.202303269386938,6.882228439084685,0.7655500055209834,50.570497389917854,-6571.576006926973
9.844696701331031,8.567111338322086,0.7624052059949104,50.185066722814916,-6570.365169836668
10.646896549360612,8.462863654899158,0.6935982358250493,49.76922090633041,-6571.10384272742
10.646896549360612,8.462863654899158,0.6935982358250493,49.76922090633041,-6571.10384272742
10.646896549360612,8.462863654899158,0.6935982358250493,49.76922090633041,-6571.10384272742
10.646896549360612,8.462863654899158,0.6935982358250493,49.76922090633041,-6571.10384272742
10.646896549360612,8.462863654899158,0.6935982358250493,49.76922090633041,-6571.10384272742
10.646896549360612,8.462863654899158,0.6935982358250493,49.76922090633041,-6571.10384272742
10.646896549360612,8.462863654899158,0.6935982358250493,49.76922090633041,-6571.10384272742
10.646896549360612,8.462863654899158,0.6935982358250493,49.76922090633041,-6571.10384272742
10.646896549360612,8.462863654899158,0.6935982358250493,49.76922090633041,-6571.10384272742
10.646896549360612,8.462863654899158,0.6935982358250493,49.76922090633041,-6571.10384272742
10.646896549360612,8.462863654899158,0.6935982358250493,49.76922090633041,-6571.10384272742
10.646896549360612,8.462863654899158,0.6935982358250493,49.76922090633041,-6571.10384272742
10.646896549360612,8.462863654899158,0.6935982358250493,49.76922090633041,-6571.10384272742
9.861334874477107,9.943867123182567,0.7379613943756914,50.12420418932561,-6570.601547695647
9.861334874477107,9.943867123182567,0.7379613943756914,50.12420418932561,-6570.601547695647
9.861334874477107,9.943867123182567,0.7379613943756914,50.12420418932561,-6570.601547695647
9.861334874477107,9.943867123182567,0.7379613943756914,50.12420418932561,-6570.601547695647
9.861334874477107,9.943867123182567,0.7379613943756914,50.12420418932561,-6570.601547695647
9.861334874477107,9.943867123182567,0.7379613943756914,50.12420418932561,-6570.601547695647
9.861334874477107,9.943867123182567,0.7379613943756914,50.12420418932561,-6570.601547695647
9.861334874477107,9.943867123182567,0.7379613943756914,50.12420418932561,-6570.601547695647
9.861334874477107,9.943867123182567,0.7379613943756914,50.12420418932561,-6570.601547695647
9.861334874477107,9.943867123182567,0.7379613943756914,50.12420418932561,-6570.601547695647
10.500713885245947,8.944243632766947,0.8252751906528654,50.24418823871713,-6571.4187447697905
10.500713885245947,8.944243632766947,0.8252751906528654,50.24418823871713,-6571.4187447697905
10.500713885245947,8.944243632766947,0.8252751906528654,50.24418823871713,-6571.4187447697905
10.500713885245947,8.944243632766947,0.8252751906528654,50.24418823871713,-6571.4187447697905
10.500713885245947,8.944243632766947,0.8252751906528654,50.24418823871713,-6571.4187447697905
10.500713885245947,8.944243632766947,0.8252751906528654,50.24418823871713,-6571.4187447697905
10.500713885245947,8.944243632766947,0.8252751906528654,50.24418823871713,-6571.4187447697905
9.701909346220036,8.544727587546957,0.7079408998845181,50.12019916966005,-6571.198756937181
9.651191625373974,8.938709776814532,0.7065681520985995,49.8785861776986,-6571.190722105002
9.651191625373974,8.938709776814532,0.7065681520985995,49.8785861776986,-6571.190722105002
10.261324751359592,7.95666626709274,0.8177902135706854,49.91412881054606,-6570.53525692365
10.261324751359592,7.95666626709274,0.8177902135706854,49.91412881054606,-6570.53525692365
10.261324751359592,7.95666626709274,0.8177902135706854,49.91412881054606,-6570.53525692365
10.261324751359592,7.95666626709274,0.8177902135706854,49.91412881054606,-6570.53525692365
10.261324751359592,7.95666626709274,0.8177902135706854,49.91412881054606,-6570.53525692365
10.07179871784008,9.200618359806855,0.6076433044301452,50.369252923944366,-6571.107743966933
10.07179871784008,9.200618359806855,0.6076433044301452,50.369252923944366,-6571.107743966933
10.07179871784008,9.200618359806855,0.6076433044301452,50.369252923944366,-6571.107743966933
9.231656364136423,10.916788706157355,0.8301802496886812,50.59312244771937,-6571.666888743962
9.231656364136423,10.916788706157355,0.8301802496886812,50.59312244771937,-6571.666888743962
8.274483416270163,11.027159323030405,0.7176146115380423,50.24377473776098,-6573.769295319566
8.274483416270163,11.027159323030405,0.7176146115380423,50.24377473776098,-6573.769295319566
8.344225252857392,11.128505580982516,0.8442393087907335,50.162311990037836,-6572.7099781946345
8.344225252857392,11.128505580982516,0.8442393087907335,50.162311990037836,-6572.7099781946345
8.344225252857392,11.128505580982516,0.8442393087907335,50.162311990037836,-6572.7099781946345
8.344225252857392,11.128505580982516,0.8442393087907335,50.162311990037836,-6572.7099781946345
8.344225252857392,11.128505580982516,0.8442393087907335,50.162311990037836,-6572.7099781946345
8.344225252857392,11.128505580982516,0.8442393087907335,50.162311990037836,-6572.7099781946345
8.344225252857392,11.128505580982516,0.8442393087907335,50.162311990037836,-6572.7099781946345
8.344225252857392,11.128505580982516,0.8442393087907335,50.162311990037836,-6572.7099781946345
9.126965366891133,10.124620187215072,0.8792444806042783,49.918025081204185,-6571.521997793041
9.126965366891133,10.124620187215072,0.8792444806042783,49.918025081204185,-6571.521997793041
9.126965366891133,10.124620187215072,0.8792444806042783,49.918025081204185,-6571.521997793041
9.126965366891133,10.124620187215072,0.8792444806042783,49.918025081204185,-6571.521997793041
9.126965366891133,10.124620187215072,0.8792444806042783,49.918025081204185,-6571.521997793041
9.91391825873931,9.848755006281062,0.8257934721894148,50.02971392275506,-6571.314887236893
10.478493550133027,8.359907960872047,0.7553196305656252,49.488059142439674,-6571.50713628152
10.478493550133027,8.359907960872047,0.7553196305656252,49.488059142439674,-6571.50713628152
10.478493550133027,8.359907960872047,0.7553196305656252,49.488059142439674,-6571.50713628152
9.362433527460311,8.874094491902957,0.8384830454149074,49.64374484883432,-6571.577732065582
9.362433527460311,8.874094491902957,0.8384830454149074,49.64374484883432,-6571.577732065582
9.362433527460311,8.874094491902957,0.8384830454149074,49.64374484883432,-6571.577732065582
9.362433527460311,8.874094491902957,0.8384830454149074,49.64374484883432,-6571.577732065582
9.362433527460311,8.874094491902957,0.8384830454149074,49.64374484883432,-6571.577732065582
10.587812338949728,9.054312542196447,0.7249336110358789,49.03859557394037,-6573.605622816988
10.587812338949728,9.054312542196447,0.7249336110358789,49.03859557394037,-6573.605622816988
10.587812338949728,9.054312542196447,0.7249336110358789,49.03859557394037,-6573.605622816988
10.587812338949728,9.054312542196447,0.7249336110358789,49.03859557394037,-6573.605622816988
10.587812338949728,9.054312542196447,0.7249336110358789,49.03859557394037,-6573.605622816988
10.298276333245592,7.410723871103265,0.9166451494552738,49.00959587887931,-6573.469725745216
10.298276333245592,7.410723871103265,0.9166451494552738,49.00959587887931,-6573.469725745216
10.298276333245592,7.410723871103265,0.9166451494552738,49.00959587887931,-6573.469725745216
11.22875581609214,7.9991665822077245,0.8544289101513081,49.67532593218729,-6573.710709408975
11.152159601830403,6.774741728730028,0.8917711096893771,49.09400889504154,-6574.020981875472
11.152159601830403,6.774741728730028,0.8917711096893771,49.09400889504154,-6574.020981875472
10.502317446160179,5.907964614979667,0.7838911568796275,48.99541966414268,-6575.685514650873
10.614562454045455,5.34817831376663,0.8483009621197585,48.956764464561715,-6576.032024986028
10.614562454045455,5.34817831376663,0.8483009621197585,48.956764464561715,-6576.032024986028
10.614562454045455,5.34817831376663,0.8483009621197585,48.956764464561715,-6576.032024986028
10.614562454045455,5.34817831376663,0.8483009621197585,48.956764464561715,-6576.032024986028
9.611337780721236,6.645022994789229,0.8418169877381317,49.23824386188648,-6575.88548573015
9.611337780721236,6.645022994789229,0.8418169877381317,49.23824386188648,-6575.88548573015
8.432634765104915,9.761621915842095,0.8591242244930614,49.11697017700704,-6575.650194820919
8.432634765104915,9.761621915842095,0.8591242244930614,49.11697017700704,-6575.650194820919
8.432634765104915,9.761621915842095,0.8591242244930614,49.11697017700704,-6575.650194820919
8.825786733412016,10.334768046019938,1.0427818428247142,48.970787217427215,-6575.998165154164
8.825786733412016,10.334768046019938,1.0427818428247142,48.970787217427215,-6575.998165154164
8.825786733412016,10.334768046019938,1.0427818428247142,48.970787217427215,-6575.998165154164
8.825786733412016,10.334768046019938,1.0427818428247142,48.970787217427215,-6575.998165154164
8.825786733412016,10.334768046019938,1.0427818428247142,48.970787217427215,-6575.998165154164
8.825786733412016,10.334768046019938,1.0427818428247142,48.970787217427215,-6575.998165154164
9.2361772137241,9.403820323241046,0.7360759214308099,48.96884855622924,-6574.319339712903
8.252889311973979,11.923853711667606,0.7119235475254784,49.17221338855036,-6575.249861974797
8.252889311973979,11.923853711667606,0.7119235475254784,49.17221338855036,-6575.249861974797
8.252889311973979,11.923853711667606,0.7119235475254784,49.17221338855036,-6575.249861974797
8.252889311973979,11.923853711667606,0.7119235475254784,49.17221338855036,-6575.249861974797
8.252889311973979,11.923853711667606,0.7119235475254784,49.17221338855036,-6575.249861974797
8.252889311973979,11.923853711667606,0.7119235475254784,49.17221338855036,-6575.249861974797
8.252889311973979,11.923853711667606,0.7119235475254784,49.17221338855036,-6575.249861974797
8.252889311973979,11.923853711667606,0.7119235475254784,49.17221338855036,-6575.249861974797
8.94916719919545,13.842027212272965,0.7127599150186174,49.65907023611357,-6575.417609243247
8.94916719919545,13.842027212272965,0.7127599150186174,49.65907023611357,-6575.417609243247
8.94916719919545,13.842027212272965,0.7127599150186174,49.65907023611357,-6575.417609243247
8.536138984253919,14.162685809442843,0.7838936107134229,49.66022840870179,-6576.064605129061
8.536138984253919,14.162685809442843,0.7838936107134229,49.66022840870179,-6576.064605129061
8.536138984253919,14.162685809442843,0.7838936107134229,49.66022840870179,-6576.064605129061
8.849526788372843,12.44946257709825,0.7518677975891795,49.39791706395061,-6573.748974645338
8.48876801900668,11.412126416384707,0.7382455706026139,49.5512994477776,-6573.231158964065
8.48876801900668,11.412126416384707,0.7382455706026139,49.5512994477776,-6573.231158964065
8.48876801900668,11.412126416384707,0.7382455706026139,49.5512994477776,-6573.231158964065
8.48876801900668,11.412126416384707,0.7382455706026139,49.5512994477776,-6573.231158964065
8.48876801900668,11.412126416384707,0.7382455706026139,49.5512994477776,-6573.231158964065
8.48876801900668,11.412126416384707,0.7382455706026139,49.5512994477776,-6573.231158964065
8.48876801900668,11.412126416384707,0.7382455706026139,49.5512994477776,-6573.231158964065
8.510779065162867,10.088958154314426,0.9220122329975223,49.739561354474674,-6573.1541467825255
9.203283862450487,8.627914011734253,0.8519643095007301,50.61962907541106,-6571.655105742531
9.203283862450487,8.627914011734253,0.8519643095007301,50.61962907541106,-6571.655105742531
9.203283862450487,8.627914011734253,0.8519643095007301,50.61962907541106,-6571.655105742531
9.203283862450487,8.627914011734253,0.8519643095007301,50.61962907541106,-6571.655105742531
9.858989580593674,8.915731661449573,0.7735713171037777,50.34780922286871,-6570.189475244551
9.858989580593674,8.915731661449573,0.7735713171037777,50.34780922286871,-6570.189475244551
9.858989580593674,8.915731661449573,0.7735713171037777,50.34780922286871,-6570.189475244551
9.858989580593674,8.915731661449573,0.7735713171037777,50.34780922286871,-6570.189475244551
9.858989580593674,8.915731661449573,0.7735713171037777,50.34780922286871,-6570.189475244551
9.858989580593674,8.915731661449573,0.7735713171037777,50.34780922286871,-6570.189475244551
9.858989580593674,8.915731661449573,0.7735713171037777,50.34780922286871,-6570.189475244551
10.849974988462014,9.680438555650527,0.6157193361645461,49.915276812999174,-6572.315051466337
10.849974988462014,9.680438555650527,0.6157193361645461,49.915276812999174,-6572.315051466337
10.447902022078566,7.340827337326422,0.978665991495859,49.80621403050073,-6572.003110343667
10.447902022078566,7.340827337326422,0.978665991495859,49.80621403050073,-6572.003110343667
10.447902022078566,7.340827337326422,0.978665991495859,49.80621403050073,-6572.003110343667
10.447902022078566,7.340827337326422,0.978665991495859,49.80621403050073,-6572.003110343667
10.447902022078566,7.340827337326422,0.978665991495859,49.80621403050073,-6572.003110343667
10.447902022078566,7.340827337326422,0.978665991495859,49.80621403050073,-6572.003110343667
10.447902022078566,7.340827337326422,0.978665991495859,49.80621403050073,-6572.003110343667
10.431546459260895,6.811697698311615,1.0680432063513603,50.113972628661884,-6572.6148254492355
10.431546459260895,6.811697698311615,1.0680432063513603,50.113972628661884,-6572.6148254492355
10.431546459260895,6.811697698311615,1.0680432063513603,50.113972628661884,-6572.6148254492355
10.431546459260895,6.811697698311615,1.0680432063513603,50.113972628661884,-6572.6148254492355
11.107214842219475,6.870091620815792,0.9638428143333585,50.334569420090524,-6572.586295642162
11.107214842219475,6.870091620815792,0.9638428143333585,50.334569420090524,-6572.586295642162
11.107214842219475,6.870091620815792,0.9638428143333585,50.334569420090524,-6572.586295642162
11.107214842219475,6.870091620815792,0.9638428143333585,50.334569420090524,-6572.586295642162
11.107214842219475,6.870091620815792,0.9638428143333585,50.334569420090524,-6572.586295642162
9.899250767044446,9.041003804187394,0.9295443616610084,50.4606677244236,-6571.527915426036
9.849496856513985,8.5124137737759,0.949024890349135,50.3123706069892,-6571.225889613511
9.623843560812094,9.438290442709174,0.8806621301520619,49.062178526224024,-6573.30550445384
9.782305815955745,8.19591303982798,0.8980084783154515,49.62451578120154,-6571.4334941811885
9.782305815955745,8.19591303982798,0.8980084783154515,49.62451578120154,-6571.4334941811885
9.782305815955745,8.19591303982798,0.8980084783154515,49.62451578120154,-6571.4334941811885
9.782305815955745,8.19591303982798,0.8980084783154515,49.62451578120154,-6571.4334941811885
9.782305815955745,8.19591303982798,0.8980084783154515,49.62451578120154,-6571.4334941811885
9.782305815955745,8.19591303982798,0.8980084783154515,49.62451578120154,-6571.4334941811885
9.782305815955745,8.19591303982798,0.8980084783154515,49.62451578120154,-6571.4334941811885
9.782305815955745,8.19591303982798,0.8980084783154515,49.62451578120154,-6571.4334941811885
9.782305815955745,8.19591303982798,0.8980084783154515,49.62451578120154,-6571.4334941811885
9.782305815955745,8.19591303982798,0.8980084783154515,49.62451578120154,-6571.4334941811885
9.782305815955745,8.19591303982798,0.8980084783154515,49.62451578120154,-6571.4334941811885
9.782305815955745,8.19591303982798,0.8980084783154515,49.62451578120154,-6571.4334941811885
9.402117736188867,7.641968846208217,0.927520916509552,50.299449782957154,-6571.956464187882
10.150452047508553,8.14717293446078,0.8028331665597495,51.741329107792076,-6573.103988989078
10.150452047508553,8.14717293446078,0.8028331665597495,51.741329107792076,-6573.103988989078
11.26948579625879,5.8962182434870325,0.728558569994416,51.45434501697274,-6573.057024044746
11.26948579625879,5.8962182434870325,0.728558569994416,51.45434501697274,-6573.057024044746
11.26948579625879,5.8962182434870325,0.728558569994416,51.45434501697274,-6573.057024044746
11.495191425374202,6.158732344037885,0.7979122163415933,51.68805795202003,-6573.577999793497
11.495191425374202,6.158732344037885,0.7979122163415933,51.68805795202003,-6573.577999793497
11.495191425374202,6.158732344037885,0.7979122163415933,51.68805795202003,-6573.577999793497
11.495191425374202,6.158732344037885,0.7979122163415933,51.68805795202003,-6573.577999793497
11.495191425374202,6.158732344037885,0.7979122163415933,51.68805795202003,-6573.577999793497
10.1895276412572,9.717752865276061,0.7855488061865092,51.83540050914366,-6574.276691008725
10.1895276412572,9.717752865276061,0.7855488061865092,51.83540050914366,-6574.276691008725
10.1895276412572,9.717752865276061,0.7855488061865092,51.83540050914366,-6574.276691008725
9.774132408316008,10.04165709140203,0.8254898285742971,51.20720270621825,-6572.272604480745
9.774132408316008,10.04165709140203,0.8254898285742971,51.20720270621825,-6572.272604480745
11.064130714212672,9.080480755898144,0.667900757447907,50.712397022653924,-6571.978028155052
11.064130714212672,9.080480755898144,0.667900757447907,50.712397022653924,-6571.978028155052
11.064130714212672,9.080480755898144,0.667900757447907,50.712397022653924,-6571.978028155052
11.064130714212672,9.080480755898144,0.667900757447907,50.712397022653924,-6571.978028155052
11.064130714212672,9.080480755898144,0.667900757447907,50.712397022653924,-6571.978028155052
11.335024512217041,8.371937714750754,0.5983155029507965,51.02020489779586,-6572.251008053877
11.335024512217041,8.371937714750754,0.5983155029507965,51.02020489779586,-6572.251008053877
11.152983216767852,6.983813538370522,0.7743398501357243,50.52350180670326,-6570.816223111763
11.152983216767852,6.983813538370522,0.7743398501357243,50.52350180670326,-6570.816223111763
11.152983216767852,6.983813538370522,0.7743398501357243,50.52350180670326,-6570.816223111763
11.152983216767852,6.983813538370522,0.7743398501357243,50.52350180670326,-6570.816223111763
10.351803937320899,8.422587176211294,0.8756550189543714,50.97166903605352,-6571.562115299819
10.705749522096532,7.435677502168584,0.7222937153519129,51.3672754430565,-6571.821471619261
10.705749522096532,7.435677502168584,0.7222937153519129,51.3672754430565,-6571.821471619261
11.53405961419389,6.514019420220368,0.8190648213890653,51.538012915342094,-6573.412885153911
11.53405961419389,6.514019420220368,0.8190648213890653,51.538012915342094,-6573.412885153911
11.53405961419389,6.514019420220368,0.8190648213890653,51.538012915342094,-6573.412885153911
11.53405961419389,6.514019420220368,0.8190648213890653,51.538012915342094,-6573.412885153911
11.699822573387458,7.608775413482537,0.8426113985195163,50.95721126589925,-6574.634690789315
11.699822573387458,7.608775413482537,0.8426113985195163,50.95721126589925,-6574.634690789315
12.16020457154193,7.0228872353872855,0.5196800939658518,51.33885189750391,-6574.911667539503
12.16020457154193,7.0228872353872855,0.5196800939658518,51.33885189750391,-6574.911667539503
12.16020457154193,7.0228872353872855,0.5196800939658518,51.33885189750391,-6574.911667539503
11.966075028927444,5.365721345058073,0.7246990264048617,50.69756207316584,-6572.330496509176
11.966075028927444,5.365721345058073,0.7246990264048617,50.69756207316584,-6572.330496509176
11.787784722546228,8.464971648256629,0.5793294762879648,50.66219443005767,-6573.415358628959
11.787784722546228,8.464971648256629,0.5793294762879648,50.66219443005767,-6573.415358628959
11.043750699087466,8.760394449053159,0.8191464593318258,50.610400688637796,-6573.074607823612
11.043750699087466,8.760394449053159,0.8191464593318258,50.610400688637796,-6573.074607823612
10.871261709373323,9.541205260182139,0.6291601375010627,50.43061396669708,-6571.755256327084
10.51205987936576,9.034509120060374,0.6756684372731202,50.79503164936219,-6570.752377448571
10.51205987936576,9.034509120060374,0.6756684372731202,50.79503164936219,-6570.752377448571
10.51205987936576,9.034509120060374,0.6756684372731202,50.79503164936219,-6570.752377448571
10.51205987936576,9.034509120060374,0.6756684372731202,50.79503164936219,-6570.752377448571
10.51205987936576,9.034509120060374,0.6756684372731202,50.79503164936219,-6570.752377448571
10.51205987936576,9.034509120060374,0.6756684372731202,50.79503164936219,-6570.752377448571
10.51205987936576,9.034509120060374,0.6756684372731202,50.79503164936219,-6570.752377448571
10.51205987936576,9.034509120060374,0.6756684372731202,50.79503164936219,-6570.752377448571
10.51205987936576,9.034509120060374,0.6756684372731202,50.79503164936219,-6570.752377448571
10.51205987936576,9.034509120060374,0.6756684372731202,50.79503164936219,-6570.752377448571
10.51205987936576,9.034509120060374,0.6756684372731202,50.79503164936219,-6570.752377448571
10.51205987936576,9.034509120060374,0.6756684372731202,50.79503164936219,-6570.752377448571
10.51205987936576,9.034509120060374,0.6756684372731202,50.79503164936219,-6570.752377448571
10.51205987936576,9.034509120060374,0.6756684372731202,50.79503164936219,-6570.752377448571
10.51205987936576,9.034509120060374,0.6756684372731202,50.79503164936219,-6570.752377448571
10.51205987936576,9.034509120060374,0.6756684372731202,50.79503164936219,-6570.752377448571
10.51205987936576,9.034509120060374,0.6756684372731202,50.79503164936219,-6570.752377448571
10.51205987936576,9.034509120060374,0.6756684372731202,50.79503164936219,-6570.752377448571
10.51205987936576,9.034509120060374,0.6756684372731202,50.79503164936219,-6570.752377448571
10.51205987936576,9.034509120060374,0.6756684372731202,50.79503164936219,-6570.752377448571
10.51205987936576,9.034509120060374,0.6756684372731202,50.79503164936219,-6570.752377448571
10.51205987936576,9.034509120060374,0.6756684372731202,50.79503164936219,-6570.752377448571
10.51205987936576,9.034509120060374,0.6756684372731202,50.79503164936219,-6570.752377448571
10.51205987936576,9.034509120060374,0.6756684372731202,50.79503164936219,-6570.752377448571
10.51205987936576,9.034509120060374,0.6756684372731202,50.79503164936219,-6570.752377448571
10.488922546891772,6.760934342493844,0.8525509192451327,50.41508701052472,-6570.657636144401
10.449311384254937,8.243442560756858,0.6848559642188938,49.889403737910115,-6570.830016446359
9.948076287136962,8.328171540685174,0.7027334065649931,50.0649507015468,-6570.944427825643
9.948076287136962,8.328171540685174,0.7027334065649931,50.0649507015468,-6570.944427825643
9.948076287136962,8.328171540685174,0.7027334065649931,50.0649507015468,-6570.944427825643
10.8329814848464,7.110988268142842,0.8338136612245542,49.99720287084261,-6570.859941826831
10.582856718145218,7.774191248941825,0.6287721684125414,50.40595367956343,-6571.32040432305
10.349058542603748,7.53232330824451,0.8462793244350411,50.99365185513514,-6570.964101992856
10.349058542603748,7.53232330824451,0.8462793244350411,50.99365185513514,-6570.964101992856
10.349058542603748,7.53232330824451,0.8462793244350411,50.99365185513514,-6570.964101992856
10.349058542603748,7.53232330824451,0.8462793244350411,50.99365185513514,-6570.964101992856
10.349058542603748,7.53232330824451,0.8462793244350411,50.99365185513514,-6570.964101992856
10.349058542603748,7.53232330824451,0.8462793244350411,50.99365185513514,-6570.964101992856
10.349058542603748,7.53232330824451,0.8462793244350411,50.99365185513514,-6570.964101992856
10.107339120312558,8.83776245456538,0.7951799111761387,50.629597243445545,-6570.382730078307
10.107339120312558,8.83776245456538,0.7951799111761387,50.629597243445545,-6570.382730078307
10.107339120312558,8.83776245456538,0.7951799111761387,50.629597243445545,-6570.382730078307
10.107339120312558,8.83776245456538,0.7951799111761387,50.629597243445545,-6570.382730078307
10.107339120312558,8.83776245456538,0.7951799111761387,50.629597243445545,-6570.382730078307
9.031027704302641,9.418377162446545,0.8245678577096063,51.03164460404119,-6572.2438546022
10.293228860982822,8.639914451308885,0.8667527697288693,51.392066666999376,-6572.577882524782
10.293228860982822,8.639914451308885,0.8667527697288693,51.392066666999376,-6572.577882524782
9.728557505851125,9.305193383583312,0.6058156762985305,50.541813831540345,-6571.816588489166
9.728557505851125,9.305193383583312,0.6058156762985305,50.541813831540345,-6571.816588489166
9.728557505851125,9.305193383583312,0.6058156762985305,50.541813831540345,-6571.816588489166
9.508218748078585,10.82506019434612,0.6063678272467804,50.12253454603177,-6571.42018402489
9.508218748078585,10.82506019434612,0.6063678272467804,50.12253454603177,-6571.42018402489
9.508218748078585,10.82506019434612,0.6063678272467804,50.12253454603177,-6571.42018402489
10.166283394044038,9.868850743080985,0.5663854571367134,49.83411538940275,-6572.013567002872
10.166283394044038,9.868850743080985,0.5663854571367134,49.83411538940275,-6572.013567002872
10.166283394044038,9.868850743080985,0.5663854571367134,49.83411538940275,-6572.013567002872
10.166283394044038,9.868850743080985,0.5663854571367134,49.83411538940275,-6572.013567002872
10.166283394044038,9.868850743080985,0.5663854571367134,49.83411538940275,-6572.013567002872
10.166283394044038,9.868850743080985,0.5663854571367134,49.83411538940275,-6572.013567002872
10.166283394044038,9.868850743080985,0.5663854571367134,49.83411538940275,-6572.013567002872
10.166283394044038,9.868850743080985,0.5663854571367134,49.83411538940275,-6572.013567002872
10.166283394044038,9.868850743080985,0.5663854571367134,49.83411538940275,-6572.013567002872
9.949181114551406,8.95673887769049,0.8299973618002281,50.449278528756714,-6570.441077449419
10.576363352297658,6.822567625200543,0.6939573118674287,49.88072491557758,-6572.112770622027
10.862463580103892,6.4618519685473,0.7689714267606143,49.68065373717374,-6571.701986597131
10.862463580103892,6.4618519685473,0.7689714267606143,49.68065373717374,-6571.701986597131
10.862463580103892,6.4618519685473,0.7689714267606143,49.68065373717374,-6571.701986597131
10.862463580103892,6.4618519685473,0.7689714267606143,49.68065373717374,-6571.701986597131
10.862463580103892,6.4618519685473,0.7689714267606143,49.68065373717374,-6571.701986597131
10.862463580103892,6.4618519685473,0.7689714267606143,49.68065373717374,-6571.701986597131
10.862463580103892,6.4618519685473,0.7689714267606143,49.68065373717374,-6571.701986597131
10.862463580103892,6.4618519685473,0.7689714267606143,49.68065373717374,-6571.701986597131
10.862463580103892,6.4618519685473,0.7689714267606143,49.68065373717374,-6571.701986597131
10.862463580103892,6.4618519685473,0.7689714267606143,49.68065373717374,-6571.701986597131
11.000046301771345,6.984273610353253,0.7974554262951836,49.821540005275196,-6571.178156916796
11.000046301771345,6.984273610353253,0.7974554262951836,49.821540005275196,-6571.178156916796
11.000046301771345,6.984273610353253,0.7974554262951836,49.821540005275196,-6571.178156916796
11.000046301771345,6.984273610353253,0.7974554262951836,49.821540005275196,-6571.178156916796
11.000046301771345,6.984273610353253,0.7974554262951836,49.821540005275196,-6571.178156916796
11.000046301771345,6.984273610353253,0.7974554262951836,49.821540005275196,-6571.178156916796
11.000046301771345,6.984273610353253,0.7974554262951836,49.821540005275196,-6571.178156916796
11.000046301771345,6.984273610353253,0.7974554262951836,49.821540005275196,-6571.178156916796
11.000046301771345,6.984273610353253,0.7974554262951836,49.821540005275196,-6571.178156916796
10.743088567977757,7.468154076086528,0.7482670088120729,49.77639671693314,-6570.982018448444
10.743088567977757,7.468154076086528,0.7482670088120729,49.77639671693314,-6570.982018448444
10.743088567977757,7.468154076086528,0.7482670088120729,49.77639671693314,-6570.982018448444
10.743088567977757,7.468154076086528,0.7482670088120729,49.77639671693314,-6570.982018448444
10.743088567977757,7.468154076086528,0.7482670088120729,49.77639671693314,-6570.982018448444
10.743088567977757,7.468154076086528,0.7482670088120729,49.77639671693314,-6570.982018448444
10.313040360298931,9.253278957439676,0.701322946956491,50.30783926471291,-6570.443802172358
10.313040360298931,9.253278957439676,0.701322946956491,50.30783926471291,-6570.443802172358
10.629461264480724,10.600231837998733,0.6836135773930034,50.52371076037356,-6573.078987493673
10.629461264480724,10.600231837998733,0.6836135773930034,50.52371076037356,-6573.078987493673
10.629461264480724,10.600231837998733,0.6836135773930034,50.52371076037356,-6573.078987493673
10.629461264480724,10.600231837998733,0.6836135773930034,50.52371076037356,-6573.078987493673
10.039261814570262,7.534401329471455,0.6996674012563296,50.48017557917705,-6571.8042427202645
9.65351198534879,10.095246389775305,0.6015556644908632,50.12287423162446,-6571.466191099404
9.65351198534879,10.095246389775305,0.6015556644908632,50.12287423162446,-6571.466191099404
9.65351198534879,10.095246389775305,0.6015556644908632,50.12287423162446,-6571.466191099404
9.65351198534879,10.095246389775305,0.6015556644908632,50.12287423162446,-6571.466191099404
9.65351198534879,10.095246389775305,0.6015556644908632,50.12287423162446,-6571.466191099404
9.65351198534879,10.095246389775305,0.6015556644908632,50.12287423162446,-6571.466191099404
10.202866652697015,7.043904875541509,0.7894214079853974,50.08211991282319,-6571.143517524083
11.240073200186583,8.255341630595519,0.8575988229401521,49.63791475393849,-6574.385559993472
11.076236600437078,6.344536692806434,0.8918390324208553,50.61344056515538,-6571.288050120165
11.076236600437078,6.344536692806434,0.8918390324208553,50.61344056515538,-6571.288050120165
11.076236600437078,6.344536692806434,0.8918390324208553,50.61344056515538,-6571.288050120165
11.076236600437078,6.344536692806434,0.8918390324208553,50.61344056515538,-6571.288050120165
11.076236600437078,6.344536692806434,0.8918390324208553,50.61344056515538,-6571.288050120165
11.076236600437078,6.344536692806434,0.8918390324208553,50.61344056515538,-6571.288050120165
11.076236600437078,6.344536692806434,0.8918390324208553,50.61344056515538,-6571.288050120165
11.076236600437078,6.344536692806434,0.8918390324208553,50.61344056515538,-6571.288050120165
11.076236600437078,6.344536692806434,0.8918390324208553,50.61344056515538,-6571.288050120165
11.076236600437078,6.344536692806434,0.8918390324208553,50.61344056515538,-6571.288050120165
10.378545944634903,8.285745669323182,0.7410905803505172,51.441323032117,-6571.837797585102
10.378545944634903,8.285745669323182,0.7410905803505172,51.441323032117,-6571.837797585102
10.378545944634903,8.285745669323182,0.7410905803505172,51.441323032117,-6571.837797585102
10.378545944634903,8.285745669323182,0.7410905803505172,51.441323032117,-6571.837797585102
10.378545944634903,8.285745669323182,0.7410905803505172,51.441323032117,-6571.837797585102
10.378545944634903,8.285745669323182,0.7410905803505172,51.441323032117,-6571.837797585102
10.378545944634903,8.285745669323182,0.7410905803505172,51.441323032117,-6571.837797585102
10.561347390781135,8.511732985947448,0.6107698469817163,50.40133314502135,-6571.016097928782
10.561347390781135,8.511732985947448,0.6107698469817163,50.40133314502135,-6571.016097928782
10.561347390781135,8.511732985947448,0.6107698469817163,50.40133314502135,-6571.016097928782
10.561347390781135,8.511732985947448,0.6107698469817163,50.40133314502135,-6571.016097928782
10.561347390781135,8.511732985947448,0.6107698469817163,50.40133314502135,-6571.016097928782
9.83620393703075,11.534430633784435,0.7155599039712437,49.87992441197034,-6572.821757380694
9.83620393703075,11.534430633784435,0.7155599039712437,49.87992441197034,-6572.821757380694
10.34875390861539,9.381349259761567,0.8101925073308721,49.94950721797367,-6571.657015753064
10.34875390861539,9.381349259761567,0.8101925073308721,49.94950721797367,-6571.657015753064
10.34875390861539,9.381349259761567,0.8101925073308721,49.94950721797367,-6571.657015753064
10.34875390861539,9.381349259761567,0.8101925073308721,49.94950721797367,-6571.657015753064
10.34875390861539,9.381349259761567,0.8101925073308721,49.94950721797367,-6571.657015753064
10.34875390861539,9.381349259761567,0.8101925073308721,49.94950721797367,-6571.657015753064
10.34875390861539,9.381349259761567,0.8101925073308721,49.94950721797367,-6571.657015753064
10.34875390861539,9.381349259761567,0.8101925073308721,49.94950721797367,-6571.657015753064
10.34875390861539,9.381349259761567,0.8101925073308721,49.94950721797367,-6571.657015753064
10.34875390861539,9.381349259761567,0.8101925073308721,49.94950721797367,-6571.657015753064
10.34875390861539,9.381349259761567,0.8101925073308721,49.94950721797367,-6571.657015753064
10.34875390861539,9.381349259761567,0.8101925073308721,49.94950721797367,-6571.657015753064
9.288314846970113,9.385288739968324,0.7935496785458294,50.295658977472605,-6570.786741701759
9.772192734556008,7.853436064119358,0.7433315822712162,50.29226586680174,-6571.473969798804
9.772192734556008,7.853436064119358,0.7433315822712162,50.29226586680174,-6571.473969798804
9.772192734556008,7.853436064119358,0.7433315822712162,50.29226586680174,-6571.473969798804
9.772192734556008,7.853436064119358,0.7433315822712162,50.29226586680174,-6571.473969798804
9.772192734556008,7.853436064119358,0.7433315822712162,50.29226586680174,-6571.473969798804
9.772192734556008,7.853436064119358,0.7433315822712162,50.29226586680174,-6571.473969798804
9.772192734556008,7.853436064119358,0.7433315822712162,50.29226586680174,-6571.473969798804
9.772192734556008,7.853436064119358,0.7433315822712162,50.29226586680174,-6571.473969798804
9.205519892246603,9.482130329569763,0.9350029901058825,50.65697782281044,-6571.701286294212
9.205519892246603,9.482130329569763,0.9350029901058825,50.65697782281044,-6571.701286294212
9.205519892246603,9.482130329569763,0.9350029901058825,50.65697782281044,-6571.701286294212
9.205519892246603,9.482130329569763,0.9350029901058825,50.65697782281044,-6571.701286294212
9.205519892246603,9.482130329569763,0.9350029901058825,50.65697782281044,-6571.701286294212
9.205519892246603,9.482130329569763,0.9350029901058825,50.65697782281044,-6571.701286294212
9.205519892246603,9.482130329569763,0.9350029901058825,50.65697782281044,-6571.701286294212
9.205519892246603,9.482130329569763,0.9350029901058825,50.65697782281044,-6571.701286294212
9.205519892246603,9.482130329569763,0.9350029901058825,50.65697782281044,-6571.701286294212
9.205519892246603,9.482130329569763,0.9350029901058825,50.65697782281044,-6571.701286294212
8.639954868087198,9.991003233428607,0.8701232426934935,50.41087540150922,-6572.236257131839
8.639954868087198,9.991003233428607,0.8701232426934935,50.41087540150922,-6572.236257131839
8.639954868087198,9.991003233428607,0.8701232426934935,50.41087540150922,-6572.236257131839
9.400448021369279,9.079902736213086,0.7123538532977908,50.52098242649514,-6571.364201970123
9.400448021369279,9.079902736213086,0.7123538532977908,50.52098242649514,-6571.364201970123
9.400448021369279,9.079902736213086,0.7123538532977908,50.52098242649514,-6571.364201970123
9.400448021369279,9.079902736213086,0.7123538532977908,50.52098242649514,-6571.364201970123
9.400448021369279,9.079902736213086,0.7123538532977908,50.52098242649514,-6571.364201970123
10.158320255474436,7.767292677726937,0.7272270427186399,50.40742609942172,-6570.70329598116
10.158320255474436,7.767292677726937,0.7272270427186399,50.40742609942172,-6570.70329598116
10.158320255474436,7.767292677726937,0.7272270427186399,50.40742609942172,-6570.70329598116
10.158320255474436,7.767292677726937,0.7272270427186399,50.40742609942172,-6570.70329598116
10.158320255474436,7.767292677726937,0.7272270427186399,50.40742609942172,-6570.70329598116
10.158320255474436,7.767292677726937,0.7272270427186399,50.40742609942172,-6570.70329598116
10.158320255474436,7.767292677726937,0.7272270427186399,50.40742609942172,-6570.70329598116
10.158320255474436,7.767292677726937,0.7272270427186399,50.40742609942172,-6570.70329598116
10.158320255474436,7.767292677726937,0.7272270427186399,50.40742609942172,-6570.70329598116
10.158320255474436,7.767292677726937,0.7272270427186399,50.40742609942172,-6570.70329598116
10.158320255474436,7.767292677726937,0.7272270427186399,50.40742609942172,-6570.70329598116
10.158320255474436,7.767292677726937,0.7272270427186399,50.40742609942172,-6570.70329598116
10.158320255474436,7.767292677726937,0.7272270427186399,50.40742609942172,-6570.70329598116
10.158320255474436,7.767292677726937,0.7272270427186399,50.40742609942172,-6570.70329598116
10.158320255474436,7.767292677726937,0.7272270427186399,50.40742609942172,-6570.70329598116
10.158320255474436,7.767292677726937,0.7272270427186399,50.40742609942172,-6570.70329598116
10.158320255474436,7.767292677726937,0.7272270427186399,50.40742609942172,-6570.70329598116
10.495052358943427,9.050800917764573,0.7200131943668256,49.8160165244311,-6571.132871813964
10.495052358943427,9.050800917764573,0.7200131943668256,49.8160165244311,-6571.132871813964
10.495052358943427,9.050800917764573,0.7200131943668256,49.8160165244311,-6571.132871813964
10.495052358943427,9.050800917764573,0.7200131943668256,49.8160165244311,-6571.132871813964
10.495052358943427,9.050800917764573,0.7200131943668256,49.8160165244311,-6571.132871813964
10.495052358943427,9.050800917764573,0.7200131943668256,49.8160165244311,-6571.132871813964
10.495052358943427,9.050800917764573,0.7200131943668256,49.8160165244311,-6571.132871813964
10.495052358943427,9.050800917764573,0.7200131943668256,49.8160165244311,-6571.132871813964
10.495052358943427,9.050800917764573,0.7200131943668256,49.8160165244311,-6571.132871813964
10.495052358943427,9.050800917764573,0.7200131943668256,49.8160165244311,-6571.132871813964
10.495052358943427,9.050800917764573,0.7200131943668256,49.8160165244311,-6571.132871813964
10.495052358943427,9.050800917764573,0.7200131943668256,49.8160165244311,-6571.132871813964
10.495052358943427,9.050800917764573,0.7200131943668256,49.8160165244311,-6571.132871813964
10.495052358943427,9.050800917764573,0.7200131943668256,49.8160165244311,-6571.132871813964
10.29272047815104,11.167068821396903,0.675027673317832,49.72038020005747,-6573.538783933766
10.00168997270235,11.593774243439876,0.6945029561545806,49.42224510237997,-6574.242538885364
10.17181593088142,10.510204039956836,0.624324040624828,49.90068977226193,-6571.681400353544
10.17181593088142,10.510204039956836,0.624324040624828,49.90068977226193,-6571.681400353544
10.17181593088142,10.510204039956836,0.624324040624828,49.90068977226193,-6571.681400353544
10.17181593088142,10.510204039956836,0.624324040624828,49.90068977226193,-6571.681400353544
10.17181593088142,10.510204039956836,0.624324040624828,49.90068977226193,-6571.681400353544
10.17181593088142,10.510204039956836,0.624324040624828,49.90068977226193,-6571.681400353544
10.17181593088142,10.510204039956836,0.624324040624828,49.90068977226193,-6571.681400353544
10.17181593088142,10.510204039956836,0.624324040624828,49.90068977226193,-6571.681400353544
9.890141640237573,10.489345544078208,0.635388111447433,49.71643689191929,-6571.63569735262
9.890141640237573,10.489345544078208,0.635388111447433,49.71643689191929,-6571.63569735262
9.890141640237573,10.489345544078208,0.635388111447433,49.71643689191929,-6571.63569735262
9.890141640237573,10.489345544078208,0.635388111447433,49.71643689191929,-6571.63569735262
9.225997115416956,10.933241767176463,0.6924540472962375,51.2474761502115,-6572.284999564934
9.554557617355904,10.003579374762534,0.6330215894176658,50.99921462724738,-6571.724513555135
9.646379001002826,12.197568862224413,0.6264541850838443,50.543392979777636,-6572.503654872393
9.669980304799983,9.566377528080604,0.6584303355508663,50.488606231904285,-6570.838393172362
9.669980304799983,9.566377528080604,0.6584303355508663,50.488606231904285,-6570.838393172362
9.669980304799983,9.566377528080604,0.6584303355508663,50.488606231904285,-6570.838393172362
9.669980304799983,9.566377528080604,0.6584303355508663,50.488606231904285,-6570.838393172362
9.669980304799983,9.566377528080604,0.6584303355508663,50.488606231904285,-6570.838393172362
9.669980304799983,9.566377528080604,0.6584303355508663,50.488606231904285,-6570.838393172362
9.669980304799983,9.566377528080604,0.6584303355508663,50.488606231904285,-6570.838393172362
9.669980304799983,9.566377528080604,0.6584303355508663,50.488606231904285,-6570.838393172362
9.669980304799983,9.566377528080604,0.6584303355508663,50.488606231904285,-6570.838393172362
9.669980304799983,9.566377528080604,0.6584303355508663,50.488606231904285,-6570.838393172362
9.669980304799983,9.566377528080604,0.6584303355508663,50.488606231904285,-6570.838393172362
9.669980304799983,9.566377528080604,0.6584303355508663,50.488606231904285,-6570.838393172362
9.669980304799983,9.566377528080604,0.6584303355508663,50.488606231904285,-6570.838393172362
9.669980304799983,9.566377528080604,0.6584303355508663,50.488606231904285,-6570.838393172362
9.669980304799983,9.566377528080604,0.6584303355508663,50.488606231904285,-6570.838393172362
9.669980304799983,9.566377528080604,0.6584303355508663,50.488606231904285,-6570.838393172362
9.669980304799983,9.566377528080604,0.6584303355508663,50.488606231904285,-6570.838393172362
9.669980304799983,9.566377528080604,0.6584303355508663,50.488606231904285,-6570.838393172362
9.669980304799983,9.566377528080604,0.6584303355508663,50.488606231904285,-6570.838393172362
9.669980304799983,9.566377528080604,0.6584303355508663,50.488606231904285,-6570.838393172362
9.669980304799983,9.566377528080604,0.6584303355508663,50.488606231904285,-6570.838393172362
9.669980304799983,9.566377528080604,0.6584303355508663,50.488606231904285,-6570.838393172362
9.669980304799983,9.566377528080604,0.6584303355508663,50.488606231904285,-6570.838393172362
9.669980304799983,9.566377528080604,0.6584303355508663,50.488606231904285,-6570.838393172362
9.669980304799983,9.566377528080604,0.6584303355508663,50.488606231904285,-6570.838393172362
10.547800477372158,8.902019093018238,0.8498827761237485,51.40860307876815,-6573.328000209636
10.547800477372158,8.902019093018238,0.8498827761237485,51.40860307876815,-6573.328000209636
10.547800477372158,8.902019093018238,0.8498827761237485,51.40860307876815,-6573.328000209636
8.737602144379284,10.931637030409757,0.6444213761324713,50.952700652198054,-6573.374441790673
8.737602144379284,10.931637030409757,0.6444213761324713,50.952700652198054,-6573.374441790673
9.004497472671181,11.80608395231732,0.6870768442733479,50.93860862238988,-6572.1539023088735
9.004497472671181,11.80608395231732,0.6870768442733479,50.93860862238988,-6572.1539023088735
9.004497472671181,11.80608395231732,0.6870768442733479,50.93860862238988,-6572.1539023088735
9.004497472671181,11.80608395231732,0.6870768442733479,50.93860862238988,-6572.1539023088735
9.004497472671181,11.80608395231732,0.6870768442733479,50.93860862238988,-6572.1539023088735
9.004497472671181,11.80608395231732,0.6870768442733479,50.93860862238988,-6572.1539023088735
9.004497472671181,11.80608395231732,0.6870768442733479,50.93860862238988,-6572.1539023088735
9.004497472671181,11.80608395231732,0.6870768442733479,50.93860862238988,-6572.1539023088735
9.004497472671181,11.80608395231732,0.6870768442733479,50.93860862238988,-6572.1539023088735
9.004497472671181,11.80608395231732,0.6870768442733479,50.93860862238988,-6572.1539023088735
9.004497472671181,11.80608395231732,0.6870768442733479,50.93860862238988,-6572.1539023088735
9.086980750301345,11.162609019728139,0.767178031572473,50.99070954491447,-6571.969281812131
9.086980750301345,11.162609019728139,0.767178031572473,50.99070954491447,-6571.969281812131
10.269945251028785,7.910341710848558,0.751716776735525,50.79777485564546,-6570.5213240237645
10.269945251028785,7.910341710848558,0.751716776735525,50.79777485564546,-6570.5213240237645
10.269945251028785,7.910341710848558,0.751716776735525,50.79777485564546,-6570.5213240237645
10.337271817793106,9.608157285250552,0.5905976410404357,50.25707369790726,-6571.143353323607
10.337271817793106,9.608157285250552,0.5905976410404357,50.25707369790726,-6571.143353323607
10.337271817793106,9.608157285250552,0.5905976410404357,50.25707369790726,-6571.143353323607
10.337271817793106,9.608157285250552,0.5905976410404357,50.25707369790726,-6571.143353323607
10.337271817793106,9.608157285250552,0.5905976410404357,50.25707369790726,-6571.143353323607
10.337271817793106,9.608157285250552,0.5905976410404357,50.25707369790726,-6571.143353323607
10.337271817793106,9.608157285250552,0.5905976410404357,50.25707369790726,-6571.143353323607
10.337271817793106,9.608157285250552,0.5905976410404357,50.25707369790726,-6571.143353323607
10.337271817793106,9.608157285250552,0.5905976410404357,50.25707369790726,-6571.143353323607
10.337271817793106,9.608157285250552,0.5905976410404357,50.25707369790726,-6571.143353323607
10.337271817793106,9.608157285250552,0.5905976410404357,50.25707369790726,-6571.143353323607
9.976118552373165,9.84756073004688,0.673374602794424,49.74200702136206,-6571.148954143675
9.976118552373165,9.84756073004688,0.673374602794424,49.74200702136206,-6571.148954143675
8.73418889056441,11.530867450299214,0.5882025722532351,50.15135133275982,-6573.3042775515705
8.73418889056441,11.530867450299214,0.5882025722532351,50.15135133275982,-6573.3042775515705
8.73418889056441,11.530867450299214,0.5882025722532351,50.15135133275982,-6573.3042775515705
8.73418889056441,11.530867450299214,0.5882025722532351,50.15135133275982,-6573.3042775515705
9.793179829257904,11.761651033067496,0.701963207599098,51.11164241560035,-6573.365231633334
9.793179829257904,11.761651033067496,0.701963207599098,51.11164241560035,-6573.365231633334
9.793179829257904,11.761651033067496,0.701963207599098,51.11164241560035,-6573.365231633334
9.982940318542472,11.325620259147769,0.7891011320614417,51.16762862407316,-6574.433705690982
9.294304581249147,11.590731740039406,0.6580751204332395,51.287220012377844,-6572.7113727761325
10.513634194745295,10.731781512498227,0.5509277811607677,51.01624904250451,-6572.7341797050485
10.513634194745295,10.731781512498227,0.5509277811607677,51.01624904250451,-6572.7341797050485
10.513634194745295,10.731781512498227,0.5509277811607677,51.01624904250451,-6572.7341797050485
10.513634194745295,10.731781512498227,0.5509277811607677,51.01624904250451,-6572.7341797050485
10.2019718236504,11.30509991221548,0.6006938474590606,51.410452025312246,-6573.623874734447
11.503297918614336,10.678928809495162,0.5254195338243245,50.250382286486385,-6576.076422833343
10.262654446693324,9.679401111127692,0.7206577984473164,49.890610683435725,-6571.153882828992
10.543418545916504,7.581331873170153,0.8589244208846998,50.797131886527424,-6570.840696796034
10.543418545916504,7.581331873170153,0.8589244208846998,50.797131886527424,-6570.840696796034
10.543418545916504,7.581331873170153,0.8589244208846998,50.797131886527424,-6570.840696796034
9.544046252273828,8.370907992317376,0.9197285249543962,50.15543574936105,-6571.031544144045
9.544046252273828,8.370907992317376,0.9197285249543962,50.15543574936105,-6571.031544144045
9.544046252273828,8.370907992317376,0.9197285249543962,50.15543574936105,-6571.031544144045
9.491982614892112,8.44186992711561,0.8289115072102946,50.30567251199389,-6570.8879428483
9.491982614892112,8.44186992711561,0.8289115072102946,50.30567251199389,-6570.8879428483
9.491982614892112,8.44186992711561,0.8289115072102946,50.30567251199389,-6570.8879428483
9.491982614892112,8.44186992711561,0.8289115072102946,50.30567251199389,-6570.8879428483
9.491982614892112,8.44186992711561,0.8289115072102946,50.30567251199389,-6570.8879428483
9.491982614892112,8.44186992711561,0.8289115072102946,50.30567251199389,-6570.8879428483
9.983922433362306,7.523956563775665,0.7303179213278091,50.65534476773782,-6571.626117396168
9.904399539980789,10.473641854418299,0.5440681869349975,50.3358200386741,-6571.869082980905
9.990381271580029,9.449408083248798,0.5855150884664614,50.308595278560446,-6571.4652207251265
9.990381271580029,9.449408083248798,0.5855150884664614,50.308595278560446,-6571.4652207251265
9.990381271580029,9.449408083248798,0.5855150884664614,50.308595278560446,-6571.4652207251265
9.990381271580029,9.449408083248798,0.5855150884664614,50.308595278560446,-6571.4652207251265
9.990381271580029,9.449408083248798,0.5855150884664614,50.308595278560446,-6571.4652207251265
9.990381271580029,9.449408083248798,0.5855150884664614,50.308595278560446,-6571.4652207251265
9.990381271580029,9.449408083248798,0.5855150884664614,50.308595278560446,-6571.4652207251265
9.990381271580029,9.449408083248798,0.5855150884664614,50.308595278560446,-6571.4652207251265
9.990381271580029,9.449408083248798,0.5855150884664614,50.308595278560446,-6571.4652207251265
9.990381271580029,9.449408083248798,0.5855150884664614,50.308595278560446,-6571.4652207251265
9.321667073362793,9.52085849108201,0.6609724545194882,49.87427823250983,-6572.18600199217
9.321667073362793,9.52085849108201,0.6609724545194882,49.87427823250983,-6572.18600199217
10.543989459218427,9.847090390209411,0.5694272733191611,49.85337594989719,-6572.132658507291
9.824195511781713,10.034333481218285,0.7324444697564132,50.364054508257176,-6570.528501661307
9.824195511781713,10.034333481218285,0.7324444697564132,50.364054508257176,-6570.528501661307
9.824195511781713,10.034333481218285,0.7324444697564132,50.364054508257176,-6570.528501661307
9.824195511781713,10.034333481218285,0.7324444697564132,50.364054508257176,-6570.528501661307
9.824195511781713,10.034333481218285,0.7324444697564132,50.364054508257176,-6570.528501661307
9.824195511781713,10.034333481218285,0.7324444697564132,50.364054508257176,-6570.528501661307
9.824195511781713,10.034333481218285,0.7324444697564132,50.364054508257176,-6570.528501661307
9.824195511781713,10.034333481218285,0.7324444697564132,50.364054508257176,-6570.528501661307
9.824195511781713,10.034333481218285,0.7324444697564132,50.364054508257176,-6570.528501661307
9.824195511781713,10.034333481218285,0.7324444697564132,50.364054508257176,-6570.528501661307
9.824195511781713,10.034333481218285,0.7324444697564132,50.364054508257176,-6570.528501661307
9.824195511781713,10.034333481218285,0.7324444697564132,50.364054508257176,-6570.528501661307
9.824195511781713,10.034333481218285,0.7324444697564132,50.364054508257176,-6570.528501661307
9.824195511781713,10.034333481218285,0.7324444697564132,50.364054508257176,-6570.528501661307
9.824195511781713,10.034333481218285,0.7324444697564132,50.364054508257176,-6570.528501661307
9.824195511781713,10.034333481218285,0.7324444697564132,50.364054508257176,-6570.528501661307
9.824195511781713,10.034333481218285,0.7324444697564132,50.364054508257176,-6570.528501661307
9.824195511781713,10.034333481218285,0.7324444697564132,50.364054508257176,-6570.528501661307
9.261913051488838,10.08682698480118,0.7438611697790195,50.76176173182546,-6571.036530891278
9.261913051488838,10.08682698480118,0.7438611697790195,50.76176173182546,-6571.036530891278
9.261913051488838,10.08682698480118,0.7438611697790195,50.76176173182546,-6571.036530891278
9.261913051488838,10.08682698480118,0.7438611697790195,50.76176173182546,-6571.036530891278
9.261913051488838,10.08682698480118,0.7438611697790195,50.76176173182546,-6571.036530891278
9.261913051488838,10.08682698480118,0.7438611697790195,50.76176173182546,-6571.036530891278
9.261913051488838,10.08682698480118,0.7438611697790195,50.76176173182546,-6571.036530891278
9.261913051488838,10.08682698480118,0.7438611697790195,50.76176173182546,-6571.036530891278
9.261913051488838,10.08682698480118,0.7438611697790195,50.76176173182546,-6571.036530891278
9.261913051488838,10.08682698480118,0.7438611697790195,50.76176173182546,-6571.036530891278
9.261913051488838,10.08682698480118,0.7438611697790195,50.76176173182546,-6571.036530891278
9.261913051488838,10.08682698480118,0.7438611697790195,50.76176173182546,-6571.036530891278
9.261913051488838,10.08682698480118,0.7438611697790195,50.76176173182546,-6571.036530891278
9.261913051488838,10.08682698480118,0.7438611697790195,50.76176173182546,-6571.036530891278
9.395347604688927,6.77598152163421,1.0147402097136418,50.324138656681235,-6573.4927885223915
9.395347604688927,6.77598152163421,1.0147402097136418,50.324138656681235,-6573.4927885223915
10.197475007290933,5.849513637276422,1.041193218319161,50.251606757990324,-6572.593640687464
10.197475007290933,5.849513637276422,1.041193218319161,50.251606757990324,-6572.593640687464
10.197475007290933,5.849513637276422,1.041193218319161,50.251606757990324,-6572.593640687464
10.197475007290933,5.849513637276422,1.041193218319161,50.251606757990324,-6572.593640687464
10.197475007290933,5.849513637276422,1.041193218319161,50.251606757990324,-6572.593640687464
10.197475007290933,5.849513637276422,1.041193218319161,50.251606757990324,-6572.593640687464
10.197475007290933,5.849513637276422,1.041193218319161,50.251606757990324,-6572.593640687464
10.197475007290933,5.849513637276422,1.041193218319161,50.251606757990324,-6572.593640687464
10.197475007290933,5.849513637276422,1.041193218319161,50.251606757990324,-6572.593640687464
10.197475007290933,5.849513637276422,1.041193218319161,50.251606757990324,-6572.593640687464
10.197475007290933,5.849513637276422,1.041193218319161,50.251606757990324,-6572.593640687464
10.197475007290933,5.849513637276422,1.041193218319161,50.251606757990324,-6572.593640687464
10.197475007290933,5.849513637276422,1.041193218319161,50.251606757990324,-6572.593640687464
11.131577642042132,5.793950065632998,0.9607722774435286,49.8054940746002,-6572.356989285384
11.131577642042132,5.793950065632998,0.9607722774435286,49.8054940746002,-6572.356989285384
11.131577642042132,5.793950065632998,0.9607722774435286,49.8054940746002,-6572.356989285384
11.131577642042132,5.793950065632998,0.9607722774435286,49.8054940746002,-6572.356989285384
11.131577642042132,5.793950065632998,0.9607722774435286,49.8054940746002,-6572.356989285384
11.131577642042132,5.793950065632998,0.9607722774435286,49.8054940746002,-6572.356989285384
11.131577642042132,5.793950065632998,0.9607722774435286,49.8054940746002,-6572.356989285384
11.131577642042132,5.793950065632998,0.9607722774435286,49.8054940746002,-6572.356989285384
11.131577642042132,5.793950065632998,0.9607722774435286,49.8054940746002,-6572.356989285384
11.131577642042132,5.793950065632998,0.9607722774435286,49.8054940746002,-6572.356989285384
11.131577642042132,5.793950065632998,0.9607722774435286,49.8054940746002,-6572.356989285384
9.966784488407379,6.334742079535018,0.887955954208146,50.15074846756398,-6572.427877484418
9.979148701242899,6.146309041014571,0.9046629702780997,49.418452215942125,-6574.0766900046765
9.979148701242899,6.146309041014571,0.9046629702780997,49.418452215942125,-6574.0766900046765
9.979148701242899,6.146309041014571,0.9046629702780997,49.418452215942125,-6574.0766900046765
9.979148701242899,6.146309041014571,0.9046629702780997,49.418452215942125,-6574.0766900046765
9.931462895719463,7.9537568666083445,0.7032417236817695,49.759579337224324,-6571.976281946801
9.931462895719463,7.9537568666083445,0.7032417236817695,49.759579337224324,-6571.976281946801
10.500053119098077,8.800529743759812,0.7645104310821522,50.45790525340573,-6570.635887488532
10.500053119098077,8.800529743759812,0.7645104310821522,50.45790525340573,-6570.635887488532
10.597049268054858,8.384181886948,0.8170947281107506,50.472347447025044,-6570.882995489304
10.597049268054858,8.384181886948,0.8170947281107506,50.472347447025044,-6570.882995489304
10.597049268054858,8.384181886948,0.8170947281107506,50.472347447025044,-6570.882995489304
10.597049268054858,8.384181886948,0.8170947281107506,50.472347447025044,-6570.882995489304
10.597049268054858,8.384181886948,0.8170947281107506,50.472347447025044,-6570.882995489304
10.597049268054858,8.384181886948,0.8170947281107506,50.472347447025044,-6570.882995489304
10.597049268054858,8.384181886948,0.8170947281107506,50.472347447025044,-6570.882995489304
10.597049268054858,8.384181886948,0.8170947281107506,50.472347447025044,-6570.882995489304
10.597049268054858,8.384181886948,0.8170947281107506,50.472347447025044,-6570.882995489304
11.057772008991362,7.717204707074816,0.7768598318444841,50.96465516234219,-6571.448322249109
11.057772008991362,7.717204707074816,0.7768598318444841,50.96465516234219,-6571.448322249109
11.057772008991362,7.717204707074816,0.7768598318444841,50.96465516234219,-6571.448322249109
11.057772008991362,7.717204707074816,0.7768598318444841,50.96465516234219,-6571.448322249109
11.057772008991362,7.717204707074816,0.7768598318444841,50.96465516234219,-6571.448322249109
11.057772008991362,7.717204707074816,0.7768598318444841,50.96465516234219,-6571.448322249109
11.057772008991362,7.717204707074816,0.7768598318444841,50.96465516234219,-6571.448322249109
11.057772008991362,7.717204707074816,0.7768598318444841,50.96465516234219,-6571.448322249109
11.057772008991362,7.717204707074816,0.7768598318444841,50.96465516234219,-6571.448322249109
10.860038159415817,6.3143631149251975,0.7840302546161054,50.94741958500849,-6571.359455613863
10.860038159415817,6.3143631149251975,0.7840302546161054,50.94741958500849,-6571.359455613863
10.860038159415817,6.3143631149251975,0.7840302546161054,50.94741958500849,-6571.359455613863
11.17068218634111,7.320817727042433,0.759762153337267,50.57446724285702,-6570.943232867509
11.17068218634111,7.320817727042433,0.759762153337267,50.57446724285702,-6570.943232867509
11.17068218634111,7.320817727042433,0.759762153337267,50.57446724285702,-6570.943232867509
11.17068218634111,7.320817727042433,0.759762153337267,50.57446724285702,-6570.943232867509
11.17068218634111,7.320817727042433,0.759762153337267,50.57446724285702,-6570.943232867509
10.831600027243107,6.9163700174845975,0.8687477150903035,50.28479335425848,-6570.821156325086
10.831600027243107,6.9163700174845975,0.8687477150903035,50.28479335425848,-6570.821156325086
10.831600027243107,6.9163700174845975,0.8687477150903035,50.28479335425848,-6570.821156325086
10.066367364793294,7.9223097601424195,0.7901305925509804,50.33452798863566,-6570.322909122242
10.066367364793294,7.9223097601424195,0.7901305925509804,50.33452798863566,-6570.322909122242
10.066367364793294,7.9223097601424195,0.7901305925509804,50.33452798863566,-6570.322909122242
10.066367364793294,7.9223097601424195,0.7901305925509804,50.33452798863566,-6570.322909122242
10.066367364793294,7.9223097601424195,0.7901305925509804,50.33452798863566,-6570.322909122242
10.066367364793294,7.9223097601424195,0.7901305925509804,50.33452798863566,-6570.322909122242
10.066367364793294,7.9223097601424195,0.7901305925509804,50.33452798863566,-6570.322909122242
10.066367364793294,7.9223097601424195,0.7901305925509804,50.33452798863566,-6570.322909122242
10.066367364793294,7.9223097601424195,0.7901305925509804,50.33452798863566,-6570.322909122242
10.066367364793294,7.9223097601424195,0.7901305925509804,50.33452798863566,-6570.322909122242
10.066367364793294,7.9223097601424195,0.7901305925509804,50.33452798863566,-6570.322909122242
9.656695618142624,8.232009856005927,0.7524985526629029,50.7862669078167,-6571.455273497285
9.358188165373631,9.817071918029148,0.8784107693610295,50.358006807455055,-6571.085990264191
9.358188165373631,9.817071918029148,0.8784107693610295,50.358006807455055,-6571.085990264191
9.358188165373631,9.817071918029148,0.8784107693610295,50.358006807455055,-6571.085990264191
9.358188165373631,9.817071918029148,0.8784107693610295,50.358006807455055,-6571.085990264191
9.358188165373631,9.817071918029148,0.8784107693610295,50.358006807455055,-6571.085990264191
9.358188165373631,9.817071918029148,0.8784107693610295,50.358006807455055,-6571.085990264191
9.358188165373631,9.817071918029148,0.8784107693610295,50.358006807455055,-6571.085990264191
9.358188165373631,9.817071918029148,0.8784107693610295,50.358006807455055,-6571.085990264191
9.358188165373631,9.817071918029148,0.8784107693610295,50.358006807455055,-6571.085990264191
9.358188165373631,9.817071918029148,0.8784107693610295,50.358006807455055,-6571.085990264191
9.358188165373631,9.817071918029148,0.8784107693610295,50.358006807455055,-6571.085990264191
10.101138967431725,7.185064664701526,0.9197537774026179,50.289814919661964,-6570.8827358373055
10.101138967431725,7.185064664701526,0.9197537774026179,50.289814919661964,-6570.8827358373055
10.101138967431725,7.185064664701526,0.9197537774026179,50.289814919661964,-6570.8827358373055
10.101138967431725,7.185064664701526,0.9197537774026179,50.289814919661964,-6570.8827358373055
10.101138967431725,7.185064664701526,0.9197537774026179,50.289814919661964,-6570.8827358373055
10.101138967431725,7.185064664701526,0.9197537774026179,50.289814919661964,-6570.8827358373055
10.101138967431725,7.185064664701526,0.9197537774026179,50.289814919661964,-6570.8827358373055
10.101138967431725,7.185064664701526,0.9197537774026179,50.289814919661964,-6570.8827358373055
10.101138967431725,7.185064664701526,0.9197537774026179,50.289814919661964,-6570.8827358373055
10.101138967431725,7.185064664701526,0.9197537774026179,50.289814919661964,-6570.8827358373055
10.684601078013765,7.917108317101637,0.8129167829302804,49.80490909722737,-6571.126783520222
10.684601078013765,7.917108317101637,0.8129167829302804,49.80490909722737,-6571.126783520222
10.684601078013765,7.917108317101637,0.8129167829302804,49.80490909722737,-6571.126783520222
10.684601078013765,7.917108317101637,0.8129167829302804,49.80490909722737,-6571.126783520222
9.387214205561152,9.241829192974627,0.7782965428677007,49.88563846137437,-6571.007987133167
9.387214205561152,9.241829192974627,0.7782965428677007,49.88563846137437,-6571.007987133167
9.387214205561152,9.241829192974627,0.7782965428677007,49.88563846137437,-6571.007987133167
9.387214205561152,9.241829192974627,0.7782965428677007,49.88563846137437,-6571.007987133167
9.387214205561152,9.241829192974627,0.7782965428677007,49.88563846137437,-6571.007987133167
9.387214205561152,9.241829192974627,0.7782965428677007,49.88563846137437,-6571.007987133167
8.408445694611409,12.276853460767343,0.9464883280531553,49.69524560580459,-6574.771695125615
9.262267393148518,12.003231340618333,0.7615160486391483,50.48465120262528,-6572.433883138767
8.51566246453009,12.545053131038827,0.7365810094760014,50.36222541844951,-6572.565038336598
8.219552466725439,11.805690889835898,0.7427627495424082,50.530382618774325,-6573.214623842647
8.219552466725439,11.805690889835898,0.7427627495424082,50.530382618774325,-6573.214623842647
8.219552466725439,11.805690889835898,0.7427627495424082,50.530382618774325,-6573.214623842647
8.219552466725439,11.805690889835898,0.7427627495424082,50.530382618774325,-6573.214623842647
8.219552466725439,11.805690889835898,0.7427627495424082,50.530382618774325,-6573.214623842647
8.219552466725439,11.805690889835898,0.7427627495424082,50.530382618774325,-6573.214623842647
8.219552466725439,11.805690889835898,0.7427627495424082,50.530382618774325,-6573.214623842647
8.219552466725439,11.805690889835898,0.7427627495424082,50.530382618774325,-6573.214623842647
8.219552466725439,11.805690889835898,0.7427627495424082,50.530382618774325,-6573.214623842647
8.219552466725439,11.805690889835898,0.7427627495424082,50.530382618774325,-6573.214623842647
8.219552466725439,11.805690889835898,0.7427627495424082,50.530382618774325,-6573.214623842647
8.219552466725439,11.805690889835898,0.7427627495424082,50.530382618774325,-6573.214623842647
8.219552466725439,11.805690889835898,0.7427627495424082,50.530382618774325,-6573.214623842647
8.219552466725439,11.805690889835898,0.7427627495424082,50.530382618774325,-6573.214623842647
8.219552466725439,11.805690889835898,0.7427627495424082,50.530382618774325,-6573.214623842647
8.219552466725439,11.805690889835898,0.7427627495424082,50.530382618774325,-6573.214623842647
8.219552466725439,11.805690889835898,0.7427627495424082,50.530382618774325,-6573.214623842647
8.219552466725439,11.805690889835898,0.7427627495424082,50.530382618774325,-6573.214623842647
8.219552466725439,11.805690889835898,0.7427627495424082,50.530382618774325,-6573.214623842647
8.219552466725439,11.805690889835898,0.7427627495424082,50.530382618774325,-6573.214623842647
9.776664412904598,9.334557424196657,0.7390925501171767,51.17003776362634,-6571.27685445719
10.383200091275471,7.441004128529576,0.8520980732671409,51.06773179704559,-6571.151101376901
10.360402183391491,6.761114423372252,0.8377827010772927,51.351631975087464,-6572.321514636924
10.360402183391491,6.761114423372252,0.8377827010772927,51.351631975087464,-6572.321514636924
10.360402183391491,6.761114423372252,0.8377827010772927,51.351631975087464,-6572.321514636924
10.360402183391491,6.761114423372252,0.8377827010772927,51.351631975087464,-6572.321514636924
10.360402183391491,6.761114423372252,0.8377827010772927,51.351631975087464,-6572.321514636924
10.360402183391491,6.761114423372252,0.8377827010772927,51.351631975087464,-6572.321514636924
10.360402183391491,6.761114423372252,0.8377827010772927,51.351631975087464,-6572.321514636924
10.360402183391491,6.761114423372252,0.8377827010772927,51.351631975087464,-6572.321514636924
11.576994888035122,7.347383573406062,0.8430245235407772,51.195063645535946,-6573.972049120396
11.576994888035122,7.347383573406062,0.8430245235407772,51.195063645535946,-6573.972049120396
9.949615375474975,10.44032347783223,0.8084537269712576,50.84093465998349,-6572.279630968305
9.949615375474975,10.44032347783223,0.8084537269712576,50.84093465998349,-6572.279630968305
10.264730056419083,6.602234393098126,0.848532668637855,50.878348314829104,-6571.575688558471
10.264730056419083,6.602234393098126,0.848532668637855,50.878348314829104,-6571.575688558471
10.264730056419083,6.602234393098126,0.848532668637855,50.878348314829104,-6571.575688558471
9.400915628700734,8.498668671566582,0.9028251805567347,50.023306842274295,-6571.219587169516
10.872306508104401,6.26634297564722,0.8824076476095913,50.30687183587576,-6570.964384649
10.872306508104401,6.26634297564722,0.8824076476095913,50.30687183587576,-6570.964384649
10.872306508104401,6.26634297564722,0.8824076476095913,50.30687183587576,-6570.964384649
10.872306508104401,6.26634297564722,0.8824076476095913,50.30687183587576,-6570.964384649
10.872306508104401,6.26634297564722,0.8824076476095913,50.30687183587576,-6570.964384649
10.872306508104401,6.26634297564722,0.8824076476095913,50.30687183587576,-6570.964384649
10.872306508104401,6.26634297564722,0.8824076476095913,50.30687183587576,-6570.964384649
10.872306508104401,6.26634297564722,0.8824076476095913,50.30687183587576,-6570.964384649
10.872306508104401,6.26634297564722,0.8824076476095913,50.30687183587576,-6570.964384649
10.872306508104401,6.26634297564722,0.8824076476095913,50.30687183587576,-6570.964384649
10.872306508104401,6.26634297564722,0.8824076476095913,50.30687183587576,-6570.964384649
10.872306508104401,6.26634297564722,0.8824076476095913,50.30687183587576,-6570.964384649
11.590467474016789,7.054185660186869,0.82102856506143,49.906699492208475,-6572.879643971388
11.853372853203563,6.5617692384399895,0.724449766948367,50.046578166118614,-6572.369301896242
11.853372853203563,6.5617692384399895,0.724449766948367,50.046578166118614,-6572.369301896242
11.853372853203563,6.5617692384399895,0.724449766948367,50.046578166118614,-6572.369301896242
11.853372853203563,6.5617692384399895,0.724449766948367,50.046578166118614,-6572.369301896242
11.853372853203563,6.5617692384399895,0.724449766948367,50.046578166118614,-6572.369301896242
11.853372853203563,6.5617692384399895,0.724449766948367,50.046578166118614,-6572.369301896242
11.853372853203563,6.5617692384399895,0.724449766948367,50.046578166118614,-6572.369301896242
11.853372853203563,6.5617692384399895,0.724449766948367,50.046578166118614,-6572.369301896242
11.853372853203563,6.5617692384399895,0.724449766948367,50.046578166118614,-6572.369301896242
11.853372853203563,6.5617692384399895,0.724449766948367,50.046578166118614,-6572.369301896242
11.853372853203563,6.5617692384399895,0.724449766948367,50.046578166118614,-6572.369301896242
11.853372853203563,6.5617692384399895,0.724449766948367,50.046578166118614,-6572.369301896242
11.853372853203563,6.5617692384399895,0.724449766948367,50.046578166118614,-6572.369301896242
11.853372853203563,6.5617692384399895,0.724449766948367,50.046578166118614,-6572.369301896242
11.853372853203563,6.5617692384399895,0.724449766948367,50.046578166118614,-6572.369301896242
11.853372853203563,6.5617692384399895,0.724449766948367,50.046578166118614,-6572.369301896242
11.853372853203563,6.5617692384399895,0.724449766948367,50.046578166118614,-6572.369301896242
11.853372853203563,6.5617692384399895,0.724449766948367,50.046578166118614,-6572.369301896242
11.013625607316415,5.071714799184901,0.8332900919100148,49.97205709646698,-6572.64135880202
11.013625607316415,5.071714799184901,0.8332900919100148,49.97205709646698,-6572.64135880202
10.156777196694406,6.767238213706383,0.8840000742273401,49.049066050724335,-6573.792292495347
10.156777196694406,6.767238213706383,0.8840000742273401,49.049066050724335,-6573.792292495347
10.156777196694406,6.767238213706383,0.8840000742273401,49.049066050724335,-6573.792292495347
9.614498787586122,9.824558947398007,0.9611089973501595,49.75302425057208,-6572.879145464429
9.485892496490019,8.96123396705728,0.9716104039186917,49.24760834335408,-6573.224513969819
9.485892496490019,8.96123396705728,0.9716104039186917,49.24760834335408,-6573.224513969819
9.485892496490019,8.96123396705728,0.9716104039186917,49.24760834335408,-6573.224513969819
9.485892496490019,8.96123396705728,0.9716104039186917,49.24760834335408,-6573.224513969819
9.485892496490019,8.96123396705728,0.9716104039186917,49.24760834335408,-6573.224513969819
8.997799490615405,10.566311338758652,0.7925308770957594,49.34538035689502,-6572.590992528456
8.171221436655323,11.622933511793317,0.7979225471342416,50.432368288059976,-6573.209663754541
8.171221436655323,11.622933511793317,0.7979225471342416,50.432368288059976,-6573.209663754541
8.171221436655323,11.622933511793317,0.7979225471342416,50.432368288059976,-6573.209663754541
8.171221436655323,11.622933511793317,0.7979225471342416,50.432368288059976,-6573.209663754541
8.059589700131774,13.078501220138333,0.7990284785000151,50.31196766144113,-6573.860177505206
7.944005944209256,11.548735371336875,1.0256542685264816,50.642676771969995,-6575.482741642286
8.174356377784987,10.863251940268805,1.017396017092848,50.07637300799945,-6574.354746235131
8.174356377784987,10.863251940268805,1.017396017092848,50.07637300799945,-6574.354746235131
8.174356377784987,10.863251940268805,1.017396017092848,50.07637300799945,-6574.354746235131
8.174356377784987,10.863251940268805,1.017396017092848,50.07637300799945,-6574.354746235131
8.174356377784987,10.863251940268805,1.017396017092848,50.07637300799945,-6574.354746235131
8.174356377784987,10.863251940268805,1.017396017092848,50.07637300799945,-6574.354746235131
8.174356377784987,10.863251940268805,1.017396017092848,50.07637300799945,-6574.354746235131
8.174356377784987,10.863251940268805,1.017396017092848,50.07637300799945,-6574.354746235131
8.174356377784987,10.863251940268805,1.017396017092848,50.07637300799945,-6574.354746235131
8.174356377784987,10.863251940268805,1.017396017092848,50.07637300799945,-6574.354746235131
8.174356377784987,10.863251940268805,1.017396017092848,50.07637300799945,-6574.354746235131
8.64263047525858,12.128400952701908,0.9061901744762082,49.63141916348823,-6574.219845999137
8.64263047525858,12.128400952701908,0.9061901744762082,49.63141916348823,-6574.219845999137
8.64263047525858,12.128400952701908,0.9061901744762082,49.63141916348823,-6574.219845999137
8.64263047525858,12.128400952701908,0.9061901744762082,49.63141916348823,-6574.219845999137
8.64263047525858,12.128400952701908,0.9061901744762082,49.63141916348823,-6574.219845999137
8.64263047525858,12.128400952701908,0.9061901744762082,49.63141916348823,-6574.219845999137
8.64263047525858,12.128400952701908,0.9061901744762082,49.63141916348823,-6574.219845999137
8.64263047525858,12.128400952701908,0.9061901744762082,49.63141916348823,-6574.219845999137
8.652882246814393,9.949663662687536,0.813525107597355,49.99488831810254,-6572.444504288078
8.652882246814393,9.949663662687536,0.813525107597355,49.99488831810254,-6572.444504288078
8.652882246814393,9.949663662687536,0.813525107597355,49.99488831810254,-6572.444504288078
8.652882246814393,9.949663662687536,0.813525107597355,49.99488831810254,-6572.444504288078
8.681254984404077,10.35091157547633,0.8307081483619884,50.05450075233879,-6571.95722492306
8.990730681684706,11.262229703229014,0.6964089350177006,50.49702577160379,-6571.385616117169
9.500042488500503,11.426992480695333,0.5005469445848845,50.418504908168615,-6573.077838782108
9.434299776116536,11.05709528017234,0.6456413709776241,50.99410428955435,-6571.690801386003
9.434299776116536,11.05709528017234,0.6456413709776241,50.99410428955435,-6571.690801386003
9.434299776116536,11.05709528017234,0.6456413709776241,50.99410428955435,-6571.690801386003
9.434299776116536,11.05709528017234,0.6456413709776241,50.99410428955435,-6571.690801386003
9.434299776116536,11.05709528017234,0.6456413709776241,50.99410428955435,-6571.690801386003
9.434299776116536,11.05709528017234,0.6456413709776241,50.99410428955435,-6571.690801386003
9.434299776116536,11.05709528017234,0.6456413709776241,50.99410428955435,-6571.690801386003
9.434299776116536,11.05709528017234,0.6456413709776241,50.99410428955435,-6571.690801386003
9.434299776116536,11.05709528017234,0.6456413709776241,50.99410428955435,-6571.690801386003
10.190960749755027,11.124374504338554,0.5320291739655424,50.80184168423538,-6572.448267130007
10.436109724431486,10.272084956949186,0.5005002774305315,50.58617110300369,-6572.519957010618
8.804203082814485,11.32693217040594,0.6037481230787305,50.70222103683203,-6573.026235010595
8.804203082814485,11.32693217040594,0.6037481230787305,50.70222103683203,-6573.026235010595
8.966821260567924,10.517339877278875,0.6298317166972125,49.95859929907992,-6572.753514337528
8.966821260567924,10.517339877278875,0.6298317166972125,49.95859929907992,-6572.753514337528
8.966821260567924,10.517339877278875,0.6298317166972125,49.95859929907992,-6572.753514337528
8.966821260567924,10.517339877278875,0.6298317166972125,49.95859929907992,-6572.753514337528
8.966821260567924,10.517339877278875,0.6298317166972125,49.95859929907992,-6572.753514337528
10.249998736003041,9.79333725611745,0.6376607076843723,50.85818864338212,-6571.035581409633
10.249998736003041,9.79333725611745,0.6376607076843723,50.85818864338212,-6571.035581409633
10.802344775354086,9.522631546957692,0.6653083196557341,49.90938075189056,-6572.088361851911
10.802344775354086,9.522631546957692,0.6653083196557341,49.90938075189056,-6572.088361851911
10.802344775354086,9.522631546957692,0.6653083196557341,49.90938075189056,-6572.088361851911
10.06610868418814,9.777456874647738,0.7697175914828491,49.57500297647551,-6571.76469178007
10.06610868418814,9.777456874647738,0.7697175914828491,49.57500297647551,-6571.76469178007
10.06610868418814,9.777456874647738,0.7697175914828491,49.57500297647551,-6571.76469178007
10.06610868418814,9.777456874647738,0.7697175914828491,49.57500297647551,-6571.76469178007
10.06610868418814,9.777456874647738,0.7697175914828491,49.57500297647551,-6571.76469178007
10.06610868418814,9.777456874647738,0.7697175914828491,49.57500297647551,-6571.76469178007
10.06610868418814,9.777456874647738,0.7697175914828491,49.57500297647551,-6571.76469178007
10.06610868418814,9.777456874647738,0.7697175914828491,49.57500297647551,-6571.76469178007
10.06610868418814,9.777456874647738,0.7697175914828491,49.57500297647551,-6571.76469178007
11.228215229055337,7.105989807718573,0.7366785447352935,50.1518727460875,-6571.012982795321
11.228215229055337,7.105989807718573,0.7366785447352935,50.1518727460875,-6571.012982795321
11.228215229055337,7.105989807718573,0.7366785447352935,50.1518727460875,-6571.012982795321
11.228215229055337,7.105989807718573,0.7366785447352935,50.1518727460875,-6571.012982795321
11.228215229055337,7.105989807718573,0.7366785447352935,50.1518727460875,-6571.012982795321
11.228215229055337,7.105989807718573,0.7366785447352935,50.1518727460875,-6571.012982795321
11.228215229055337,7.105989807718573,0.7366785447352935,50.1518727460875,-6571.012982795321
11.228215229055337,7.105989807718573,0.7366785447352935,50.1518727460875,-6571.012982795321
11.228215229055337,7.105989807718573,0.7366785447352935,50.1518727460875,-6571.012982795321
11.228215229055337,7.105989807718573,0.7366785447352935,50.1518727460875,-6571.012982795321
11.228215229055337,7.105989807718573,0.7366785447352935,50.1518727460875,-6571.012982795321
10.527696815003821,6.117359026905334,0.8461124251619975,50.14759805626343,-6571.435381151609
10.527696815003821,6.117359026905334,0.8461124251619975,50.14759805626343,-6571.435381151609
10.527696815003821,6.117359026905334,0.8461124251619975,50.14759805626343,-6571.435381151609
11.10499741174657,6.356296549290075,0.8337214450511857,50.5799168214281,-6570.94498296102
11.10499741174657,6.356296549290075,0.8337214450511857,50.5799168214281,-6570.94498296102
11.10499741174657,6.356296549290075,0.8337214450511857,50.5799168214281,-6570.94498296102
11.10499741174657,6.356296549290075,0.8337214450511857,50.5799168214281,-6570.94498296102
11.10499741174657,6.356296549290075,0.8337214450511857,50.5799168214281,-6570.94498296102
11.10499741174657,6.356296549290075,0.8337214450511857,50.5799168214281,-6570.94498296102
11.10499741174657,6.356296549290075,0.8337214450511857,50.5799168214281,-6570.94498296102
11.10499741174657,6.356296549290075,0.8337214450511857,50.5799168214281,-6570.94498296102
11.10499741174657,6.356296549290075,0.8337214450511857,50.5799168214281,-6570.94498296102
11.10499741174657,6.356296549290075,0.8337214450511857,50.5799168214281,-6570.94498296102
10.65301479246968,7.272031629354368,0.8000394933644499,49.994137259606624,-6570.597245754191
10.323257906416925,6.9615461626163055,0.7629595863886062,50.6823925535901,-6571.213231509744
10.323257906416925,6.9615461626163055,0.7629595863886062,50.6823925535901,-6571.213231509744
11.020060423512428,7.275046667100047,0.776491584660005,50.03251536439899,-6570.902351195804
11.020060423512428,7.275046667100047,0.776491584660005,50.03251536439899,-6570.902351195804
11.020060423512428,7.275046667100047,0.776491584660005,50.03251536439899,-6570.902351195804
11.020060423512428,7.275046667100047,0.776491584660005,50.03251536439899,-6570.902351195804
11.020060423512428,7.275046667100047,0.776491584660005,50.03251536439899,-6570.902351195804
11.020060423512428,7.275046667100047,0.776491584660005,50.03251536439899,-6570.902351195804
11.020060423512428,7.275046667100047,0.776491584660005,50.03251536439899,-6570.902351195804
11.020060423512428,7.275046667100047,0.776491584660005,50.03251536439899,-6570.902351195804
11.020060423512428,7.275046667100047,0.776491584660005,50.03251536439899,-6570.902351195804
11.020060423512428,7.275046667100047,0.776491584660005,50.03251536439899,-6570.902351195804
11.020060423512428,7.275046667100047,0.776491584660005,50.03251536439899,-6570.902351195804
10.486455681606017,8.628030104067005,0.7557660944677977,51.20307794032426,-6571.380509120716
10.486455681606017,8.628030104067005,0.7557660944677977,51.20307794032426,-6571.380509120716
9.655532528170095,8.650906299759114,0.9161580905611678,51.24834934241749,-6572.243729235512
9.655532528170095,8.650906299759114,0.9161580905611678,51.24834934241749,-6572.243729235512
9.655532528170095,8.650906299759114,0.9161580905611678,51.24834934241749,-6572.243729235512
9.655532528170095,8.650906299759114,0.9161580905611678,51.24834934241749,-6572.243729235512
9.655532528170095,8.650906299759114,0.9161580905611678,51.24834934241749,-6572.243729235512
9.655532528170095,8.650906299759114,0.9161580905611678,51.24834934241749,-6572.243729235512
9.655432384446927,8.511494866724545,0.7472969392328499,50.82929469574932,-6571.213317236552
9.655432384446927,8.511494866724545,0.7472969392328499,50.82929469574932,-6571.213317236552
9.655432384446927,8.511494866724545,0.7472969392328499,50.82929469574932,-6571.213317236552
9.655432384446927,8.511494866724545,0.7472969392328499,50.82929469574932,-6571.213317236552
9.655432384446927,8.511494866724545,0.7472969392328499,50.82929469574932,-6571.213317236552
9.655432384446927,8.511494866724545,0.7472969392328499,50.82929469574932,-6571.213317236552
10.981532209593704,7.455847079970712,0.6352158861473468,50.40751028140041,-6571.190774201479
10.97145776849019,6.475393810512652,0.6389646923065305,50.32940699107997,-6572.488005820048
11.749372888667505,5.493076231344134,0.761736107899873,50.42924719631737,-6571.824560675612
11.749372888667505,5.493076231344134,0.761736107899873,50.42924719631737,-6571.824560675612
11.749372888667505,5.493076231344134,0.761736107899873,50.42924719631737,-6571.824560675612
11.745763363228024,7.51252094683395,0.7532191013089742,50.37687117808115,-6572.987952221976
11.745763363228024,7.51252094683395,0.7532191013089742,50.37687117808115,-6572.987952221976
10.648879973868594,6.319999443069799,0.7378551108509828,50.72114112714628,-6571.854478473126
10.648879973868594,6.319999443069799,0.7378551108509828,50.72114112714628,-6571.854478473126
10.648879973868594,6.319999443069799,0.7378551108509828,50.72114112714628,-6571.854478473126
10.648879973868594,6.319999443069799,0.7378551108509828,50.72114112714628,-6571.854478473126
10.648879973868594,6.319999443069799,0.7378551108509828,50.72114112714628,-6571.854478473126
10.52329235488576,7.018939086212069,0.9300333854306653,50.10964161482605,-6571.0825925069075
10.886370813752281,8.373003228158932,0.7359219611796476,50.43908079873949,-6570.925232093932
11.078575772184609,7.385551702037843,0.826281365805124,50.32482072697022,-6571.224955702329
11.078575772184609,7.385551702037843,0.826281365805124,50.32482072697022,-6571.224955702329
10.278902895347965,6.1657604070355365,0.7546152417761661,50.226155983776884,-6573.1880744691725
10.384694826637693,7.912436821449709,0.860672647223722,50.852622532691605,-6570.895874177377
10.384694826637693,7.912436821449709,0.860672647223722,50.852622532691605,-6570.895874177377
11.01566966503052,5.0893848487358335,0.8338175914273113,50.38098746587769,-6572.276181601072
11.643672555472252,5.569208852892898,0.8140771956575175,50.10973496562142,-6571.841959098078
11.643672555472252,5.569208852892898,0.8140771956575175,50.10973496562142,-6571.841959098078
11.643672555472252,5.569208852892898,0.8140771956575175,50.10973496562142,-6571.841959098078
11.643672555472252,5.569208852892898,0.8140771956575175,50.10973496562142,-6571.841959098078
11.643672555472252,5.569208852892898,0.8140771956575175,50.10973496562142,-6571.841959098078
11.643672555472252,5.569208852892898,0.8140771956575175,50.10973496562142,-6571.841959098078
11.643672555472252,5.569208852892898,0.8140771956575175,50.10973496562142,-6571.841959098078
11.643672555472252,5.569208852892898,0.8140771956575175,50.10973496562142,-6571.841959098078
11.643672555472252,5.569208852892898,0.8140771956575175,50.10973496562142,-6571.841959098078
11.643672555472252,5.569208852892898,0.8140771956575175,50.10973496562142,-6571.841959098078
11.643672555472252,5.569208852892898,0.8140771956575175,50.10973496562142,-6571.841959098078
11.643672555472252,5.569208852892898,0.8140771956575175,50.10973496562142,-6571.841959098078
11.20697465523755,5.413990196900727,0.9983013470994506,50.25182512354746,-6572.393377845292
11.20697465523755,5.413990196900727,0.9983013470994506,50.25182512354746,-6572.393377845292
11.20697465523755,5.413990196900727,0.9983013470994506,50.25182512354746,-6572.393377845292
11.20697465523755,5.413990196900727,0.9983013470994506,50.25182512354746,-6572.393377845292
11.20697465523755,5.413990196900727,0.9983013470994506,50.25182512354746,-6572.393377845292
11.045649116775474,5.308500182942893,1.0127590972763911,50.750996424987825,-6572.562583395978
11.045649116775474,5.308500182942893,1.0127590972763911,50.750996424987825,-6572.562583395978
10.849178700976868,7.848463406843097,0.9219485602977786,50.09343834569776,-6572.444391506781
10.849178700976868,7.848463406843097,0.9219485602977786,50.09343834569776,-6572.444391506781
10.849178700976868,7.848463406843097,0.9219485602977786,50.09343834569776,-6572.444391506781
10.017681883443224,7.281158680723479,0.9554493856675977,49.830271193815584,-6571.492101250193
10.017681883443224,7.281158680723479,0.9554493856675977,49.830271193815584,-6571.492101250193
10.017681883443224,7.281158680723479,0.9554493856675977,49.830271193815584,-6571.492101250193
10.017681883443224,7.281158680723479,0.9554493856675977,49.830271193815584,-6571.492101250193
9.712661935966892,8.410856243000522,0.9209020727752681,49.60952146680008,-6571.629025586084
9.341545146100872,10.90165097255717,0.8382997929443804,50.17645990182948,-6571.7580511501765
9.341545146100872,10.90165097255717,0.8382997929443804,50.17645990182948,-6571.7580511501765
9.341545146100872,10.90165097255717,0.8382997929443804,50.17645990182948,-6571.7580511501765
9.514871928502524,10.891945197637295,0.7923299442232034,49.975638477117485,-6571.6617415391465
9.514871928502524,10.891945197637295,0.7923299442232034,49.975638477117485,-6571.6617415391465
9.514871928502524,10.891945197637295,0.7923299442232034,49.975638477117485,-6571.6617415391465
9.832232990887688,8.441627600976473,0.8264602079729528,51.06372676899303,-6571.1431516493085
9.832232990887688,8.441627600976473,0.8264602079729528,51.06372676899303,-6571.1431516493085
9.832232990887688,8.441627600976473,0.8264602079729528,51.06372676899303,-6571.1431516493085
9.832232990887688,8.441627600976473,0.8264602079729528,51.06372676899303,-6571.1431516493085
9.832232990887688,8.441627600976473,0.8264602079729528,51.06372676899303,-6571.1431516493085
9.832232990887688,8.441627600976473,0.8264602079729528,51.06372676899303,-6571.1431516493085
10.575617698784106,7.434693690747444,0.8533506763492837,49.4627167478934,-6571.765939901723
10.575617698784106,7.434693690747444,0.8533506763492837,49.4627167478934,-6571.765939901723
11.6325076839202,7.041481089722846,0.7956044888311016,50.13662826045962,-6572.465396822301
11.102125549910431,4.9431194112587535,0.9001535479177064,50.152719131116726,-6572.218890195461
11.102125549910431,4.9431194112587535,0.9001535479177064,50.152719131116726,-6572.218890195461
11.102125549910431,4.9431194112587535,0.9001535479177064,50.152719131116726,-6572.218890195461
11.102125549910431,4.9431194112587535,0.9001535479177064,50.152719131116726,-6572.218890195461
11.102125549910431,4.9431194112587535,0.9001535479177064,50.152719131116726,-6572.218890195461
10.720417254469627,6.914115512784252,1.0838045029372518,50.28810073658703,-6573.572369161639
10.720417254469627,6.914115512784252,1.0838045029372518,50.28810073658703,-6573.572369161639
10.264297309104272,8.384763497190592,0.950703381878059,50.51555623315319,-6571.848922498548
10.264297309104272,8.384763497190592,0.950703381878059,50.51555623315319,-6571.848922498548
10.517190080133265,9.431029837375196,0.722673906344424,50.77747189304585,-6571.264711821401
10.517190080133265,9.431029837375196,0.722673906344424,50.77747189304585,-6571.264711821401
10.517190080133265,9.431029837375196,0.722673906344424,50.77747189304585,-6571.264711821401
10.517190080133265,9.431029837375196,0.722673906344424,50.77747189304585,-6571.264711821401
9.467469537749192,10.634052113656082,0.7903675755450853,50.78216025570452,-6571.391812757816
9.467469537749192,10.634052113656082,0.7903675755450853,50.78216025570452,-6571.391812757816
10.026148670959431,9.645221517287366,0.7108534130584377,51.2372061819194,-6571.487134155232
10.026148670959431,9.645221517287366,0.7108534130584377,51.2372061819194,-6571.487134155232
10.026148670959431,9.645221517287366,0.7108534130584377,51.2372061819194,-6571.487134155232
10.026148670959431,9.645221517287366,0.7108534130584377,51.2372061819194,-6571.487134155232
10.501742130484844,10.824186339342946,0.5575209013040547,51.052528260944825,-6572.852979361216
9.79952665664243,12.010530671740305,0.5090884507920047,51.14677563864192,-6573.572977935561
9.79952665664243,12.010530671740305,0.5090884507920047,51.14677563864192,-6573.572977935561
9.467495993176806,8.855521104952013,0.6671875463383895,51.07509847740557,-6572.996091594118
9.467495993176806,8.855521104952013,0.6671875463383895,51.07509847740557,-6572.996091594118
9.467495993176806,8.855521104952013,0.6671875463383895,51.07509847740557,-6572.996091594118
9.467495993176806,8.855521104952013,0.6671875463383895,51.07509847740557,-6572.996091594118
9.467495993176806,8.855521104952013,0.6671875463383895,51.07509847740557,-6572.996091594118
10.62208114690782,9.453469260228026,0.7588616973987787,50.72679589768742,-6571.902281499294
10.62208114690782,9.453469260228026,0.7588616973987787,50.72679589768742,-6571.902281499294
10.62208114690782,9.453469260228026,0.7588616973987787,50.72679589768742,-6571.902281499294
10.714630036768396,8.439892843419985,0.7317987029291548,50.6295505415982,-6570.648100400642
11.346438571177377,7.579953701555835,0.7695757745725391,50.75466713870587,-6571.820527992351
11.346438571177377,7.579953701555835,0.7695757745725391,50.75466713870587,-6571.820527992351
11.346438571177377,7.579953701555835,0.7695757745725391,50.75466713870587,-6571.820527992351
11.346438571177377,7.579953701555835,0.7695757745725391,50.75466713870587,-6571.820527992351
11.346438571177377,7.579953701555835,0.7695757745725391,50.75466713870587,-6571.820527992351
11.346438571177377,7.579953701555835,0.7695757745725391,50.75466713870587,-6571.820527992351
11.346438571177377,7.579953701555835,0.7695757745725391,50.75466713870587,-6571.820527992351
11.346438571177377,7.579953701555835,0.7695757745725391,50.75466713870587,-6571.820527992351
11.346438571177377,7.579953701555835,0.7695757745725391,50.75466713870587,-6571.820527992351
11.346438571177377,7.579953701555835,0.7695757745725391,50.75466713870587,-6571.820527992351
11.346438571177377,7.579953701555835,0.7695757745725391,50.75466713870587,-6571.820527992351
11.346438571177377,7.579953701555835,0.7695757745725391,50.75466713870587,-6571.820527992351
11.346438571177377,7.579953701555835,0.7695757745725391,50.75466713870587,-6571.820527992351
11.346438571177377,7.579953701555835,0.7695757745725391,50.75466713870587,-6571.820527992351
11.346438571177377,7.579953701555835,0.7695757745725391,50.75466713870587,-6571.820527992351
10.19945649973559,7.400213431446763,0.9367715474634561,50.17885906012036,-6570.946582810191
10.19945649973559,7.400213431446763,0.9367715474634561,50.17885906012036,-6570.946582810191
10.19945649973559,7.400213431446763,0.9367715474634561,50.17885906012036,-6570.946582810191
10.19945649973559,7.400213431446763,0.9367715474634561,50.17885906012036,-6570.946582810191
10.19945649973559,7.400213431446763,0.9367715474634561,50.17885906012036,-6570.946582810191
9.8770379520534,8.709692498617795,0.904069422117451,50.50671705699533,-6570.919804785593
9.8770379520534,8.709692498617795,0.904069422117451,50.50671705699533,-6570.919804785593
9.8770379520534,8.709692498617795,0.904069422117451,50.50671705699533,-6570.919804785593
9.682923975579193,8.367755628612205,0.8111743992373057,50.478924388171265,-6570.596518701733
9.682923975579193,8.367755628612205,0.8111743992373057,50.478924388171265,-6570.596518701733
9.682923975579193,8.367755628612205,0.8111743992373057,50.478924388171265,-6570.596518701733
9.682923975579193,8.367755628612205,0.8111743992373057,50.478924388171265,-6570.596518701733
9.682923975579193,8.367755628612205,0.8111743992373057,50.478924388171265,-6570.596518701733
9.682923975579193,8.367755628612205,0.8111743992373057,50.478924388171265,-6570.596518701733
9.682923975579193,8.367755628612205,0.8111743992373057,50.478924388171265,-6570.596518701733
9.682923975579193,8.367755628612205,0.8111743992373057,50.478924388171265,-6570.596518701733
9.682923975579193,8.367755628612205,0.8111743992373057,50.478924388171265,-6570.596518701733
9.682923975579193,8.367755628612205,0.8111743992373057,50.478924388171265,-6570.596518701733
9.682923975579193,8.367755628612205,0.8111743992373057,50.478924388171265,-6570.596518701733
9.682923975579193,8.367755628612205,0.8111743992373057,50.478924388171265,-6570.596518701733
9.682923975579193,8.367755628612205,0.8111743992373057,50.478924388171265,-6570.596518701733
9.723687980399406,10.527943751795725,0.9034603485703551,50.63742541444773,-6573.084242861247
9.723687980399406,10.527943751795725,0.9034603485703551,50.63742541444773,-6573.084242861247
9.723687980399406,10.527943751795725,0.9034603485703551,50.63742541444773,-6573.084242861247
9.723687980399406,10.527943751795725,0.9034603485703551,50.63742541444773,-6573.084242861247
9.723687980399406,10.527943751795725,0.9034603485703551,50.63742541444773,-6573.084242861247
9.642386973659312,8.813141651421848,1.0174992412794124,51.119480933310236,-6573.237898591075
9.642386973659312,8.813141651421848,1.0174992412794124,51.119480933310236,-6573.237898591075
10.210751566091288,9.771671821623473,0.7228681002820516,51.62637323817249,-6573.018420337685
10.210751566091288,9.771671821623473,0.7228681002820516,51.62637323817249,-6573.018420337685
9.40141889254832,10.140882372982903,0.5866479156869209,51.794026938194214,-6575.51575698433
9.40141889254832,10.140882372982903,0.5866479156869209,51.794026938194214,-6575.51575698433
9.40141889254832,10.140882372982903,0.5866479156869209,51.794026938194214,-6575.51575698433
10.619939802755638,9.890325736084435,0.45543657813534694,51.40587796695687,-6574.763938873496
9.6658750941019,8.515329190674157,0.5662794355520785,50.792935374648984,-6575.195931333936
9.6658750941019,8.515329190674157,0.5662794355520785,50.792935374648984,-6575.195931333936
9.6658750941019,8.515329190674157,0.5662794355520785,50.792935374648984,-6575.195931333936
9.6658750941019,8.515329190674157,0.5662794355520785,50.792935374648984,-6575.195931333936
11.500332146011939,8.862009032561168,0.5357795140219708,50.76931601640428,-6573.098423350738
11.500332146011939,8.862009032561168,0.5357795140219708,50.76931601640428,-6573.098423350738
11.500332146011939,8.862009032561168,0.5357795140219708,50.76931601640428,-6573.098423350738
11.500332146011939,8.862009032561168,0.5357795140219708,50.76931601640428,-6573.098423350738
10.057601421483382,8.40700645994477,0.5523601290741816,50.09207509484716,-6573.962772132058
10.057601421483382,8.40700645994477,0.5523601290741816,50.09207509484716,-6573.962772132058
9.65846641269047,8.767273185780216,0.6809749632549572,49.53424182030144,-6572.4891853494155
9.184519741575391,12.575716006545804,0.6014273114775663,50.035052274520254,-6572.60198765602
9.184519741575391,12.575716006545804,0.6014273114775663,50.035052274520254,-6572.60198765602
9.184519741575391,12.575716006545804,0.6014273114775663,50.035052274520254,-6572.60198765602
9.123685385015076,13.468303850735282,0.6444576322381624,50.68935959405269,-6573.853866917098
9.123685385015076,13.468303850735282,0.6444576322381624,50.68935959405269,-6573.853866917098
9.123685385015076,13.468303850735282,0.6444576322381624,50.68935959405269,-6573.853866917098
9.123685385015076,13.468303850735282,0.6444576322381624,50.68935959405269,-6573.853866917098
9.095055728388562,12.71046159959242,0.6799300051593177,50.94039507386242,-6573.112403546027
8.799850216893704,10.437471571975527,0.6905328641026846,51.06357578897546,-6573.208874484716
9.138726361537154,10.810288910258159,0.8754644518245113,50.3906062050796,-6571.859611766529
9.138726361537154,10.810288910258159,0.8754644518245113,50.3906062050796,-6571.859611766529
9.138726361537154,10.810288910258159,0.8754644518245113,50.3906062050796,-6571.859611766529
9.138726361537154,10.810288910258159,0.8754644518245113,50.3906062050796,-6571.859611766529
9.138726361537154,10.810288910258159,0.8754644518245113,50.3906062050796,-6571.859611766529
9.138726361537154,10.810288910258159,0.8754644518245113,50.3906062050796,-6571.859611766529
9.138726361537154,10.810288910258159,0.8754644518245113,50.3906062050796,-6571.859611766529
9.138726361537154,10.810288910258159,0.8754644518245113,50.3906062050796,-6571.859611766529
9.138726361537154,10.810288910258159,0.8754644518245113,50.3906062050796,-6571.859611766529
8.561647117765744,8.954009935568685,0.854052557138815,50.34234306217364,-6574.115417880628
8.561647117765744,8.954009935568685,0.854052557138815,50.34234306217364,-6574.115417880628
8.561647117765744,8.954009935568685,0.854052557138815,50.34234306217364,-6574.115417880628
9.202560210566224,8.273175162058852,0.9016063169143602,50.00845803521256,-6571.970519472429
9.202560210566224,8.273175162058852,0.9016063169143602,50.00845803521256,-6571.970519472429
9.202560210566224,8.273175162058852,0.9016063169143602,50.00845803521256,-6571.970519472429
9.202560210566224,8.273175162058852,0.9016063169143602,50.00845803521256,-6571.970519472429
10.345267684905178,7.494339927293622,0.9021764849732724,50.94026315900414,-6571.221155404666
10.345267684905178,7.494339927293622,0.9021764849732724,50.94026315900414,-6571.221155404666
10.345267684905178,7.494339927293622,0.9021764849732724,50.94026315900414,-6571.221155404666
10.345267684905178,7.494339927293622,0.9021764849732724,50.94026315900414,-6571.221155404666
10.345267684905178,7.494339927293622,0.9021764849732724,50.94026315900414,-6571.221155404666
10.345267684905178,7.494339927293622,0.9021764849732724,50.94026315900414,-6571.221155404666
10.810241561689633,6.530762850323402,0.922419018301061,50.78159318265216,-6571.392806461366
10.810241561689633,6.530762850323402,0.922419018301061,50.78159318265216,-6571.392806461366
10.810241561689633,6.530762850323402,0.922419018301061,50.78159318265216,-6571.392806461366
10.810241561689633,6.530762850323402,0.922419018301061,50.78159318265216,-6571.392806461366
10.810241561689633,6.530762850323402,0.922419018301061,50.78159318265216,-6571.392806461366
10.810241561689633,6.530762850323402,0.922419018301061,50.78159318265216,-6571.392806461366
10.810241561689633,6.530762850323402,0.922419018301061,50.78159318265216,-6571.392806461366
10.810241561689633,6.530762850323402,0.922419018301061,50.78159318265216,-6571.392806461366
10.810241561689633,6.530762850323402,0.922419018301061,50.78159318265216,-6571.392806461366
10.609941103384513,8.015819884905065,0.8395544905285344,51.24521206584275,-6571.8728695460895
10.609941103384513,8.015819884905065,0.8395544905285344,51.24521206584275,-6571.8728695460895
10.609941103384513,8.015819884905065,0.8395544905285344,51.24521206584275,-6571.8728695460895
10.609941103384513,8.015819884905065,0.8395544905285344,51.24521206584275,-6571.8728695460895
10.609941103384513,8.015819884905065,0.8395544905285344,51.24521206584275,-6571.8728695460895
11.314146955096765,7.8793698160540115,0.6329401061768342,51.51135734477268,-6572.939559105038
10.448230612189564,9.032858013377304,0.7226418484617594,50.763790513947924,-6570.705982446472
10.448230612189564,9.032858013377304,0.7226418484617594,50.763790513947924,-6570.705982446472
10.448230612189564,9.032858013377304,0.7226418484617594,50.763790513947924,-6570.705982446472
10.038180145799727,11.423638462864416,0.5610162342050239,50.70485117660673,-6572.258750346733
10.038180145799727,11.423638462864416,0.5610162342050239,50.70485117660673,-6572.258750346733
10.038180145799727,11.423638462864416,0.5610162342050239,50.70485117660673,-6572.258750346733
8.912760197514654,11.549368226968813,0.6708618439430347,50.24538745770926,-6571.647795680687
8.912760197514654,11.549368226968813,0.6708618439430347,50.24538745770926,-6571.647795680687
8.912760197514654,11.549368226968813,0.6708618439430347,50.24538745770926,-6571.647795680687
8.912760197514654,11.549368226968813,0.6708618439430347,50.24538745770926,-6571.647795680687
8.912760197514654,11.549368226968813,0.6708618439430347,50.24538745770926,-6571.647795680687
8.946899591497965,11.088386714815517,0.7368790898725679,50.3615976582133,-6571.28069361842
8.946899591497965,11.088386714815517,0.7368790898725679,50.3615976582133,-6571.28069361842
8.946899591497965,11.088386714815517,0.7368790898725679,50.3615976582133,-6571.28069361842
8.946899591497965,11.088386714815517,0.7368790898725679,50.3615976582133,-6571.28069361842
8.946899591497965,11.088386714815517,0.7368790898725679,50.3615976582133,-6571.28069361842
9.026693518253484,12.302917583794187,0.7634054874705853,50.648922128023735,-6572.692345633736
8.485886753346838,11.870591284047324,0.619599056874296,50.54813198247328,-6573.450727001432
8.212549731441879,12.733465084169877,0.8958669196178333,50.70248509005813,-6574.550499131055
8.212549731441879,12.733465084169877,0.8958669196178333,50.70248509005813,-6574.550499131055
8.212549731441879,12.733465084169877,0.8958669196178333,50.70248509005813,-6574.550499131055
8.212549731441879,12.733465084169877,0.8958669196178333,50.70248509005813,-6574.550499131055
8.831418488340695,11.95718101200565,0.8640337761847844,50.35870374615399,-6572.957575052478
8.831418488340695,11.95718101200565,0.8640337761847844,50.35870374615399,-6572.957575052478
8.831418488340695,11.95718101200565,0.8640337761847844,50.35870374615399,-6572.957575052478
8.95652905456716,11.505125570480097,0.6769210458180257,49.723305592913135,-6572.133002859387
8.95652905456716,11.505125570480097,0.6769210458180257,49.723305592913135,-6572.133002859387
8.95652905456716,11.505125570480097,0.6769210458180257,49.723305592913135,-6572.133002859387
8.95652905456716,11.505125570480097,0.6769210458180257,49.723305592913135,-6572.133002859387
8.95652905456716,11.505125570480097,0.6769210458180257,49.723305592913135,-6572.133002859387
8.95652905456716,11.505125570480097,0.6769210458180257,49.723305592913135,-6572.133002859387
8.95652905456716,11.505125570480097,0.6769210458180257,49.723305592913135,-6572.133002859387
8.95652905456716,11.505125570480097,0.6769210458180257,49.723305592913135,-6572.133002859387
8.95652905456716,11.505125570480097,0.6769210458180257,49.723305592913135,-6572.133002859387
8.95652905456716,11.505125570480097,0.6769210458180257,49.723305592913135,-6572.133002859387
9.198564696110534,8.698072364835275,0.9029063716348604,50.00642555149005,-6571.565345594856
9.198564696110534,8.698072364835275,0.9029063716348604,50.00642555149005,-6571.565345594856
9.198564696110534,8.698072364835275,0.9029063716348604,50.00642555149005,-6571.565345594856
9.198564696110534,8.698072364835275,0.9029063716348604,50.00642555149005,-6571.565345594856
9.198564696110534,8.698072364835275,0.9029063716348604,50.00642555149005,-6571.565345594856
9.198564696110534,8.698072364835275,0.9029063716348604,50.00642555149005,-6571.565345594856
9.198564696110534,8.698072364835275,0.9029063716348604,50.00642555149005,-6571.565345594856
9.198564696110534,8.698072364835275,0.9029063716348604,50.00642555149005,-6571.565345594856
9.198564696110534,8.698072364835275,0.9029063716348604,50.00642555149005,-6571.565345594856
9.198564696110534,8.698072364835275,0.9029063716348604,50.00642555149005,-6571.565345594856
9.198564696110534,8.698072364835275,0.9029063716348604,50.00642555149005,-6571.565345594856
9.198564696110534,8.698072364835275,0.9029063716348604,50.00642555149005,-6571.565345594856
9.198564696110534,8.698072364835275,0.9029063716348604,50.00642555149005,-6571.565345594856
9.198564696110534,8.698072364835275,0.9029063716348604,50.00642555149005,-6571.565345594856
9.198564696110534,8.698072364835275,0.9029063716348604,50.00642555149005,-6571.565345594856
9.198564696110534,8.698072364835275,0.9029063716348604,50.00642555149005,-6571.565345594856
9.873573215162288,6.718715891514075,0.9088608312885181,51.19067168152152,-6573.028697905655
9.873573215162288,6.718715891514075,0.9088608312885181,51.19067168152152,-6573.028697905655
10.673024659195772,5.044759477494131,1.0124309632971236,50.51152548754602,-6572.757471952068
10.673024659195772,5.044759477494131,1.0124309632971236,50.51152548754602,-6572.757471952068
10.673024659195772,5.044759477494131,1.0124309632971236,50.51152548754602,-6572.757471952068
10.673024659195772,5.044759477494131,1.0124309632971236,50.51152548754602,-6572.757471952068
10.673024659195772,5.044759477494131,1.0124309632971236,50.51152548754602,-6572.757471952068
10.673024659195772,5.044759477494131,1.0124309632971236,50.51152548754602,-6572.757471952068
10.673024659195772,5.044759477494131,1.0124309632971236,50.51152548754602,-6572.757471952068
10.673024659195772,5.044759477494131,1.0124309632971236,50.51152548754602,-6572.757471952068
10.673024659195772,5.044759477494131,1.0124309632971236,50.51152548754602,-6572.757471952068
10.673024659195772,5.044759477494131,1.0124309632971236,50.51152548754602,-6572.757471952068
10.673024659195772,5.044759477494131,1.0124309632971236,50.51152548754602,-6572.757471952068
10.673024659195772,5.044759477494131,1.0124309632971236,50.51152548754602,-6572.757471952068
11.183210249308598,4.897318680248907,1.0041035907775964,51.03500888984115,-6573.176857679989
11.98699451453376,4.486710815778142,0.9925901736097783,51.36483366704911,-6575.063718646404
11.98699451453376,4.486710815778142,0.9925901736097783,51.36483366704911,-6575.063718646404
11.465279112645867,3.6745559043842477,0.9621885943158975,50.75373375834515,-6574.041967061299
10.269610717563605,4.616421010918616,1.0578825469494135,51.28561520248776,-6576.293369215275
10.192466800897162,5.367981684203765,0.7843232899879664,50.86225197406174,-6576.197043165223
11.66827750676602,8.040044041300384,0.7318696394638577,51.28739119569079,-6574.127635436133
11.66827750676602,8.040044041300384,0.7318696394638577,51.28739119569079,-6574.127635436133
9.915525970878882,7.422358039991921,0.8620953991693959,50.559040619684325,-6570.927273454168
9.915525970878882,7.422358039991921,0.8620953991693959,50.559040619684325,-6570.927273454168
9.915525970878882,7.422358039991921,0.8620953991693959,50.559040619684325,-6570.927273454168
9.915525970878882,7.422358039991921,0.8620953991693959,50.559040619684325,-6570.927273454168
9.915525970878882,7.422358039991921,0.8620953991693959,50.559040619684325,-6570.927273454168
9.915525970878882,7.422358039991921,0.8620953991693959,50.559040619684325,-6570.927273454168
9.915525970878882,7.422358039991921,0.8620953991693959,50.559040619684325,-6570.927273454168
9.915525970878882,7.422358039991921,0.8620953991693959,50.559040619684325,-6570.927273454168
9.915525970878882,7.422358039991921,0.8620953991693959,50.559040619684325,-6570.927273454168
10.431680713709172,7.814642990633334,0.8542961125537436,50.92403425053261,-6570.962994658543
10.431680713709172,7.814642990633334,0.8542961125537436,50.92403425053261,-6570.962994658543
10.431680713709172,7.814642990633334,0.8542961125537436,50.92403425053261,-6570.962994658543
10.431680713709172,7.814642990633334,0.8542961125537436,50.92403425053261,-6570.962994658543
10.431680713709172,7.814642990633334,0.8542961125537436,50.92403425053261,-6570.962994658543
10.028037682233462,6.651739902016955,0.9419177285708527,50.08790888085493,-6571.62256380198
11.17898469899476,6.557601269235701,0.8341181859220904,50.706787212334504,-6571.143943025054
11.17898469899476,6.557601269235701,0.8341181859220904,50.706787212334504,-6571.143943025054
11.17898469899476,6.557601269235701,0.8341181859220904,50.706787212334504,-6571.143943025054
11.17898469899476,6.557601269235701,0.8341181859220904,50.706787212334504,-6571.143943025054
11.17898469899476,6.557601269235701,0.8341181859220904,50.706787212334504,-6571.143943025054
11.17898469899476,6.557601269235701,0.8341181859220904,50.706787212334504,-6571.143943025054
11.17898469899476,6.557601269235701,0.8341181859220904,50.706787212334504,-6571.143943025054
11.17898469899476,6.557601269235701,0.8341181859220904,50.706787212334504,-6571.143943025054
11.17898469899476,6.557601269235701,0.8341181859220904,50.706787212334504,-6571.143943025054
11.17898469899476,6.557601269235701,0.8341181859220904,50.706787212334504,-6571.143943025054
11.17898469899476,6.557601269235701,0.8341181859220904,50.706787212334504,-6571.143943025054
11.17898469899476,6.557601269235701,0.8341181859220904,50.706787212334504,-6571.143943025054
11.17898469899476,6.557601269235701,0.8341181859220904,50.706787212334504,-6571.143943025054
11.015085861920397,6.8980686352416445,0.7375034799736881,50.96849810270363,-6571.095314788041
11.015085861920397,6.8980686352416445,0.7375034799736881,50.96849810270363,-6571.095314788041
11.015085861920397,6.8980686352416445,0.7375034799736881,50.96849810270363,-6571.095314788041
10.189019466169762,10.970067560802143,0.7197770510008088,50.72370146263469,-6572.697958391356
10.189019466169762,10.970067560802143,0.7197770510008088,50.72370146263469,-6572.697958391356
10.189019466169762,10.970067560802143,0.7197770510008088,50.72370146263469,-6572.697958391356
9.941632883302404,9.234532986598477,0.7964142600590339,51.429352476957604,-6572.123132981076
9.941632883302404,9.234532986598477,0.7964142600590339,51.429352476957604,-6572.123132981076
10.269793451728328,10.377681951120419,0.6597432403174427,51.261988947648675,-6572.354759210482
10.269793451728328,10.377681951120419,0.6597432403174427,51.261988947648675,-6572.354759210482
10.269793451728328,10.377681951120419,0.6597432403174427,51.261988947648675,-6572.354759210482
10.269793451728328,10.377681951120419,0.6597432403174427,51.261988947648675,-6572.354759210482
10.269793451728328,10.377681951120419,0.6597432403174427,51.261988947648675,-6572.354759210482
10.2880975404618,12.001388620453959,0.5005920700200599,50.34711826764746,-6573.789644520553
10.2880975404618,12.001388620453959,0.5005920700200599,50.34711826764746,-6573.789644520553
10.2880975404618,12.001388620453959,0.5005920700200599,50.34711826764746,-6573.789644520553
10.2880975404618,12.001388620453959,0.5005920700200599,50.34711826764746,-6573.789644520553
10.2880975404618,12.001388620453959,0.5005920700200599,50.34711826764746,-6573.789644520553
9.743925168858373,11.76120132828515,0.5743035280379929,49.97285051690724,-6572.410305339315
9.743925168858373,11.76120132828515,0.5743035280379929,49.97285051690724,-6572.410305339315
9.743925168858373,11.76120132828515,0.5743035280379929,49.97285051690724,-6572.410305339315
9.743925168858373,11.76120132828515,0.5743035280379929,49.97285051690724,-6572.410305339315
9.743925168858373,11.76120132828515,0.5743035280379929,49.97285051690724,-6572.410305339315
9.743925168858373,11.76120132828515,0.5743035280379929,49.97285051690724,-6572.410305339315
9.743925168858373,11.76120132828515,0.5743035280379929,49.97285051690724,-6572.410305339315
9.743925168858373,11.76120132828515,0.5743035280379929,49.97285051690724,-6572.410305339315
9.743925168858373,11.76120132828515,0.5743035280379929,49.97285051690724,-6572.410305339315
9.743925168858373,11.76120132828515,0.5743035280379929,49.97285051690724,-6572.410305339315
9.743925168858373,11.76120132828515,0.5743035280379929,49.97285051690724,-6572.410305339315
9.800205147735976,11.31624719641763,0.7024511851773179,50.35444033814414,-6571.855328763516
9.800205147735976,11.31624719641763,0.7024511851773179,50.35444033814414,-6571.855328763516
9.800205147735976,11.31624719641763,0.7024511851773179,50.35444033814414,-6571.855328763516
10.314805718827772,7.943149829835022,0.8815991811842843,49.90931174604635,-6570.9391828747675
10.314805718827772,7.943149829835022,0.8815991811842843,49.90931174604635,-6570.9391828747675
10.314805718827772,7.943149829835022,0.8815991811842843,49.90931174604635,-6570.9391828747675
10.311768603590311,6.266420433825419,0.97916306038664,49.63856050508559,-6572.385369940654
10.311768603590311,6.266420433825419,0.97916306038664,49.63856050508559,-6572.385369940654
10.311768603590311,6.266420433825419,0.97916306038664,49.63856050508559,-6572.385369940654
10.311768603590311,6.266420433825419,0.97916306038664,49.63856050508559,-6572.385369940654
11.313191102101456,5.8946639591239816,0.7924948322229693,49.618251319328095,-6572.203754752667
11.313191102101456,5.8946639591239816,0.7924948322229693,49.618251319328095,-6572.203754752667
11.313191102101456,5.8946639591239816,0.7924948322229693,49.618251319328095,-6572.203754752667
11.313191102101456,5.8946639591239816,0.7924948322229693,49.618251319328095,-6572.203754752667
10.63778558897407,7.655168473018915,0.8291896282160913,49.29615380266634,-6572.271442972309
10.63778558897407,7.655168473018915,0.8291896282160913,49.29615380266634,-6572.271442972309
10.276066378965044,10.081862127988462,0.9483319238905475,49.05204884563004,-6577.209716444515
10.276066378965044,10.081862127988462,0.9483319238905475,49.05204884563004,-6577.209716444515
10.276066378965044,10.081862127988462,0.9483319238905475,49.05204884563004,-6577.209716444515
9.583373028927296,9.277530143085645,1.1039682490087301,48.626152958342416,-6578.079442527634
9.583373028927296,9.277530143085645,1.1039682490087301,48.626152958342416,-6578.079442527634
9.583373028927296,9.277530143085645,1.1039682490087301,48.626152958342416,-6578.079442527634
9.583373028927296,9.277530143085645,1.1039682490087301,48.626152958342416,-6578.079442527634
8.427924836996256,8.401771834196653,0.9424587638709871,49.294639789393194,-6577.370471741657
8.427924836996256,8.401771834196653,0.9424587638709871,49.294639789393194,-6577.370471741657
8.427924836996256,8.401771834196653,0.9424587638709871,49.294639789393194,-6577.370471741657
9.446179745038357,9.396748781284357,0.8818719936330375,48.54763764245968,-6575.6478148655515
9.446179745038357,9.396748781284357,0.8818719936330375,48.54763764245968,-6575.6478148655515
9.446179745038357,9.396748781284357,0.8818719936330375,48.54763764245968,-6575.6478148655515
9.446179745038357,9.396748781284357,0.8818719936330375,48.54763764245968,-6575.6478148655515
9.446179745038357,9.396748781284357,0.8818719936330375,48.54763764245968,-6575.6478148655515
9.231972476339358,11.356847569932537,0.7207686960347585,49.706429788812976,-6571.869799454589
9.122432682859232,10.702344822729545,0.7096572845177145,49.443073355327925,-6572.312541574486
8.268898139756462,11.664645700323613,0.7421406819202309,49.92882095917476,-6573.194869791619
8.268898139756462,11.664645700323613,0.7421406819202309,49.92882095917476,-6573.194869791619
8.268898139756462,11.664645700323613,0.7421406819202309,49.92882095917476,-6573.194869791619
8.268898139756462,11.664645700323613,0.7421406819202309,49.92882095917476,-6573.194869791619
8.268898139756462,11.664645700323613,0.7421406819202309,49.92882095917476,-6573.194869791619
8.268898139756462,11.664645700323613,0.7421406819202309,49.92882095917476,-6573.194869791619
8.268898139756462,11.664645700323613,0.7421406819202309,49.92882095917476,-6573.194869791619
8.268898139756462,11.664645700323613,0.7421406819202309,49.92882095917476,-6573.194869791619
8.268898139756462,11.664645700323613,0.7421406819202309,49.92882095917476,-6573.194869791619
9.649715255548065,9.429608818765978,0.7558023758646569,50.57934342529116,-6570.396762623155
9.649715255548065,9.429608818765978,0.7558023758646569,50.57934342529116,-6570.396762623155
9.649715255548065,9.429608818765978,0.7558023758646569,50.57934342529116,-6570.396762623155
10.037107676688832,8.53356003270599,0.8190477698217864,50.59531790317619,-6570.331812212417
10.037107676688832,8.53356003270599,0.8190477698217864,50.59531790317619,-6570.331812212417
10.037107676688832,8.53356003270599,0.8190477698217864,50.59531790317619,-6570.331812212417
10.037107676688832,8.53356003270599,0.8190477698217864,50.59531790317619,-6570.331812212417
10.04855836622966,8.681815926434659,0.907147514186533,49.7335303569887,-6571.606068929179
10.04855836622966,8.681815926434659,0.907147514186533,49.7335303569887,-6571.606068929179
10.04855836622966,8.681815926434659,0.907147514186533,49.7335303569887,-6571.606068929179
10.04855836622966,8.681815926434659,0.907147514186533,49.7335303569887,-6571.606068929179
10.04855836622966,8.681815926434659,0.907147514186533,49.7335303569887,-6571.606068929179
10.04855836622966,8.681815926434659,0.907147514186533,49.7335303569887,-6571.606068929179
10.04855836622966,8.681815926434659,0.907147514186533,49.7335303569887,-6571.606068929179
10.04855836622966,8.681815926434659,0.907147514186533,49.7335303569887,-6571.606068929179
9.115165945129966,7.837924061905439,1.0236659637275434,49.776433753267426,-6573.3518443163575
9.115165945129966,7.837924061905439,1.0236659637275434,49.776433753267426,-6573.3518443163575
8.927340476450022,8.762202360043648,1.1310454512519672,49.48755795780595,-6574.851422632464
9.417708203707592,9.717081303749813,1.0718638143036692,49.247763173597654,-6575.410829615404
9.417708203707592,9.717081303749813,1.0718638143036692,49.247763173597654,-6575.410829615404
9.417708203707592,9.717081303749813,1.0718638143036692,49.247763173597654,-6575.410829615404
9.417708203707592,9.717081303749813,1.0718638143036692,49.247763173597654,-6575.410829615404
9.42915117692358,8.486905672555574,1.1404487627326017,48.595397779552144,-6577.892855542054
9.210606642807491,8.786587912969614,1.1260832910222438,48.70710606261335,-6577.279255355366
9.210606642807491,8.786587912969614,1.1260832910222438,48.70710606261335,-6577.279255355366
9.83823714734851,7.372867516415258,0.9325827613115455,48.68481486493637,-6575.387008442323
9.83823714734851,7.372867516415258,0.9325827613115455,48.68481486493637,-6575.387008442323
9.83823714734851,7.372867516415258,0.9325827613115455,48.68481486493637,-6575.387008442323
11.037349938912925,5.2362424839943404,0.8635054083000651,49.01097310222468,-6574.8762685042775
11.037349938912925,5.2362424839943404,0.8635054083000651,49.01097310222468,-6574.8762685042775
11.037349938912925,5.2362424839943404,0.8635054083000651,49.01097310222468,-6574.8762685042775
11.037349938912925,5.2362424839943404,0.8635054083000651,49.01097310222468,-6574.8762685042775
11.614371978195985,4.617749540264218,0.7776073281525695,49.33927171786943,-6574.746510964702
11.614371978195985,4.617749540264218,0.7776073281525695,49.33927171786943,-6574.746510964702
11.614371978195985,4.617749540264218,0.7776073281525695,49.33927171786943,-6574.746510964702
12.278200382409926,5.577688272813366,0.812165338296992,49.205457061179686,-6575.647492468866
11.908134017026834,6.63811911824107,0.6270008028717251,49.48720785950282,-6574.014921537912
11.908134017026834,6.63811911824107,0.6270008028717251,49.48720785950282,-6574.014921537912
12.026055532838742,7.939744156183307,0.6164076201557062,50.210984215022684,-6573.898697807963
12.026055532838742,7.939744156183307,0.6164076201557062,50.210984215022684,-6573.898697807963
11.406967275858804,10.089827897594988,0.4877101768881963,50.72674347571506,-6574.447823363626
11.406967275858804,10.089827897594988,0.4877101768881963,50.72674347571506,-6574.447823363626
11.406967275858804,10.089827897594988,0.4877101768881963,50.72674347571506,-6574.447823363626
11.406967275858804,10.089827897594988,0.4877101768881963,50.72674347571506,-6574.447823363626
11.406967275858804,10.089827897594988,0.4877101768881963,50.72674347571506,-6574.447823363626
11.406967275858804,10.089827897594988,0.4877101768881963,50.72674347571506,-6574.447823363626
11.342642891545665,10.330535709795667,0.48404785979760356,50.56518077559855,-6574.5686937508535
11.342642891545665,10.330535709795667,0.48404785979760356,50.56518077559855,-6574.5686937508535
11.342642891545665,10.330535709795667,0.48404785979760356,50.56518077559855,-6574.5686937508535
11.342642891545665,10.330535709795667,0.48404785979760356,50.56518077559855,-6574.5686937508535
11.342642891545665,10.330535709795667,0.48404785979760356,50.56518077559855,-6574.5686937508535
11.342642891545665,10.330535709795667,0.48404785979760356,50.56518077559855,-6574.5686937508535
11.342642891545665,10.330535709795667,0.48404785979760356,50.56518077559855,-6574.5686937508535
11.342642891545665,10.330535709795667,0.48404785979760356,50.56518077559855,-6574.5686937508535
11.342642891545665,10.330535709795667,0.48404785979760356,50.56518077559855,-6574.5686937508535
11.643660021857027,8.667645751632058,0.4364459044619395,50.41024561694493,-6575.0082650601835
11.643660021857027,8.667645751632058,0.4364459044619395,50.41024561694493,-6575.0082650601835
11.643660021857027,8.667645751632058,0.4364459044619395,50.41024561694493,-6575.0082650601835
11.753379069232574,9.410057464662005,0.4493180555136931,50.76883048273148,-6575.16282410764
11.753379069232574,9.410057464662005,0.4493180555136931,50.76883048273148,-6575.16282410764
11.063583714851562,7.521274748063739,0.48938946565503183,50.60573694082759,-6574.799639831532
11.038811528872095,8.919840214743342,0.5919606930882495,50.71576866234402,-6571.692245427696
11.038811528872095,8.919840214743342,0.5919606930882495,50.71576866234402,-6571.692245427696
10.173233544021251,9.172656890948696,0.587590069357611,51.194739516275895,-6572.2322590422455
10.173233544021251,9.172656890948696,0.587590069357611,51.194739516275895,-6572.2322590422455
10.173233544021251,9.172656890948696,0.587590069357611,51.194739516275895,-6572.2322590422455
10.173233544021251,9.172656890948696,0.587590069357611,51.194739516275895,-6572.2322590422455
10.173233544021251,9.172656890948696,0.587590069357611,51.194739516275895,-6572.2322590422455
10.95818884067454,8.782660941275834,0.725466552806072,50.807286673477805,-6571.727607084244
10.95818884067454,8.782660941275834,0.725466552806072,50.807286673477805,-6571.727607084244
10.95818884067454,8.782660941275834,0.725466552806072,50.807286673477805,-6571.727607084244
10.545218821943946,8.35960590959826,0.6238405449901577,50.90114603350303,-6571.238940720842
10.545218821943946,8.35960590959826,0.6238405449901577,50.90114603350303,-6571.238940720842
10.545218821943946,8.35960590959826,0.6238405449901577,50.90114603350303,-6571.238940720842
10.545218821943946,8.35960590959826,0.6238405449901577,50.90114603350303,-6571.238940720842
10.545218821943946,8.35960590959826,0.6238405449901577,50.90114603350303,-6571.238940720842
10.545218821943946,8.35960590959826,0.6238405449901577,50.90114603350303,-6571.238940720842
10.545218821943946,8.35960590959826,0.6238405449901577,50.90114603350303,-6571.238940720842
10.050578388099039,8.846513599084297,0.7336343334966671,50.76640089596736,-6570.3921940110195
10.050578388099039,8.846513599084297,0.7336343334966671,50.76640089596736,-6570.3921940110195
9.573460682086447,11.22735688476524,0.70291860945736,50.508566923166335,-6571.342822663136
9.573460682086447,11.22735688476524,0.70291860945736,50.508566923166335,-6571.342822663136
9.573460682086447,11.22735688476524,0.70291860945736,50.508566923166335,-6571.342822663136
9.29688527656081,12.386067323911135,0.6198797790296136,49.71252419579734,-6572.927389273263
9.550278113482467,11.154407680840185,0.7992233019114469,50.18960835131738,-6572.0428692319165
9.479538773935506,11.13139426480281,0.6944110276172386,50.575938203852466,-6571.158384465789
9.479538773935506,11.13139426480281,0.6944110276172386,50.575938203852466,-6571.158384465789
9.479538773935506,11.13139426480281,0.6944110276172386,50.575938203852466,-6571.158384465789
9.479538773935506,11.13139426480281,0.6944110276172386,50.575938203852466,-6571.158384465789
8.966352690848584,10.31930330981608,0.9181811894239967,50.36627013204787,-6571.8725919785575
8.966352690848584,10.31930330981608,0.9181811894239967,50.36627013204787,-6571.8725919785575
8.966352690848584,10.31930330981608,0.9181811894239967,50.36627013204787,-6571.8725919785575
10.685999206633833,6.899211877272517,0.9294644859066287,50.839132618487064,-6571.475599088705
10.685999206633833,6.899211877272517,0.9294644859066287,50.839132618487064,-6571.475599088705
9.750768743382205,7.801013292376956,0.8790879309753984,50.70560379182371,-6571.05852077422
10.720128450110709,7.89916323646653,0.6454229854411537,50.279999921207526,-6570.88549369921
10.720128450110709,7.89916323646653,0.6454229854411537,50.279999921207526,-6570.88549369921
10.720128450110709,7.89916323646653,0.6454229854411537,50.279999921207526,-6570.88549369921
10.450362903205932,9.00606733601404,0.7643339452096911,50.68925189440107,-6570.8548293611275
10.450362903205932,9.00606733601404,0.7643339452096911,50.68925189440107,-6570.8548293611275
10.289043539898415,9.509463905557874,0.7007163191990382,51.38794404861619,-6572.013976455696
10.289043539898415,9.509463905557874,0.7007163191990382,51.38794404861619,-6572.013976455696
10.289043539898415,9.509463905557874,0.7007163191990382,51.38794404861619,-6572.013976455696
10.289043539898415,9.509463905557874,0.7007163191990382,51.38794404861619,-6572.013976455696
10.289043539898415,9.509463905557874,0.7007163191990382,51.38794404861619,-6572.013976455696
10.289043539898415,9.509463905557874,0.7007163191990382,51.38794404861619,-6572.013976455696
10.289043539898415,9.509463905557874,0.7007163191990382,51.38794404861619,-6572.013976455696
10.289043539898415,9.509463905557874,0.7007163191990382,51.38794404861619,-6572.013976455696
10.377509771110295,10.015873165700992,0.6119305482867315,50.63308258396732,-6571.205815210584
10.377509771110295,10.015873165700992,0.6119305482867315,50.63308258396732,-6571.205815210584
10.377509771110295,10.015873165700992,0.6119305482867315,50.63308258396732,-6571.205815210584
10.377509771110295,10.015873165700992,0.6119305482867315,50.63308258396732,-6571.205815210584
10.39007760369429,9.649148771854037,0.6816931643636883,50.454547816348544,-6570.8343973391975
10.258171998494232,9.03161697511729,0.702000127825315,49.99684100165823,-6570.527794119321
10.258171998494232,9.03161697511729,0.702000127825315,49.99684100165823,-6570.527794119321
10.684097481468491,8.305484138630232,0.7856658456863165,49.99288233885572,-6570.962692284367
10.684097481468491,8.305484138630232,0.7856658456863165,49.99288233885572,-6570.962692284367
10.684097481468491,8.305484138630232,0.7856658456863165,49.99288233885572,-6570.962692284367
10.684097481468491,8.305484138630232,0.7856658456863165,49.99288233885572,-6570.962692284367
10.684097481468491,8.305484138630232,0.7856658456863165,49.99288233885572,-6570.962692284367
10.684097481468491,8.305484138630232,0.7856658456863165,49.99288233885572,-6570.962692284367
10.684097481468491,8.305484138630232,0.7856658456863165,49.99288233885572,-6570.962692284367
10.590864922504531,8.526583621698776,0.7385608721682467,50.03156168279201,-6570.662621187072
10.590864922504531,8.526583621698776,0.7385608721682467,50.03156168279201,-6570.662621187072
11.13329149695222,7.958450166076292,0.6678353156022694,49.98364614627389,-6571.375361752429
11.13329149695222,7.958450166076292,0.6678353156022694,49.98364614627389,-6571.375361752429
11.13329149695222,7.958450166076292,0.6678353156022694,49.98364614627389,-6571.375361752429
11.13329149695222,7.958450166076292,0.6678353156022694,49.98364614627389,-6571.375361752429
11.13329149695222,7.958450166076292,0.6678353156022694,49.98364614627389,-6571.375361752429
11.13329149695222,7.958450166076292,0.6678353156022694,49.98364614627389,-6571.375361752429
11.13329149695222,7.958450166076292,0.6678353156022694,49.98364614627389,-6571.375361752429
11.13329149695222,7.958450166076292,0.6678353156022694,49.98364614627389,-6571.375361752429
11.13329149695222,7.958450166076292,0.6678353156022694,49.98364614627389,-6571.375361752429
11.206844332246954,7.595326911131759,0.7018068429837985,50.437577312410795,-6570.984135582692
9.268641566779475,10.296814682197132,0.6725578168144426,50.47903141117894,-6571.127286446206
9.268641566779475,10.296814682197132,0.6725578168144426,50.47903141117894,-6571.127286446206
9.268641566779475,10.296814682197132,0.6725578168144426,50.47903141117894,-6571.127286446206
9.268641566779475,10.296814682197132,0.6725578168144426,50.47903141117894,-6571.127286446206
9.268641566779475,10.296814682197132,0.6725578168144426,50.47903141117894,-6571.127286446206
9.268641566779475,10.296814682197132,0.6725578168144426,50.47903141117894,-6571.127286446206
9.268641566779475,10.296814682197132,0.6725578168144426,50.47903141117894,-6571.127286446206
9.268641566779475,10.296814682197132,0.6725578168144426,50.47903141117894,-6571.127286446206
9.268641566779475,10.296814682197132,0.6725578168144426,50.47903141117894,-6571.127286446206
9.268641566779475,10.296814682197132,0.6725578168144426,50.47903141117894,-6571.127286446206
9.268641566779475,10.296814682197132,0.6725578168144426,50.47903141117894,-6571.127286446206
9.268641566779475,10.296814682197132,0.6725578168144426,50.47903141117894,-6571.127286446206
9.268641566779475,10.296814682197132,0.6725578168144426,50.47903141117894,-6571.127286446206
10.260647878209634,7.5637717994684595,0.7642937400142765,50.0974774847516,-6570.581022167998
10.260647878209634,7.5637717994684595,0.7642937400142765,50.0974774847516,-6570.581022167998
10.260647878209634,7.5637717994684595,0.7642937400142765,50.0974774847516,-6570.581022167998
10.260647878209634,7.5637717994684595,0.7642937400142765,50.0974774847516,-6570.581022167998
10.144187384776247,9.903317481893561,0.6645171015629863,49.769601277471956,-6571.287027145815
10.144187384776247,9.903317481893561,0.6645171015629863,49.769601277471956,-6571.287027145815
10.144187384776247,9.903317481893561,0.6645171015629863,49.769601277471956,-6571.287027145815
9.218645705893845,9.725610214121486,0.9204553313281157,49.654624087970575,-6572.0516387292355
9.41866956412102,9.107303606322112,0.8759330207706055,49.10515268038259,-6573.06100798465
9.41866956412102,9.107303606322112,0.8759330207706055,49.10515268038259,-6573.06100798465
9.41866956412102,9.107303606322112,0.8759330207706055,49.10515268038259,-6573.06100798465
9.878173126072644,7.955275865624665,0.735568271985518,49.97450797875917,-6571.310962210658
9.878173126072644,7.955275865624665,0.735568271985518,49.97450797875917,-6571.310962210658
9.878173126072644,7.955275865624665,0.735568271985518,49.97450797875917,-6571.310962210658
9.878173126072644,7.955275865624665,0.735568271985518,49.97450797875917,-6571.310962210658
9.878173126072644,7.955275865624665,0.735568271985518,49.97450797875917,-6571.310962210658
9.955437104739204,8.474392261629724,0.8412311245945902,49.69155166352622,-6570.973210382892
9.955437104739204,8.474392261629724,0.8412311245945902,49.69155166352622,-6570.973210382892
10.27617322028524,9.393967307571131,0.9165161998928142,49.6835203817477,-6573.4327230748995
10.6362788448578,7.751189969019566,0.8635495559685232,49.54491663820225,-6571.860168407502
10.618922951971092,9.276286541506655,0.7019361642126989,49.925953612737146,-6571.389544864111
10.618922951971092,9.276286541506655,0.7019361642126989,49.925953612737146,-6571.389544864111
10.618922951971092,9.276286541506655,0.7019361642126989,49.925953612737146,-6571.389544864111
8.982794377529748,12.246151137729854,0.7855693603586357,50.013529218352936,-6572.7452994464375
8.982794377529748,12.246151137729854,0.7855693603586357,50.013529218352936,-6572.7452994464375
8.982794377529748,12.246151137729854,0.7855693603586357,50.013529218352936,-6572.7452994464375
8.982794377529748,12.246151137729854,0.7855693603586357,50.013529218352936,-6572.7452994464375
8.982794377529748,12.246151137729854,0.7855693603586357,50.013529218352936,-6572.7452994464375
8.982794377529748,12.246151137729854,0.7855693603586357,50.013529218352936,-6572.7452994464375
8.90483170641992,11.77639226506588,0.6971148873105033,50.40557879025716,-6571.6448753411305
9.139798900425403,11.814696965752045,0.828673497084446,50.95759434262622,-6573.303662912035
9.139798900425403,11.814696965752045,0.828673497084446,50.95759434262622,-6573.303662912035
9.139798900425403,11.814696965752045,0.828673497084446,50.95759434262622,-6573.303662912035
9.12830159405771,11.991726872805636,0.7237282261946282,50.421485183505446,-6571.899388563756
9.12830159405771,11.991726872805636,0.7237282261946282,50.421485183505446,-6571.899388563756
9.12830159405771,11.991726872805636,0.7237282261946282,50.421485183505446,-6571.899388563756
9.12830159405771,11.991726872805636,0.7237282261946282,50.421485183505446,-6571.899388563756
9.12830159405771,11.991726872805636,0.7237282261946282,50.421485183505446,-6571.899388563756
9.83539903685234,11.177762062008354,0.5955737272289526,50.12830384341428,-6571.660719111151
9.462667681751919,11.294647490327318,0.6425751472158214,50.1710564509288,-6571.306559407871
9.462667681751919,11.294647490327318,0.6425751472158214,50.1710564509288,-6571.306559407871
9.462667681751919,11.294647490327318,0.6425751472158214,50.1710564509288,-6571.306559407871
9.462667681751919,11.294647490327318,0.6425751472158214,50.1710564509288,-6571.306559407871
9.462667681751919,11.294647490327318,0.6425751472158214,50.1710564509288,-6571.306559407871
9.85481216466199,10.979988872815174,0.6776952163971396,49.82806875822578,-6571.809918075948
9.85481216466199,10.979988872815174,0.6776952163971396,49.82806875822578,-6571.809918075948
9.886816168876031,9.962362984822208,0.6480472289642883,50.12259649680338,-6570.743918099677
9.46812718796012,9.967663419721267,0.737297010288746,50.60704571913661,-6570.611900265816
9.46812718796012,9.967663419721267,0.737297010288746,50.60704571913661,-6570.611900265816
9.46812718796012,9.967663419721267,0.737297010288746,50.60704571913661,-6570.611900265816
9.46812718796012,9.967663419721267,0.737297010288746,50.60704571913661,-6570.611900265816
9.386300018403471,8.90240626183812,0.7286068795900407,50.12772891890132,-6571.475418910961
9.386300018403471,8.90240626183812,0.7286068795900407,50.12772891890132,-6571.475418910961
9.386300018403471,8.90240626183812,0.7286068795900407,50.12772891890132,-6571.475418910961
9.386300018403471,8.90240626183812,0.7286068795900407,50.12772891890132,-6571.475418910961
9.386300018403471,8.90240626183812,0.7286068795900407,50.12772891890132,-6571.475418910961
9.285322699579595,9.642813485771645,0.822769917447991,51.776995282966254,-6574.138175421287
9.842307936070378,9.126750668101812,0.7650684806878623,51.93373323729602,-6574.062627544976
9.842307936070378,9.126750668101812,0.7650684806878623,51.93373323729602,-6574.062627544976
9.842307936070378,9.126750668101812,0.7650684806878623,51.93373323729602,-6574.062627544976
10.547672008921602,6.13370161210327,0.8119098346000161,51.53554364169281,-6573.568941477532
10.79893367643242,7.210398234327975,0.7325545186788224,51.837053903567195,-6573.557932333397
10.79893367643242,7.210398234327975,0.7325545186788224,51.837053903567195,-6573.557932333397
10.79893367643242,7.210398234327975,0.7325545186788224,51.837053903567195,-6573.557932333397
10.79893367643242,7.210398234327975,0.7325545186788224,51.837053903567195,-6573.557932333397
10.45252560835767,8.633754584292115,0.8105242924266098,51.987380178138196,-6574.519077841446
10.45252560835767,8.633754584292115,0.8105242924266098,51.987380178138196,-6574.519077841446
10.45252560835767,8.633754584292115,0.8105242924266098,51.987380178138196,-6574.519077841446
10.43462903761583,9.742740041665922,0.7874425327240092,50.352661310969495,-6571.967644219739
10.43462903761583,9.742740041665922,0.7874425327240092,50.352661310969495,-6571.967644219739
10.43462903761583,9.742740041665922,0.7874425327240092,50.352661310969495,-6571.967644219739
10.43462903761583,9.742740041665922,0.7874425327240092,50.352661310969495,-6571.967644219739
10.43462903761583,9.742740041665922,0.7874425327240092,50.352661310969495,-6571.967644219739
9.67687389507262,7.931059096358169,0.8464245915963047,50.69665861741432,-6571.100231318294
9.207190019207237,10.363592606540077,0.7933800012835401,50.62918595102388,-6571.017063856546
9.207190019207237,10.363592606540077,0.7933800012835401,50.62918595102388,-6571.017063856546
9.207190019207237,10.363592606540077,0.7933800012835401,50.62918595102388,-6571.017063856546
9.207190019207237,10.363592606540077,0.7933800012835401,50.62918595102388,-6571.017063856546
9.534346085441447,7.859312368054059,0.9604262117111717,51.20661483155425,-6572.767653258538
9.534346085441447,7.859312368054059,0.9604262117111717,51.20661483155425,-6572.767653258538
9.534346085441447,7.859312368054059,0.9604262117111717,51.20661483155425,-6572.767653258538
9.781854346445398,8.359747040168719,1.049388927904759,50.72925744356255,-6572.759413668154
9.781854346445398,8.359747040168719,1.049388927904759,50.72925744356255,-6572.759413668154
9.781854346445398,8.359747040168719,1.049388927904759,50.72925744356255,-6572.759413668154
8.533866184700955,9.05336660873364,0.8979949518243272,50.63921009922423,-6573.997871902606
8.533866184700955,9.05336660873364,0.8979949518243272,50.63921009922423,-6573.997871902606
9.187131098523665,9.023654074565988,0.7597388059613216,50.775601988287285,-6571.978077209888
9.187131098523665,9.023654074565988,0.7597388059613216,50.775601988287285,-6571.978077209888
9.187131098523665,9.023654074565988,0.7597388059613216,50.775601988287285,-6571.978077209888
9.982507842760468,8.00718868210865,0.865271038310713,50.23008096833627,-6570.449132217924
9.982507842760468,8.00718868210865,0.865271038310713,50.23008096833627,-6570.449132217924
9.982507842760468,8.00718868210865,0.865271038310713,50.23008096833627,-6570.449132217924
9.982507842760468,8.00718868210865,0.865271038310713,50.23008096833627,-6570.449132217924
9.982507842760468,8.00718868210865,0.865271038310713,50.23008096833627,-6570.449132217924
9.982507842760468,8.00718868210865,0.865271038310713,50.23008096833627,-6570.449132217924
9.982507842760468,8.00718868210865,0.865271038310713,50.23008096833627,-6570.449132217924
9.982507842760468,8.00718868210865,0.865271038310713,50.23008096833627,-6570.449132217924
11.066005486948697,7.028919736864628,0.8626777319727679,50.42358782637152,-6571.254382254545
11.066005486948697,7.028919736864628,0.8626777319727679,50.42358782637152,-6571.254382254545
11.066005486948697,7.028919736864628,0.8626777319727679,50.42358782637152,-6571.254382254545
11.066005486948697,7.028919736864628,0.8626777319727679,50.42358782637152,-6571.254382254545
11.066005486948697,7.028919736864628,0.8626777319727679,50.42358782637152,-6571.254382254545
11.066005486948697,7.028919736864628,0.8626777319727679,50.42358782637152,-6571.254382254545
11.066005486948697,7.028919736864628,0.8626777319727679,50.42358782637152,-6571.254382254545
11.066005486948697,7.028919736864628,0.8626777319727679,50.42358782637152,-6571.254382254545
11.066005486948697,7.028919736864628,0.8626777319727679,50.42358782637152,-6571.254382254545
11.066005486948697,7.028919736864628,0.8626777319727679,50.42358782637152,-6571.254382254545
11.066005486948697,7.028919736864628,0.8626777319727679,50.42358782637152,-6571.254382254545
11.066005486948697,7.028919736864628,0.8626777319727679,50.42358782637152,-6571.254382254545
11.066005486948697,7.028919736864628,0.8626777319727679,50.42358782637152,-6571.254382254545
11.066005486948697,7.028919736864628,0.8626777319727679,50.42358782637152,-6571.254382254545
9.859527805442605,8.318334789272074,0.7067403665008576,50.7189262089684,-6571.152320862735
9.332191578404244,9.149919881767223,0.752726074781413,50.70549839734256,-6571.272977703024
9.332191578404244,9.149919881767223,0.752726074781413,50.70549839734256,-6571.272977703024
9.332191578404244,9.149919881767223,0.752726074781413,50.70549839734256,-6571.272977703024
9.332191578404244,9.149919881767223,0.752726074781413,50.70549839734256,-6571.272977703024
9.332191578404244,9.149919881767223,0.752726074781413,50.70549839734256,-6571.272977703024
9.7820247013328,9.204929301454005,0.7989296872136982,50.60162663649162,-6570.402692253121
9.7820247013328,9.204929301454005,0.7989296872136982,50.60162663649162,-6570.402692253121
9.7820247013328,9.204929301454005,0.7989296872136982,50.60162663649162,-6570.402692253121
9.7820247013328,9.204929301454005,0.7989296872136982,50.60162663649162,-6570.402692253121
9.7820247013328,9.204929301454005,0.7989296872136982,50.60162663649162,-6570.402692253121
9.7820247013328,9.204929301454005,0.7989296872136982,50.60162663649162,-6570.402692253121
9.7820247013328,9.204929301454005,0.7989296872136982,50.60162663649162,-6570.402692253121
9.7820247013328,9.204929301454005,0.7989296872136982,50.60162663649162,-6570.402692253121
9.7820247013328,9.204929301454005,0.7989296872136982,50.60162663649162,-6570.402692253121
9.7820247013328,9.204929301454005,0.7989296872136982,50.60162663649162,-6570.402692253121
9.7820247013328,9.204929301454005,0.7989296872136982,50.60162663649162,-6570.402692253121
9.7820247013328,9.204929301454005,0.7989296872136982,50.60162663649162,-6570.402692253121
9.7820247013328,9.204929301454005,0.7989296872136982,50.60162663649162,-6570.402692253121
9.7820247013328,9.204929301454005,0.7989296872136982,50.60162663649162,-6570.402692253121
10.609610099672645,7.162242205626529,0.7549709407948738,50.10182438800685,-6570.627704322781
10.609610099672645,7.162242205626529,0.7549709407948738,50.10182438800685,-6570.627704322781
11.028439697547407,6.286958852363948,0.7168701285872366,50.72723545519846,-6571.4688453596655
11.028439697547407,6.286958852363948,0.7168701285872366,50.72723545519846,-6571.4688453596655
11.028439697547407,6.286958852363948,0.7168701285872366,50.72723545519846,-6571.4688453596655
10.57391591842993,8.32521120224167,0.7372005000587898,50.932649014559644,-6570.7287118819595
10.57391591842993,8.32521120224167,0.7372005000587898,50.932649014559644,-6570.7287118819595
10.871697235998699,6.935626372812274,0.712309939344787,50.51040238382563,-6570.8074577265925
10.871697235998699,6.935626372812274,0.712309939344787,50.51040238382563,-6570.8074577265925
10.871697235998699,6.935626372812274,0.712309939344787,50.51040238382563,-6570.8074577265925
10.217488814411434,9.446837996093535,0.7377475098062829,50.42274227869463,-6570.551068006782
10.217488814411434,9.446837996093535,0.7377475098062829,50.42274227869463,-6570.551068006782
10.217488814411434,9.446837996093535,0.7377475098062829,50.42274227869463,-6570.551068006782
10.217488814411434,9.446837996093535,0.7377475098062829,50.42274227869463,-6570.551068006782
10.217488814411434,9.446837996093535,0.7377475098062829,50.42274227869463,-6570.551068006782
10.217488814411434,9.446837996093535,0.7377475098062829,50.42274227869463,-6570.551068006782
10.217488814411434,9.446837996093535,0.7377475098062829,50.42274227869463,-6570.551068006782
10.217488814411434,9.446837996093535,0.7377475098062829,50.42274227869463,-6570.551068006782
10.217488814411434,9.446837996093535,0.7377475098062829,50.42274227869463,-6570.551068006782
10.217488814411434,9.446837996093535,0.7377475098062829,50.42274227869463,-6570.551068006782
10.217488814411434,9.446837996093535,0.7377475098062829,50.42274227869463,-6570.551068006782
10.217488814411434,9.446837996093535,0.7377475098062829,50.42274227869463,-6570.551068006782
10.217488814411434,9.446837996093535,0.7377475098062829,50.42274227869463,-6570.551068006782
10.217488814411434,9.446837996093535,0.7377475098062829,50.42274227869463,-6570.551068006782
10.217488814411434,9.446837996093535,0.7377475098062829,50.42274227869463,-6570.551068006782
10.217488814411434,9.446837996093535,0.7377475098062829,50.42274227869463,-6570.551068006782
10.217488814411434,9.446837996093535,0.7377475098062829,50.42274227869463,-6570.551068006782
10.217488814411434,9.446837996093535,0.7377475098062829,50.42274227869463,-6570.551068006782
9.476660278867254,11.529099897934932,0.7500057206242191,50.6329970436438,-6572.039330701226
9.476660278867254,11.529099897934932,0.7500057206242191,50.6329970436438,-6572.039330701226
9.476660278867254,11.529099897934932,0.7500057206242191,50.6329970436438,-6572.039330701226
9.537900019619508,12.603283843123648,0.5519309162774744,50.87825502547515,-6573.1899786409285
9.537427347530597,11.654152032382166,0.6609813514588394,50.9474664252722,-6572.108354235138
9.537427347530597,11.654152032382166,0.6609813514588394,50.9474664252722,-6572.108354235138
10.586191121183177,9.012659902762637,0.8227799995944003,50.42630851610475,-6571.733922648648
10.542287633988982,8.581963287190758,0.6105225558911676,50.03240487783547,-6571.271963806954
10.542287633988982,8.581963287190758,0.6105225558911676,50.03240487783547,-6571.271963806954
9.372098466353929,11.890049451924007,0.6130342867780263,50.48106789287156,-6571.787774954356
9.372098466353929,11.890049451924007,0.6130342867780263,50.48106789287156,-6571.787774954356
9.372098466353929,11.890049451924007,0.6130342867780263,50.48106789287156,-6571.787774954356
9.372098466353929,11.890049451924007,0.6130342867780263,50.48106789287156,-6571.787774954356
9.372098466353929,11.890049451924007,0.6130342867780263,50.48106789287156,-6571.787774954356
9.435350876866062,8.21231360117066,0.918137160914587,50.20315930782841,-6571.265783063141
9.435350876866062,8.21231360117066,0.918137160914587,50.20315930782841,-6571.265783063141
9.435350876866062,8.21231360117066,0.918137160914587,50.20315930782841,-6571.265783063141
9.435350876866062,8.21231360117066,0.918137160914587,50.20315930782841,-6571.265783063141
9.435350876866062,8.21231360117066,0.918137160914587,50.20315930782841,-6571.265783063141
9.435350876866062,8.21231360117066,0.918137160914587,50.20315930782841,-6571.265783063141
9.435350876866062,8.21231360117066,0.918137160914587,50.20315930782841,-6571.265783063141
9.435350876866062,8.21231360117066,0.918137160914587,50.20315930782841,-6571.265783063141
9.310727049631847,8.606877811150023,0.7667141747515324,50.22023991655876,-6571.711667314454
9.310727049631847,8.606877811150023,0.7667141747515324,50.22023991655876,-6571.711667314454
9.310727049631847,8.606877811150023,0.7667141747515324,50.22023991655876,-6571.711667314454
9.310727049631847,8.606877811150023,0.7667141747515324,50.22023991655876,-6571.711667314454
9.310727049631847,8.606877811150023,0.7667141747515324,50.22023991655876,-6571.711667314454
9.310727049631847,8.606877811150023,0.7667141747515324,50.22023991655876,-6571.711667314454
9.310727049631847,8.606877811150023,0.7667141747515324,50.22023991655876,-6571.711667314454
9.310727049631847,8.606877811150023,0.7667141747515324,50.22023991655876,-6571.711667314454
9.310727049631847,8.606877811150023,0.7667141747515324,50.22023991655876,-6571.711667314454
9.310727049631847,8.606877811150023,0.7667141747515324,50.22023991655876,-6571.711667314454
9.368988192378186,7.891525376961064,0.7357646309000331,50.24051988150725,-6573.467916441967
9.368988192378186,7.891525376961064,0.7357646309000331,50.24051988150725,-6573.467916441967
9.368988192378186,7.891525376961064,0.7357646309000331,50.24051988150725,-6573.467916441967
9.368988192378186,7.891525376961064,0.7357646309000331,50.24051988150725,-6573.467916441967
9.368988192378186,7.891525376961064,0.7357646309000331,50.24051988150725,-6573.467916441967
9.609275805520904,8.101415073584102,0.8213540062166473,49.44803364682556,-6572.23298222962
9.53950802205741,8.07357787441905,1.0310683322247964,50.427768870039515,-6572.041109729631
9.130673958217507,7.480382900826855,1.0864137119733475,50.48122731072951,-6573.762612858248
9.203085436072373,8.654589507349629,1.1203986689340395,50.532098066272574,-6573.651661912338
9.203085436072373,8.654589507349629,1.1203986689340395,50.532098066272574,-6573.651661912338
9.132248784216063,9.849012818744214,0.962850078292103,50.41357365632653,-6572.040254053196
9.132248784216063,9.849012818744214,0.962850078292103,50.41357365632653,-6572.040254053196
8.451187808352518,10.742515512031309,0.93163477557867,50.48118614309986,-6572.92130607939
8.451187808352518,10.742515512031309,0.93163477557867,50.48118614309986,-6572.92130607939
8.451187808352518,10.742515512031309,0.93163477557867,50.48118614309986,-6572.92130607939
8.451187808352518,10.742515512031309,0.93163477557867,50.48118614309986,-6572.92130607939
8.451187808352518,10.742515512031309,0.93163477557867,50.48118614309986,-6572.92130607939
8.451187808352518,10.742515512031309,0.93163477557867,50.48118614309986,-6572.92130607939
8.451187808352518,10.742515512031309,0.93163477557867,50.48118614309986,-6572.92130607939
8.451187808352518,10.742515512031309,0.93163477557867,50.48118614309986,-6572.92130607939
9.213500987448771,9.131701548281697,0.925546576273238,49.79357029849736,-6571.726135065297
9.213500987448771,9.131701548281697,0.925546576273238,49.79357029849736,-6571.726135065297
9.213500987448771,9.131701548281697,0.925546576273238,49.79357029849736,-6571.726135065297
9.213500987448771,9.131701548281697,0.925546576273238,49.79357029849736,-6571.726135065297
9.213500987448771,9.131701548281697,0.925546576273238,49.79357029849736,-6571.726135065297
9.213500987448771,9.131701548281697,0.925546576273238,49.79357029849736,-6571.726135065297
9.213500987448771,9.131701548281697,0.925546576273238,49.79357029849736,-6571.726135065297
9.213500987448771,9.131701548281697,0.925546576273238,49.79357029849736,-6571.726135065297
9.213500987448771,9.131701548281697,0.925546576273238,49.79357029849736,-6571.726135065297
9.213500987448771,9.131701548281697,0.925546576273238,49.79357029849736,-6571.726135065297
9.213500987448771,9.131701548281697,0.925546576273238,49.79357029849736,-6571.726135065297
9.795711119362263,8.995304105218494,0.7975340880115692,49.52933351718151,-6571.2821609246075
9.795711119362263,8.995304105218494,0.7975340880115692,49.52933351718151,-6571.2821609246075
9.795711119362263,8.995304105218494,0.7975340880115692,49.52933351718151,-6571.2821609246075
9.547949852033225,8.482411108612771,0.7809533481171237,49.74176409235843,-6571.496921327157
9.547949852033225,8.482411108612771,0.7809533481171237,49.74176409235843,-6571.496921327157
9.547949852033225,8.482411108612771,0.7809533481171237,49.74176409235843,-6571.496921327157
9.547949852033225,8.482411108612771,0.7809533481171237,49.74176409235843,-6571.496921327157
9.547949852033225,8.482411108612771,0.7809533481171237,49.74176409235843,-6571.496921327157
9.547949852033225,8.482411108612771,0.7809533481171237,49.74176409235843,-6571.496921327157
9.547949852033225,8.482411108612771,0.7809533481171237,49.74176409235843,-6571.496921327157
9.800213341061118,8.875377378434994,0.8168366096074762,49.32448510850266,-6571.8895402879
9.800213341061118,8.875377378434994,0.8168366096074762,49.32448510850266,-6571.8895402879
10.163624033762773,9.243475522377313,0.7162533581851647,49.64638762644149,-6571.134720430315
10.163624033762773,9.243475522377313,0.7162533581851647,49.64638762644149,-6571.134720430315
10.163624033762773,9.243475522377313,0.7162533581851647,49.64638762644149,-6571.134720430315
10.163624033762773,9.243475522377313,0.7162533581851647,49.64638762644149,-6571.134720430315
10.163624033762773,9.243475522377313,0.7162533581851647,49.64638762644149,-6571.134720430315
10.163624033762773,9.243475522377313,0.7162533581851647,49.64638762644149,-6571.134720430315
10.163624033762773,9.243475522377313,0.7162533581851647,49.64638762644149,-6571.134720430315
10.33061333159937,8.193988411614585,0.7740008851054112,49.94719318201109,-6570.441641839725
10.33061333159937,8.193988411614585,0.7740008851054112,49.94719318201109,-6570.441641839725
10.33061333159937,8.193988411614585,0.7740008851054112,49.94719318201109,-6570.441641839725
10.33061333159937,8.193988411614585,0.7740008851054112,49.94719318201109,-6570.441641839725
10.33061333159937,8.193988411614585,0.7740008851054112,49.94719318201109,-6570.441641839725
10.33061333159937,8.193988411614585,0.7740008851054112,49.94719318201109,-6570.441641839725
10.33061333159937,8.193988411614585,0.7740008851054112,49.94719318201109,-6570.441641839725
10.33061333159937,8.193988411614585,0.7740008851054112,49.94719318201109,-6570.441641839725
10.33061333159937,8.193988411614585,0.7740008851054112,49.94719318201109,-6570.441641839725
9.601104763783917,8.191742915180571,0.7048717642989756,49.55471180222493,-6573.232010101754
8.537392449197117,11.648773775562962,0.7494105284790193,49.634967842566304,-6572.8293356024715
8.537392449197117,11.648773775562962,0.7494105284790193,49.634967842566304,-6572.8293356024715
8.537392449197117,11.648773775562962,0.7494105284790193,49.634967842566304,-6572.8293356024715
8.537392449197117,11.648773775562962,0.7494105284790193,49.634967842566304,-6572.8293356024715
9.050368984392971,10.89899136092013,0.6339138345080485,49.723284989598994,-6572.468412710151
10.122552427337705,10.209090138995322,0.7404522082449028,49.66237411466982,-6572.027745638123
9.320148782919794,8.546232434797993,0.8604209637368967,49.80072169359355,-6571.618479531285
9.320148782919794,8.546232434797993,0.8604209637368967,49.80072169359355,-6571.618479531285
9.320148782919794,8.546232434797993,0.8604209637368967,49.80072169359355,-6571.618479531285
9.487258843907611,8.686020777606226,0.7397251741298029,49.50638130440211,-6572.383852455087
9.487258843907611,8.686020777606226,0.7397251741298029,49.50638130440211,-6572.383852455087
9.487258843907611,8.686020777606226,0.7397251741298029,49.50638130440211,-6572.383852455087
9.487258843907611,8.686020777606226,0.7397251741298029,49.50638130440211,-6572.383852455087
9.487258843907611,8.686020777606226,0.7397251741298029,49.50638130440211,-6572.383852455087
9.487258843907611,8.686020777606226,0.7397251741298029,49.50638130440211,-6572.383852455087
9.823479597273362,7.281734902245789,0.7295016431283924,50.259284151233494,-6572.748686538396
9.823479597273362,7.281734902245789,0.7295016431283924,50.259284151233494,-6572.748686538396
9.823479597273362,7.281734902245789,0.7295016431283924,50.259284151233494,-6572.748686538396
9.823479597273362,7.281734902245789,0.7295016431283924,50.259284151233494,-6572.748686538396
10.146317181644127,8.443986097201485,1.0024494380282762,50.0703146368195,-6572.5274188107305
10.146317181644127,8.443986097201485,1.0024494380282762,50.0703146368195,-6572.5274188107305
10.063261585769732,6.526983607505733,1.098718680089742,50.34822194765943,-6572.747821138426
10.063261585769732,6.526983607505733,1.098718680089742,50.34822194765943,-6572.747821138426
10.063261585769732,6.526983607505733,1.098718680089742,50.34822194765943,-6572.747821138426
10.063261585769732,6.526983607505733,1.098718680089742,50.34822194765943,-6572.747821138426
10.063261585769732,6.526983607505733,1.098718680089742,50.34822194765943,-6572.747821138426
10.063261585769732,6.526983607505733,1.098718680089742,50.34822194765943,-6572.747821138426
10.063261585769732,6.526983607505733,1.098718680089742,50.34822194765943,-6572.747821138426
10.063261585769732,6.526983607505733,1.098718680089742,50.34822194765943,-6572.747821138426
10.063261585769732,6.526983607505733,1.098718680089742,50.34822194765943,-6572.747821138426
10.063261585769732,6.526983607505733,1.098718680089742,50.34822194765943,-6572.747821138426
10.077292745807732,7.433834234502821,1.0011243353694852,50.49266976229439,-6571.576473033177
9.457639433284914,8.836888372185525,0.9601538152720226,50.11383491750572,-6571.450367152223
9.457639433284914,8.836888372185525,0.9601538152720226,50.11383491750572,-6571.450367152223
9.457639433284914,8.836888372185525,0.9601538152720226,50.11383491750572,-6571.450367152223
9.457639433284914,8.836888372185525,0.9601538152720226,50.11383491750572,-6571.450367152223
9.457639433284914,8.836888372185525,0.9601538152720226,50.11383491750572,-6571.450367152223
9.568692175708424,10.505348312408776,0.8221216587552166,50.22289675024828,-6571.375772132973
9.566434870430138,11.774914670485597,0.7298387896692826,50.39444529099628,-6572.323650082301
10.600708408846762,7.809343458923468,1.0080520938365938,50.09013481620156,-6573.046743151639
10.600708408846762,7.809343458923468,1.0080520938365938,50.09013481620156,-6573.046743151639
10.140820122985817,8.260892995118411,0.8747368866656946,50.14439631863251,-6570.625287484837
8.851142106142383,10.169921060381775,0.7360871732216466,50.02051789560487,-6571.96961246514
8.851142106142383,10.169921060381775,0.7360871732216466,50.02051789560487,-6571.96961246514
8.851142106142383,10.169921060381775,0.7360871732216466,50.02051789560487,-6571.96961246514
8.851142106142383,10.169921060381775,0.7360871732216466,50.02051789560487,-6571.96961246514
8.851142106142383,10.169921060381775,0.7360871732216466,50.02051789560487,-6571.96961246514
8.851142106142383,10.169921060381775,0.7360871732216466,50.02051789560487,-6571.96961246514
8.851142106142383,10.169921060381775,0.7360871732216466,50.02051789560487,-6571.96961246514
8.851142106142383,10.169921060381775,0.7360871732216466,50.02051789560487,-6571.96961246514
8.851142106142383,10.169921060381775,0.7360871732216466,50.02051789560487,-6571.96961246514
8.851142106142383,10.169921060381775,0.7360871732216466,50.02051789560487,-6571.96961246514
8.851142106142383,10.169921060381775,0.7360871732216466,50.02051789560487,-6571.96961246514
8.851142106142383,10.169921060381775,0.7360871732216466,50.02051789560487,-6571.96961246514
8.851142106142383,10.169921060381775,0.7360871732216466,50.02051789560487,-6571.96961246514
8.851142106142383,10.169921060381775,0.7360871732216466,50.02051789560487,-6571.96961246514
8.851142106142383,10.169921060381775,0.7360871732216466,50.02051789560487,-6571.96961246514
8.851142106142383,10.169921060381775,0.7360871732216466,50.02051789560487,-6571.96961246514
8.851142106142383,10.169921060381775,0.7360871732216466,50.02051789560487,-6571.96961246514
8.851142106142383,10.169921060381775,0.7360871732216466,50.02051789560487,-6571.96961246514
8.851142106142383,10.169921060381775,0.7360871732216466,50.02051789560487,-6571.96961246514
8.851142106142383,10.169921060381775,0.7360871732216466,50.02051789560487,-6571.96961246514
8.851142106142383,10.169921060381775,0.7360871732216466,50.02051789560487,-6571.96961246514
8.851142106142383,10.169921060381775,0.7360871732216466,50.02051789560487,-6571.96961246514
8.851142106142383,10.169921060381775,0.7360871732216466,50.02051789560487,-6571.96961246514
8.851142106142383,10.169921060381775,0.7360871732216466,50.02051789560487,-6571.96961246514
8.851142106142383,10.169921060381775,0.7360871732216466,50.02051789560487,-6571.96961246514
8.851142106142383,10.169921060381775,0.7360871732216466,50.02051789560487,-6571.96961246514
8.851142106142383,10.169921060381775,0.7360871732216466,50.02051789560487,-6571.96961246514
8.851142106142383,10.169921060381775,0.7360871732216466,50.02051789560487,-6571.96961246514
9.69766673247432,12.754740850742575,0.6450273636674204,50.92490553112667,-6574.148354189449
9.69766673247432,12.754740850742575,0.6450273636674204,50.92490553112667,-6574.148354189449
9.69766673247432,12.754740850742575,0.6450273636674204,50.92490553112667,-6574.148354189449
9.69766673247432,12.754740850742575,0.6450273636674204,50.92490553112667,-6574.148354189449
9.69766673247432,12.754740850742575,0.6450273636674204,50.92490553112667,-6574.148354189449
8.830093910789115,9.874397288845888,0.6397899883856195,50.408970722661785,-6574.079844437892
8.830093910789115,9.874397288845888,0.6397899883856195,50.408970722661785,-6574.079844437892
8.830093910789115,9.874397288845888,0.6397899883856195,50.408970722661785,-6574.079844437892
8.830093910789115,9.874397288845888,0.6397899883856195,50.408970722661785,-6574.079844437892
9.124710049448582,10.620724456119088,0.6950010432047555,50.81452509307877,-6571.483952904525
9.124710049448582,10.620724456119088,0.6950010432047555,50.81452509307877,-6571.483952904525
9.124710049448582,10.620724456119088,0.6950010432047555,50.81452509307877,-6571.483952904525
9.124710049448582,10.620724456119088,0.6950010432047555,50.81452509307877,-6571.483952904525
9.124710049448582,10.620724456119088,0.6950010432047555,50.81452509307877,-6571.483952904525
9.124710049448582,10.620724456119088,0.6950010432047555,50.81452509307877,-6571.483952904525
9.124710049448582,10.620724456119088,0.6950010432047555,50.81452509307877,-6571.483952904525
9.124710049448582,10.620724456119088,0.6950010432047555,50.81452509307877,-6571.483952904525
9.124710049448582,10.620724456119088,0.6950010432047555,50.81452509307877,-6571.483952904525
9.124710049448582,10.620724456119088,0.6950010432047555,50.81452509307877,-6571.483952904525
9.124710049448582,10.620724456119088,0.6950010432047555,50.81452509307877,-6571.483952904525
9.124710049448582,10.620724456119088,0.6950010432047555,50.81452509307877,-6571.483952904525
9.124710049448582,10.620724456119088,0.6950010432047555,50.81452509307877,-6571.483952904525
9.124710049448582,10.620724456119088,0.6950010432047555,50.81452509307877,-6571.483952904525
9.124710049448582,10.620724456119088,0.6950010432047555,50.81452509307877,-6571.483952904525
9.124710049448582,10.620724456119088,0.6950010432047555,50.81452509307877,-6571.483952904525
9.124710049448582,10.620724456119088,0.6950010432047555,50.81452509307877,-6571.483952904525
9.336918380984251,11.155372549641005,0.7405787776628339,50.22092362626973,-6571.208772493741
9.336918380984251,11.155372549641005,0.7405787776628339,50.22092362626973,-6571.208772493741
9.336918380984251,11.155372549641005,0.7405787776628339,50.22092362626973,-6571.208772493741
9.336918380984251,11.155372549641005,0.7405787776628339,50.22092362626973,-6571.208772493741
9.336918380984251,11.155372549641005,0.7405787776628339,50.22092362626973,-6571.208772493741
9.336918380984251,11.155372549641005,0.7405787776628339,50.22092362626973,-6571.208772493741
9.336918380984251,11.155372549641005,0.7405787776628339,50.22092362626973,-6571.208772493741
9.336918380984251,11.155372549641005,0.7405787776628339,50.22092362626973,-6571.208772493741
9.336918380984251,11.155372549641005,0.7405787776628339,50.22092362626973,-6571.208772493741
9.336918380984251,11.155372549641005,0.7405787776628339,50.22092362626973,-6571.208772493741
9.336918380984251,11.155372549641005,0.7405787776628339,50.22092362626973,-6571.208772493741
9.336918380984251,11.155372549641005,0.7405787776628339,50.22092362626973,-6571.208772493741
8.577032971408407,12.309874015440627,0.6956304795377204,50.57684383252961,-6572.433356697761
9.266839471848769,11.415761230973015,0.4925946069852235,51.103601924141365,-6574.651380554264
9.266839471848769,11.415761230973015,0.4925946069852235,51.103601924141365,-6574.651380554264
9.266839471848769,11.415761230973015,0.4925946069852235,51.103601924141365,-6574.651380554264
9.2021734259851,11.857312182056521,0.747641856855483,50.90270812049969,-6572.440344166834
9.2021734259851,11.857312182056521,0.747641856855483,50.90270812049969,-6572.440344166834
9.04634768866465,9.215945385859529,0.8220639736593839,50.94930596404084,-6572.192052430102
9.04634768866465,9.215945385859529,0.8220639736593839,50.94930596404084,-6572.192052430102
9.773942029319134,9.790392104958908,0.8895639180885433,50.840134466054685,-6572.025628583399
9.773942029319134,9.790392104958908,0.8895639180885433,50.840134466054685,-6572.025628583399
10.063354441536116,7.7645873933450105,0.853086204019154,50.715839405784834,-6570.617838462385
10.063354441536116,7.7645873933450105,0.853086204019154,50.715839405784834,-6570.617838462385
9.420522201259567,8.83299533638848,0.9087759734344235,50.53763850057633,-6571.085778088278
9.626049956322634,8.725753371517348,0.7861943800893545,50.853803495572436,-6570.92101533381
9.626049956322634,8.725753371517348,0.7861943800893545,50.853803495572436,-6570.92101533381
9.626049956322634,8.725753371517348,0.7861943800893545,50.853803495572436,-6570.92101533381
9.626049956322634,8.725753371517348,0.7861943800893545,50.853803495572436,-6570.92101533381
9.626049956322634,8.725753371517348,0.7861943800893545,50.853803495572436,-6570.92101533381
9.626049956322634,8.725753371517348,0.7861943800893545,50.853803495572436,-6570.92101533381
9.626049956322634,8.725753371517348,0.7861943800893545,50.853803495572436,-6570.92101533381
9.709614772378163,8.556233692393832,0.9783626011810364,50.67144852626583,-6571.729761556204
9.709614772378163,8.556233692393832,0.9783626011810364,50.67144852626583,-6571.729761556204
9.709614772378163,8.556233692393832,0.9783626011810364,50.67144852626583,-6571.729761556204
9.709614772378163,8.556233692393832,0.9783626011810364,50.67144852626583,-6571.729761556204
9.843065554174029,8.725856875909756,0.9685826341124191,50.24816111937981,-6571.646432780389
9.843065554174029,8.725856875909756,0.9685826341124191,50.24816111937981,-6571.646432780389
9.843065554174029,8.725856875909756,0.9685826341124191,50.24816111937981,-6571.646432780389
8.939416769120722,9.265252855259915,0.8015791338865847,50.19634378799458,-6571.983460996091
8.939416769120722,9.265252855259915,0.8015791338865847,50.19634378799458,-6571.983460996091
8.939416769120722,9.265252855259915,0.8015791338865847,50.19634378799458,-6571.983460996091
8.939416769120722,9.265252855259915,0.8015791338865847,50.19634378799458,-6571.983460996091
8.939416769120722,9.265252855259915,0.8015791338865847,50.19634378799458,-6571.983460996091
8.939416769120722,9.265252855259915,0.8015791338865847,50.19634378799458,-6571.983460996091
8.939416769120722,9.265252855259915,0.8015791338865847,50.19634378799458,-6571.983460996091
8.939416769120722,9.265252855259915,0.8015791338865847,50.19634378799458,-6571.983460996091
9.610987767726211,10.903990357136122,0.6554572444561253,50.47741567318254,-6570.985401578444
9.610987767726211,10.903990357136122,0.6554572444561253,50.47741567318254,-6570.985401578444
9.610987767726211,10.903990357136122,0.6554572444561253,50.47741567318254,-6570.985401578444
10.248759068146288,9.971089427339493,0.7467993976327845,50.46978277664185,-6571.310611295832
10.248759068146288,9.971089427339493,0.7467993976327845,50.46978277664185,-6571.310611295832
10.248759068146288,9.971089427339493,0.7467993976327845,50.46978277664185,-6571.310611295832
11.250207917560715,7.57621433822752,0.5733711922695973,50.78535020009998,-6572.1622288459075
11.250207917560715,7.57621433822752,0.5733711922695973,50.78535020009998,-6572.1622288459075
11.389513756158244,9.14651402054788,0.5486746702178121,51.251882221630076,-6573.596940939024
11.389513756158244,9.14651402054788,0.5486746702178121,51.251882221630076,-6573.596940939024
11.389513756158244,9.14651402054788,0.5486746702178121,51.251882221630076,-6573.596940939024
11.389513756158244,9.14651402054788,0.5486746702178121,51.251882221630076,-6573.596940939024
11.389513756158244,9.14651402054788,0.5486746702178121,51.251882221630076,-6573.596940939024
11.389513756158244,9.14651402054788,0.5486746702178121,51.251882221630076,-6573.596940939024
11.389513756158244,9.14651402054788,0.5486746702178121,51.251882221630076,-6573.596940939024
10.489967625825772,9.978622300112216,0.7258389962927533,51.38909251949806,-6573.174230340383
9.548623874954671,10.893266439470516,0.733949691347502,51.154844337146734,-6572.030447149072
9.548623874954671,10.893266439470516,0.733949691347502,51.154844337146734,-6572.030447149072
9.548623874954671,10.893266439470516,0.733949691347502,51.154844337146734,-6572.030447149072
9.548623874954671,10.893266439470516,0.733949691347502,51.154844337146734,-6572.030447149072
9.915114838729977,9.875111709771494,0.6889631374301372,51.15643170415457,-6571.351910138271
9.915114838729977,9.875111709771494,0.6889631374301372,51.15643170415457,-6571.351910138271
9.915114838729977,9.875111709771494,0.6889631374301372,51.15643170415457,-6571.351910138271
9.915114838729977,9.875111709771494,0.6889631374301372,51.15643170415457,-6571.351910138271
9.915114838729977,9.875111709771494,0.6889631374301372,51.15643170415457,-6571.351910138271
9.915114838729977,9.875111709771494,0.6889631374301372,51.15643170415457,-6571.351910138271
9.915114838729977,9.875111709771494,0.6889631374301372,51.15643170415457,-6571.351910138271
9.915114838729977,9.875111709771494,0.6889631374301372,51.15643170415457,-6571.351910138271
9.915114838729977,9.875111709771494,0.6889631374301372,51.15643170415457,-6571.351910138271
9.915114838729977,9.875111709771494,0.6889631374301372,51.15643170415457,-6571.351910138271
9.640924500265806,10.085151524693059,0.6307739256693832,49.84310484336759,-6571.444500867444
9.713116930451195,9.40401067583591,0.8186868520814645,49.50899493409035,-6571.5059961152465
9.41011807863362,10.257319241886908,0.9222678090806431,50.28425965282952,-6572.086016107856
9.41011807863362,10.257319241886908,0.9222678090806431,50.28425965282952,-6572.086016107856
9.41011807863362,10.257319241886908,0.9222678090806431,50.28425965282952,-6572.086016107856
9.41011807863362,10.257319241886908,0.9222678090806431,50.28425965282952,-6572.086016107856
9.41011807863362,10.257319241886908,0.9222678090806431,50.28425965282952,-6572.086016107856
9.844980982822866,8.37813441350346,0.9003595261198439,50.80372675877209,-6571.03763934874
9.844980982822866,8.37813441350346,0.9003595261198439,50.80372675877209,-6571.03763934874
9.61612596795894,11.186451912757768,0.6707312771528279,50.5177294977874,-6571.240697108584
9.61612596795894,11.186451912757768,0.6707312771528279,50.5177294977874,-6571.240697108584
9.61612596795894,11.186451912757768,0.6707312771528279,50.5177294977874,-6571.240697108584
9.61612596795894,11.186451912757768,0.6707312771528279,50.5177294977874,-6571.240697108584
9.61612596795894,11.186451912757768,0.6707312771528279,50.5177294977874,-6571.240697108584
9.5677706170588,10.749939480181823,0.7795666232312889,50.776210511100565,-6571.531819169498
10.068802267888595,8.027530307554118,0.8455616406478537,50.92782635965352,-6570.837808950256
10.068802267888595,8.027530307554118,0.8455616406478537,50.92782635965352,-6570.837808950256
10.068802267888595,8.027530307554118,0.8455616406478537,50.92782635965352,-6570.837808950256
10.068802267888595,8.027530307554118,0.8455616406478537,50.92782635965352,-6570.837808950256
10.068802267888595,8.027530307554118,0.8455616406478537,50.92782635965352,-6570.837808950256
9.325831310948205,10.1251507340802,0.8717909324385914,51.297241030693314,-6572.750485957017
9.325831310948205,10.1251507340802,0.8717909324385914,51.297241030693314,-6572.750485957017
9.325831310948205,10.1251507340802,0.8717909324385914,51.297241030693314,-6572.750485957017
9.73525095079108,9.716240120642254,0.7744248307895101,51.53624024046666,-6572.577889949922
9.73525095079108,9.716240120642254,0.7744248307895101,51.53624024046666,-6572.577889949922
9.336796034311158,8.412195031638715,0.9658940801560876,51.016347890306896,-6572.4212094492505
9.336796034311158,8.412195031638715,0.9658940801560876,51.016347890306896,-6572.4212094492505
9.125839458344439,9.603653509319544,0.7310515581577244,50.386334212088876,-6571.448703550192
9.125839458344439,9.603653509319544,0.7310515581577244,50.386334212088876,-6571.448703550192
9.125839458344439,9.603653509319544,0.7310515581577244,50.386334212088876,-6571.448703550192
9.125839458344439,9.603653509319544,0.7310515581577244,50.386334212088876,-6571.448703550192
9.125839458344439,9.603653509319544,0.7310515581577244,50.386334212088876,-6571.448703550192
9.912670875394642,11.848268995426396,0.6042401791035287,50.99018782607044,-6572.889064149731
9.912670875394642,11.848268995426396,0.6042401791035287,50.99018782607044,-6572.889064149731
9.912670875394642,11.848268995426396,0.6042401791035287,50.99018782607044,-6572.889064149731
9.912670875394642,11.848268995426396,0.6042401791035287,50.99018782607044,-6572.889064149731
9.64513565051355,11.786908725081279,0.6020248162801192,50.44111979448585,-6571.901856003916
9.64513565051355,11.786908725081279,0.6020248162801192,50.44111979448585,-6571.901856003916
9.64513565051355,11.786908725081279,0.6020248162801192,50.44111979448585,-6571.901856003916
9.64513565051355,11.786908725081279,0.6020248162801192,50.44111979448585,-6571.901856003916
9.64513565051355,11.786908725081279,0.6020248162801192,50.44111979448585,-6571.901856003916
10.123164101299576,10.303886801800294,0.6207417465172297,49.87916641896799,-6571.483728144998
10.123164101299576,10.303886801800294,0.6207417465172297,49.87916641896799,-6571.483728144998
10.123164101299576,10.303886801800294,0.6207417465172297,49.87916641896799,-6571.483728144998
10.123164101299576,10.303886801800294,0.6207417465172297,49.87916641896799,-6571.483728144998
9.751933306777252,8.77034620754596,0.794179185739428,50.681670944814364,-6570.468876357786
9.751933306777252,8.77034620754596,0.794179185739428,50.681670944814364,-6570.468876357786
9.751933306777252,8.77034620754596,0.794179185739428,50.681670944814364,-6570.468876357786
9.751933306777252,8.77034620754596,0.794179185739428,50.681670944814364,-6570.468876357786
9.664577109445208,7.444043525165071,0.9002698872419037,50.617330678017176,-6571.545740746935
9.664577109445208,7.444043525165071,0.9002698872419037,50.617330678017176,-6571.545740746935
9.664577109445208,7.444043525165071,0.9002698872419037,50.617330678017176,-6571.545740746935
9.664577109445208,7.444043525165071,0.9002698872419037,50.617330678017176,-6571.545740746935
9.052077059084843,9.86353674724395,0.7582957464662917,50.31386677180397,-6571.239678378131
9.052077059084843,9.86353674724395,0.7582957464662917,50.31386677180397,-6571.239678378131
8.365514722561878,11.370447093470025,0.6522724758000582,50.57336059864799,-6573.988726531458
8.415938849097435,12.41711220736034,0.7459088405645542,50.35480473889929,-6572.629295460567
8.415938849097435,12.41711220736034,0.7459088405645542,50.35480473889929,-6572.629295460567
8.415938849097435,12.41711220736034,0.7459088405645542,50.35480473889929,-6572.629295460567
8.415938849097435,12.41711220736034,0.7459088405645542,50.35480473889929,-6572.629295460567
8.415938849097435,12.41711220736034,0.7459088405645542,50.35480473889929,-6572.629295460567
8.415938849097435,12.41711220736034,0.7459088405645542,50.35480473889929,-6572.629295460567
8.415938849097435,12.41711220736034,0.7459088405645542,50.35480473889929,-6572.629295460567
8.415938849097435,12.41711220736034,0.7459088405645542,50.35480473889929,-6572.629295460567
8.823944174925646,11.390538094687997,0.7113602243965933,50.34470875226727,-6571.585440872546
9.572662760627674,9.366977646179343,0.9196628828146559,50.41058309671692,-6571.294426826529
9.572662760627674,9.366977646179343,0.9196628828146559,50.41058309671692,-6571.294426826529
9.572662760627674,9.366977646179343,0.9196628828146559,50.41058309671692,-6571.294426826529
9.572662760627674,9.366977646179343,0.9196628828146559,50.41058309671692,-6571.294426826529
10.1625074149112,8.018655745055483,0.8358283812168346,50.94978792177771,-6570.815363509188
10.1625074149112,8.018655745055483,0.8358283812168346,50.94978792177771,-6570.815363509188
10.1625074149112,8.018655745055483,0.8358283812168346,50.94978792177771,-6570.815363509188
10.1625074149112,8.018655745055483,0.8358283812168346,50.94978792177771,-6570.815363509188
10.005799636828614,9.410555170018519,0.7817727638806234,51.033196644525525,-6571.146101837958
10.005799636828614,9.410555170018519,0.7817727638806234,51.033196644525525,-6571.146101837958
10.005799636828614,9.410555170018519,0.7817727638806234,51.033196644525525,-6571.146101837958
10.005799636828614,9.410555170018519,0.7817727638806234,51.033196644525525,-6571.146101837958
10.005799636828614,9.410555170018519,0.7817727638806234,51.033196644525525,-6571.146101837958
10.005799636828614,9.410555170018519,0.7817727638806234,51.033196644525525,-6571.146101837958
10.005799636828614,9.410555170018519,0.7817727638806234,51.033196644525525,-6571.146101837958
10.005799636828614,9.410555170018519,0.7817727638806234,51.033196644525525,-6571.146101837958
10.524043610552916,8.607080894964339,0.6840312785718755,50.74082299339497,-6570.538527119795
10.524043610552916,8.607080894964339,0.6840312785718755,50.74082299339497,-6570.538527119795
10.505171518123971,6.942833474521862,0.7325514955136391,50.8571427368163,-6571.357511721326
11.056616685475763,7.039194590908447,0.7403849284010465,51.3231531223388,-6571.824996452329
11.056616685475763,7.039194590908447,0.7403849284010465,51.3231531223388,-6571.824996452329
10.697058522466659,8.177546660734972,0.8489550801797188,49.93454269316722,-6571.533729070222
9.72658948238752,9.924837033552478,0.6818347328382751,50.63549047394244,-6570.590890794025
9.72658948238752,9.924837033552478,0.6818347328382751,50.63549047394244,-6570.590890794025
9.72658948238752,9.924837033552478,0.6818347328382751,50.63549047394244,-6570.590890794025
9.72658948238752,9.924837033552478,0.6818347328382751,50.63549047394244,-6570.590890794025
9.72658948238752,9.924837033552478,0.6818347328382751,50.63549047394244,-6570.590890794025
9.72658948238752,9.924837033552478,0.6818347328382751,50.63549047394244,-6570.590890794025
9.52881305830014,8.886167450944457,0.7549112768152023,50.61090199120638,-6570.853928693809
9.52881305830014,8.886167450944457,0.7549112768152023,50.61090199120638,-6570.853928693809
9.52881305830014,8.886167450944457,0.7549112768152023,50.61090199120638,-6570.853928693809
9.52881305830014,8.886167450944457,0.7549112768152023,50.61090199120638,-6570.853928693809
9.603440993276175,8.755240788112868,0.8558873163902856,51.143859519881644,-6571.615519011066
9.603440993276175,8.755240788112868,0.8558873163902856,51.143859519881644,-6571.615519011066
9.603440993276175,8.755240788112868,0.8558873163902856,51.143859519881644,-6571.615519011066
9.603440993276175,8.755240788112868,0.8558873163902856,51.143859519881644,-6571.615519011066
9.603440993276175,8.755240788112868,0.8558873163902856,51.143859519881644,-6571.615519011066
9.603440993276175,8.755240788112868,0.8558873163902856,51.143859519881644,-6571.615519011066
8.893112932680577,10.071918907210852,0.8387531899991747,50.01216310233145,-6571.534519743168
8.893112932680577,10.071918907210852,0.8387531899991747,50.01216310233145,-6571.534519743168
8.893112932680577,10.071918907210852,0.8387531899991747,50.01216310233145,-6571.534519743168
8.893112932680577,10.071918907210852,0.8387531899991747,50.01216310233145,-6571.534519743168
8.893112932680577,10.071918907210852,0.8387531899991747,50.01216310233145,-6571.534519743168
8.893112932680577,10.071918907210852,0.8387531899991747,50.01216310233145,-6571.534519743168
8.893112932680577,10.071918907210852,0.8387531899991747,50.01216310233145,-6571.534519743168
8.893112932680577,10.071918907210852,0.8387531899991747,50.01216310233145,-6571.534519743168
8.893112932680577,10.071918907210852,0.8387531899991747,50.01216310233145,-6571.534519743168
8.893112932680577,10.071918907210852,0.8387531899991747,50.01216310233145,-6571.534519743168
8.893112932680577,10.071918907210852,0.8387531899991747,50.01216310233145,-6571.534519743168
9.694647185314633,9.901092043404258,0.8382241508163486,49.96370269182172,-6571.199062589208
10.189621604429437,8.593437221941478,0.5650006278979243,50.21653204243595,-6572.57994546338
10.189621604429437,8.593437221941478,0.5650006278979243,50.21653204243595,-6572.57994546338
10.189621604429437,8.593437221941478,0.5650006278979243,50.21653204243595,-6572.57994546338
9.384648713512862,8.981777673316866,0.6959515981810895,49.69940898752694,-6572.467976352975
9.332311332822279,10.23933140131347,0.626673487058965,49.68633047556646,-6572.351449248541
9.051132356105432,10.244471246667437,0.5558853753560594,49.943027630458374,-6574.858094912588
9.051132356105432,10.244471246667437,0.5558853753560594,49.943027630458374,-6574.858094912588
9.051132356105432,10.244471246667437,0.5558853753560594,49.943027630458374,-6574.858094912588
9.051132356105432,10.244471246667437,0.5558853753560594,49.943027630458374,-6574.858094912588
9.051132356105432,10.244471246667437,0.5558853753560594,49.943027630458374,-6574.858094912588
8.685267697649001,10.709186934037568,0.7419894212359024,49.29235048332483,-6573.662002434624
8.696158119480131,11.60793842884754,0.8095226697404629,49.54949418263983,-6572.856087490416
8.696158119480131,11.60793842884754,0.8095226697404629,49.54949418263983,-6572.856087490416
8.696158119480131,11.60793842884754,0.8095226697404629,49.54949418263983,-6572.856087490416
8.696158119480131,11.60793842884754,0.8095226697404629,49.54949418263983,-6572.856087490416
8.696158119480131,11.60793842884754,0.8095226697404629,49.54949418263983,-6572.856087490416
8.696158119480131,11.60793842884754,0.8095226697404629,49.54949418263983,-6572.856087490416
8.696158119480131,11.60793842884754,0.8095226697404629,49.54949418263983,-6572.856087490416
8.696158119480131,11.60793842884754,0.8095226697404629,49.54949418263983,-6572.856087490416
8.696158119480131,11.60793842884754,0.8095226697404629,49.54949418263983,-6572.856087490416
8.696158119480131,11.60793842884754,0.8095226697404629,49.54949418263983,-6572.856087490416
8.696158119480131,11.60793842884754,0.8095226697404629,49.54949418263983,-6572.856087490416
7.963857252129081,10.268554733159329,0.8875744486973952,50.08569545493887,-6575.332445683909
7.963857252129081,10.268554733159329,0.8875744486973952,50.08569545493887,-6575.332445683909
7.963857252129081,10.268554733159329,0.8875744486973952,50.08569545493887,-6575.332445683909
7.963857252129081,10.268554733159329,0.8875744486973952,50.08569545493887,-6575.332445683909
8.111311727360077,13.345181092187445,0.8969890413604059,50.28818667014799,-6575.124904204156
7.675379641035779,12.43484262185767,0.9677972010624653,50.69330353774193,-6576.036505121962
8.395453347759158,9.923284867419953,0.8894117981786791,49.97939054885485,-6573.3995075730945
8.395453347759158,9.923284867419953,0.8894117981786791,49.97939054885485,-6573.3995075730945
8.395453347759158,9.923284867419953,0.8894117981786791,49.97939054885485,-6573.3995075730945
8.395453347759158,9.923284867419953,0.8894117981786791,49.97939054885485,-6573.3995075730945
8.395453347759158,9.923284867419953,0.8894117981786791,49.97939054885485,-6573.3995075730945
8.395453347759158,9.923284867419953,0.8894117981786791,49.97939054885485,-6573.3995075730945
8.80470926217807,9.650968406486962,0.9245485566026715,50.026332603536915,-6572.131066494235
8.80470926217807,9.650968406486962,0.9245485566026715,50.026332603536915,-6572.131066494235
9.22240160973326,9.2677258834851,0.872077330867413,49.43602500332873,-6572.208866250436
9.22240160973326,9.2677258834851,0.872077330867413,49.43602500332873,-6572.208866250436
9.22240160973326,9.2677258834851,0.872077330867413,49.43602500332873,-6572.208866250436
9.22240160973326,9.2677258834851,0.872077330867413,49.43602500332873,-6572.208866250436
9.22240160973326,9.2677258834851,0.872077330867413,49.43602500332873,-6572.208866250436
9.22240160973326,9.2677258834851,0.872077330867413,49.43602500332873,-6572.208866250436
9.22240160973326,9.2677258834851,0.872077330867413,49.43602500332873,-6572.208866250436
9.22240160973326,9.2677258834851,0.872077330867413,49.43602500332873,-6572.208866250436
9.261736648629071,8.855945012252924,0.8504127254009806,49.41537006206854,-6572.395873683613
9.654180304805893,8.96355334842855,1.1034060381370296,50.68761568664389,-6574.192269968957
9.654180304805893,8.96355334842855,1.1034060381370296,50.68761568664389,-6574.192269968957
9.654180304805893,8.96355334842855,1.1034060381370296,50.68761568664389,-6574.192269968957
9.654180304805893,8.96355334842855,1.1034060381370296,50.68761568664389,-6574.192269968957
9.557797979672387,9.527004845186326,0.9950181364314477,50.25702781114318,-6572.512595628328
9.557797979672387,9.527004845186326,0.9950181364314477,50.25702781114318,-6572.512595628328
9.557797979672387,9.527004845186326,0.9950181364314477,50.25702781114318,-6572.512595628328
9.557797979672387,9.527004845186326,0.9950181364314477,50.25702781114318,-6572.512595628328
9.557797979672387,9.527004845186326,0.9950181364314477,50.25702781114318,-6572.512595628328
9.557797979672387,9.527004845186326,0.9950181364314477,50.25702781114318,-6572.512595628328
9.23216530923828,10.227441782895028,0.7824257287287614,49.69921336879073,-6571.373575039399
9.23216530923828,10.227441782895028,0.7824257287287614,49.69921336879073,-6571.373575039399
9.23216530923828,10.227441782895028,0.7824257287287614,49.69921336879073,-6571.373575039399
9.23216530923828,10.227441782895028,0.7824257287287614,49.69921336879073,-6571.373575039399
9.23216530923828,10.227441782895028,0.7824257287287614,49.69921336879073,-6571.373575039399
9.23216530923828,10.227441782895028,0.7824257287287614,49.69921336879073,-6571.373575039399
9.23216530923828,10.227441782895028,0.7824257287287614,49.69921336879073,-6571.373575039399
9.23216530923828,10.227441782895028,0.7824257287287614,49.69921336879073,-6571.373575039399
9.23216530923828,10.227441782895028,0.7824257287287614,49.69921336879073,-6571.373575039399
11.182219425669349,9.413579678395669,0.6351066520010731,50.13568268767024,-6572.829307145506
11.182219425669349,9.413579678395669,0.6351066520010731,50.13568268767024,-6572.829307145506
11.182219425669349,9.413579678395669,0.6351066520010731,50.13568268767024,-6572.829307145506
11.742225565537654,6.378694913700722,0.5689903481377775,50.08379689453289,-6573.634380563959
11.742225565537654,6.378694913700722,0.5689903481377775,50.08379689453289,-6573.634380563959
11.742225565537654,6.378694913700722,0.5689903481377775,50.08379689453289,-6573.634380563959
11.742225565537654,6.378694913700722,0.5689903481377775,50.08379689453289,-6573.634380563959
12.685932248842235,5.4978090290956745,0.6941260789426225,50.27451261395347,-6574.216353720092
12.685932248842235,5.4978090290956745,0.6941260789426225,50.27451261395347,-6574.216353720092
12.685932248842235,5.4978090290956745,0.6941260789426225,50.27451261395347,-6574.216353720092
12.685932248842235,5.4978090290956745,0.6941260789426225,50.27451261395347,-6574.216353720092
11.129309855284202,4.881454352892811,0.9151220122399429,49.92376461521644,-6572.536755998824
12.380593319735059,2.500349358489565,0.9973182777525802,49.84041172737372,-6576.200061537871
12.380593319735059,2.500349358489565,0.9973182777525802,49.84041172737372,-6576.200061537871
12.380593319735059,2.500349358489565,0.9973182777525802,49.84041172737372,-6576.200061537871
12.380593319735059,2.500349358489565,0.9973182777525802,49.84041172737372,-6576.200061537871
12.380593319735059,2.500349358489565,0.9973182777525802,49.84041172737372,-6576.200061537871
12.532284826357246,5.976687273260859,0.9007071722756044,49.932440090390664,-6577.05278037986
12.532284826357246,5.976687273260859,0.9007071722756044,49.932440090390664,-6577.05278037986
12.250427936674901,3.942714103409026,0.8945747320983038,49.41545319427053,-6575.158592900394
12.250427936674901,3.942714103409026,0.8945747320983038,49.41545319427053,-6575.158592900394
12.250427936674901,3.942714103409026,0.8945747320983038,49.41545319427053,-6575.158592900394
12.250427936674901,3.942714103409026,0.8945747320983038,49.41545319427053,-6575.158592900394
12.37350976284832,5.109825499401777,0.8550835410657928,49.5255476299864,-6575.0590505851505
11.581234698507904,6.130136461437743,0.7128043874782131,49.27520260300756,-6573.684194850944
11.581234698507904,6.130136461437743,0.7128043874782131,49.27520260300756,-6573.684194850944
11.581234698507904,6.130136461437743,0.7128043874782131,49.27520260300756,-6573.684194850944
11.581234698507904,6.130136461437743,0.7128043874782131,49.27520260300756,-6573.684194850944
11.581234698507904,6.130136461437743,0.7128043874782131,49.27520260300756,-6573.684194850944
11.581234698507904,6.130136461437743,0.7128043874782131,49.27520260300756,-6573.684194850944
11.581234698507904,6.130136461437743,0.7128043874782131,49.27520260300756,-6573.684194850944
11.581234698507904,6.130136461437743,0.7128043874782131,49.27520260300756,-6573.684194850944
11.581234698507904,6.130136461437743,0.7128043874782131,49.27520260300756,-6573.684194850944
11.581234698507904,6.130136461437743,0.7128043874782131,49.27520260300756,-6573.684194850944
11.581234698507904,6.130136461437743,0.7128043874782131,49.27520260300756,-6573.684194850944
11.581234698507904,6.130136461437743,0.7128043874782131,49.27520260300756,-6573.684194850944
11.34419391022966,7.08662933404823,0.784572174225737,49.063074765006824,-6574.047792711411
11.34419391022966,7.08662933404823,0.784572174225737,49.063074765006824,-6574.047792711411
10.236220111592973,5.992755605940899,0.8041533601077671,49.00801747875347,-6576.157389242806
10.236220111592973,5.992755605940899,0.8041533601077671,49.00801747875347,-6576.157389242806
10.236220111592973,5.992755605940899,0.8041533601077671,49.00801747875347,-6576.157389242806
10.236220111592973,5.992755605940899,0.8041533601077671,49.00801747875347,-6576.157389242806
10.236220111592973,5.992755605940899,0.8041533601077671,49.00801747875347,-6576.157389242806
10.236220111592973,5.992755605940899,0.8041533601077671,49.00801747875347,-6576.157389242806
10.236220111592973,5.992755605940899,0.8041533601077671,49.00801747875347,-6576.157389242806
10.236220111592973,5.992755605940899,0.8041533601077671,49.00801747875347,-6576.157389242806
10.236220111592973,5.992755605940899,0.8041533601077671,49.00801747875347,-6576.157389242806
10.236220111592973,5.992755605940899,0.8041533601077671,49.00801747875347,-6576.157389242806
10.483093303986696,6.695228948078665,1.0226547507639046,48.84301159674427,-6575.199284071839
11.406567308394942,5.5949244354541205,1.0620962842097097,49.716370394789784,-6574.475467943039
11.406567308394942,5.5949244354541205,1.0620962842097097,49.716370394789784,-6574.475467943039
11.406567308394942,5.5949244354541205,1.0620962842097097,49.716370394789784,-6574.475467943039
11.538375331697376,5.752326116944439,0.9789021834452497,49.78434748612433,-6573.586855530337
11.538375331697376,5.752326116944439,0.9789021834452497,49.78434748612433,-6573.586855530337
11.538375331697376,5.752326116944439,0.9789021834452497,49.78434748612433,-6573.586855530337
11.538375331697376,5.752326116944439,0.9789021834452497,49.78434748612433,-6573.586855530337
11.538375331697376,5.752326116944439,0.9789021834452497,49.78434748612433,-6573.586855530337
11.538375331697376,5.752326116944439,0.9789021834452497,49.78434748612433,-6573.586855530337
10.68993258566856,5.163567106921295,1.0628852259678705,49.75723525003663,-6573.42386541493
10.68993258566856,5.163567106921295,1.0628852259678705,49.75723525003663,-6573.42386541493
10.75669004677066,6.0745827431292785,1.0596275588959123,50.79842274047146,-6572.897526351262
10.75669004677066,6.0745827431292785,1.0596275588959123,50.79842274047146,-6572.897526351262
9.80623134057729,7.575404976990425,1.0877432911182079,51.20883969079898,-6573.888678347883
9.80623134057729,7.575404976990425,1.0877432911182079,51.20883969079898,-6573.888678347883
9.80623134057729,7.575404976990425,1.0877432911182079,51.20883969079898,-6573.888678347883
9.80623134057729,7.575404976990425,1.0877432911182079,51.20883969079898,-6573.888678347883
9.80623134057729,7.575404976990425,1.0877432911182079,51.20883969079898,-6573.888678347883
9.80623134057729,7.575404976990425,1.0877432911182079,51.20883969079898,-6573.888678347883
9.80623134057729,7.575404976990425,1.0877432911182079,51.20883969079898,-6573.888678347883
9.80623134057729,7.575404976990425,1.0877432911182079,51.20883969079898,-6573.888678347883
9.80623134057729,7.575404976990425,1.0877432911182079,51.20883969079898,-6573.888678347883
9.80623134057729,7.575404976990425,1.0877432911182079,51.20883969079898,-6573.888678347883
9.80623134057729,7.575404976990425,1.0877432911182079,51.20883969079898,-6573.888678347883
9.80623134057729,7.575404976990425,1.0877432911182079,51.20883969079898,-6573.888678347883
9.80623134057729,7.575404976990425,1.0877432911182079,51.20883969079898,-6573.888678347883
9.80623134057729,7.575404976990425,1.0877432911182079,51.20883969079898,-6573.888678347883
9.80623134057729,7.575404976990425,1.0877432911182079,51.20883969079898,-6573.888678347883
9.80623134057729,7.575404976990425,1.0877432911182079,51.20883969079898,-6573.888678347883
9.80623134057729,7.575404976990425,1.0877432911182079,51.20883969079898,-6573.888678347883
9.80623134057729,7.575404976990425,1.0877432911182079,51.20883969079898,-6573.888678347883
9.80623134057729,7.575404976990425,1.0877432911182079,51.20883969079898,-6573.888678347883
9.736533173584053,8.658053640470175,0.9933599410330529,51.273084479941474,-6573.234923857669
9.947055212921224,8.813713302590154,1.066686883371892,50.406009386082076,-6573.705010124428
9.947055212921224,8.813713302590154,1.066686883371892,50.406009386082076,-6573.705010124428
9.408325650478552,10.532308200757386,1.0548036614900078,50.32411731238606,-6575.037919019303
9.408325650478552,10.532308200757386,1.0548036614900078,50.32411731238606,-6575.037919019303
9.408325650478552,10.532308200757386,1.0548036614900078,50.32411731238606,-6575.037919019303
9.408325650478552,10.532308200757386,1.0548036614900078,50.32411731238606,-6575.037919019303
9.408325650478552,10.532308200757386,1.0548036614900078,50.32411731238606,-6575.037919019303
9.34597287497077,9.233019071122603,1.0680258172852968,50.6522814010693,-6573.365676891472
9.34597287497077,9.233019071122603,1.0680258172852968,50.6522814010693,-6573.365676891472
9.34597287497077,9.233019071122603,1.0680258172852968,50.6522814010693,-6573.365676891472
9.34597287497077,9.233019071122603,1.0680258172852968,50.6522814010693,-6573.365676891472
9.34597287497077,9.233019071122603,1.0680258172852968,50.6522814010693,-6573.365676891472
9.34597287497077,9.233019071122603,1.0680258172852968,50.6522814010693,-6573.365676891472
9.34597287497077,9.233019071122603,1.0680258172852968,50.6522814010693,-6573.365676891472
9.34597287497077,9.233019071122603,1.0680258172852968,50.6522814010693,-6573.365676891472
9.34597287497077,9.233019071122603,1.0680258172852968,50.6522814010693,-6573.365676891472
9.34597287497077,9.233019071122603,1.0680258172852968,50.6522814010693,-6573.365676891472
9.34597287497077,9.233019071122603,1.0680258172852968,50.6522814010693,-6573.365676891472
9.34597287497077,9.233019071122603,1.0680258172852968,50.6522814010693,-6573.365676891472
9.34597287497077,9.233019071122603,1.0680258172852968,50.6522814010693,-6573.365676891472
9.848912727216215,11.203205693085565,0.8877879840073801,50.46006795094999,-6574.591441774117
9.848912727216215,11.203205693085565,0.8877879840073801,50.46006795094999,-6574.591441774117
10.971924723603088,8.329527649328686,0.8291639526142499,50.778322325334734,-6572.292661493211
10.971924723603088,8.329527649328686,0.8291639526142499,50.778322325334734,-6572.292661493211
10.971924723603088,8.329527649328686,0.8291639526142499,50.778322325334734,-6572.292661493211
10.024085753444405,8.530651057181123,0.8947189547950498,50.96974373584663,-6571.403687851935
10.024085753444405,8.530651057181123,0.8947189547950498,50.96974373584663,-6571.403687851935
10.024085753444405,8.530651057181123,0.8947189547950498,50.96974373584663,-6571.403687851935
10.721177867808203,7.101579378769529,0.745497051100278,50.729368631935856,-6570.666331081031
10.721177867808203,7.101579378769529,0.745497051100278,50.729368631935856,-6570.666331081031
10.721177867808203,7.101579378769529,0.745497051100278,50.729368631935856,-6570.666331081031
10.721177867808203,7.101579378769529,0.745497051100278,50.729368631935856,-6570.666331081031
10.721177867808203,7.101579378769529,0.745497051100278,50.729368631935856,-6570.666331081031
10.721177867808203,7.101579378769529,0.745497051100278,50.729368631935856,-6570.666331081031
10.721177867808203,7.101579378769529,0.745497051100278,50.729368631935856,-6570.666331081031
10.721177867808203,7.101579378769529,0.745497051100278,50.729368631935856,-6570.666331081031
10.721177867808203,7.101579378769529,0.745497051100278,50.729368631935856,-6570.666331081031
10.71144052185965,7.4951907873137955,0.7089985560391975,50.18306003424941,-6570.587116913451
10.259479551795916,7.474161761533269,0.9751245569905929,49.94626281609713,-6571.581779704313
10.259479551795916,7.474161761533269,0.9751245569905929,49.94626281609713,-6571.581779704313
8.79757580880117,8.69698685385079,0.8804501135484333,49.962517364968576,-6573.214687570526
8.79757580880117,8.69698685385079,0.8804501135484333,49.962517364968576,-6573.214687570526
8.79757580880117,8.69698685385079,0.8804501135484333,49.962517364968576,-6573.214687570526
8.990817249404774,8.777269110713197,0.9890003563889689,49.986094452295305,-6572.4450334297135
8.990817249404774,8.777269110713197,0.9890003563889689,49.986094452295305,-6572.4450334297135
8.990817249404774,8.777269110713197,0.9890003563889689,49.986094452295305,-6572.4450334297135
8.990817249404774,8.777269110713197,0.9890003563889689,49.986094452295305,-6572.4450334297135
8.990817249404774,8.777269110713197,0.9890003563889689,49.986094452295305,-6572.4450334297135
8.990817249404774,8.777269110713197,0.9890003563889689,49.986094452295305,-6572.4450334297135
9.284227989705855,7.562955017555912,0.9705137168671274,50.387642582636225,-6572.537736646116
9.284227989705855,7.562955017555912,0.9705137168671274,50.387642582636225,-6572.537736646116
9.284227989705855,7.562955017555912,0.9705137168671274,50.387642582636225,-6572.537736646116
10.43498253339032,8.614334702137072,0.7760135516595947,50.992839099496734,-6570.974127119192
10.43498253339032,8.614334702137072,0.7760135516595947,50.992839099496734,-6570.974127119192
10.43498253339032,8.614334702137072,0.7760135516595947,50.992839099496734,-6570.974127119192
10.43498253339032,8.614334702137072,0.7760135516595947,50.992839099496734,-6570.974127119192
10.43498253339032,8.614334702137072,0.7760135516595947,50.992839099496734,-6570.974127119192
10.43498253339032,8.614334702137072,0.7760135516595947,50.992839099496734,-6570.974127119192
10.43498253339032,8.614334702137072,0.7760135516595947,50.992839099496734,-6570.974127119192
10.43498253339032,8.614334702137072,0.7760135516595947,50.992839099496734,-6570.974127119192
10.43498253339032,8.614334702137072,0.7760135516595947,50.992839099496734,-6570.974127119192
10.43498253339032,8.614334702137072,0.7760135516595947,50.992839099496734,-6570.974127119192
10.43498253339032,8.614334702137072,0.7760135516595947,50.992839099496734,-6570.974127119192
10.43498253339032,8.614334702137072,0.7760135516595947,50.992839099496734,-6570.974127119192
10.43498253339032,8.614334702137072,0.7760135516595947,50.992839099496734,-6570.974127119192
10.43498253339032,8.614334702137072,0.7760135516595947,50.992839099496734,-6570.974127119192
10.43498253339032,8.614334702137072,0.7760135516595947,50.992839099496734,-6570.974127119192
10.43498253339032,8.614334702137072,0.7760135516595947,50.992839099496734,-6570.974127119192
10.43498253339032,8.614334702137072,0.7760135516595947,50.992839099496734,-6570.974127119192
10.43498253339032,8.614334702137072,0.7760135516595947,50.992839099496734,-6570.974127119192
10.43498253339032,8.614334702137072,0.7760135516595947,50.992839099496734,-6570.974127119192
10.43498253339032,8.614334702137072,0.7760135516595947,50.992839099496734,-6570.974127119192
10.43498253339032,8.614334702137072,0.7760135516595947,50.992839099496734,-6570.974127119192
10.43498253339032,8.614334702137072,0.7760135516595947,50.992839099496734,-6570.974127119192
10.544285155917626,7.459430853755558,0.7616743274217226,50.505080721839676,-6570.324309288794
10.544285155917626,7.459430853755558,0.7616743274217226,50.505080721839676,-6570.324309288794
10.544285155917626,7.459430853755558,0.7616743274217226,50.505080721839676,-6570.324309288794
10.544285155917626,7.459430853755558,0.7616743274217226,50.505080721839676,-6570.324309288794
10.544285155917626,7.459430853755558,0.7616743274217226,50.505080721839676,-6570.324309288794
10.544285155917626,7.459430853755558,0.7616743274217226,50.505080721839676,-6570.324309288794
10.544285155917626,7.459430853755558,0.7616743274217226,50.505080721839676,-6570.324309288794
10.544285155917626,7.459430853755558,0.7616743274217226,50.505080721839676,-6570.324309288794
10.544285155917626,7.459430853755558,0.7616743274217226,50.505080721839676,-6570.324309288794
10.544285155917626,7.459430853755558,0.7616743274217226,50.505080721839676,-6570.324309288794
10.544285155917626,7.459430853755558,0.7616743274217226,50.505080721839676,-6570.324309288794
10.544285155917626,7.459430853755558,0.7616743274217226,50.505080721839676,-6570.324309288794
10.544285155917626,7.459430853755558,0.7616743274217226,50.505080721839676,-6570.324309288794
10.544285155917626,7.459430853755558,0.7616743274217226,50.505080721839676,-6570.324309288794
10.544285155917626,7.459430853755558,0.7616743274217226,50.505080721839676,-6570.324309288794
10.544285155917626,7.459430853755558,0.7616743274217226,50.505080721839676,-6570.324309288794
10.544285155917626,7.459430853755558,0.7616743274217226,50.505080721839676,-6570.324309288794
10.544285155917626,7.459430853755558,0.7616743274217226,50.505080721839676,-6570.324309288794
10.544285155917626,7.459430853755558,0.7616743274217226,50.505080721839676,-6570.324309288794
10.544285155917626,7.459430853755558,0.7616743274217226,50.505080721839676,-6570.324309288794
10.544285155917626,7.459430853755558,0.7616743274217226,50.505080721839676,-6570.324309288794
11.407331495426327,7.937047070241167,0.7155870281113298,50.78278623700749,-6572.014398820542
10.78634701423274,7.166939261031422,0.804829591035497,50.31243630051151,-6570.466940882584
10.78634701423274,7.166939261031422,0.804829591035497,50.31243630051151,-6570.466940882584
10.78634701423274,7.166939261031422,0.804829591035497,50.31243630051151,-6570.466940882584
10.78634701423274,7.166939261031422,0.804829591035497,50.31243630051151,-6570.466940882584
10.78634701423274,7.166939261031422,0.804829591035497,50.31243630051151,-6570.466940882584
10.78634701423274,7.166939261031422,0.804829591035497,50.31243630051151,-6570.466940882584
10.78634701423274,7.166939261031422,0.804829591035497,50.31243630051151,-6570.466940882584
10.78634701423274,7.166939261031422,0.804829591035497,50.31243630051151,-6570.466940882584
10.78634701423274,7.166939261031422,0.804829591035497,50.31243630051151,-6570.466940882584
10.78634701423274,7.166939261031422,0.804829591035497,50.31243630051151,-6570.466940882584
10.78634701423274,7.166939261031422,0.804829591035497,50.31243630051151,-6570.466940882584
10.78634701423274,7.166939261031422,0.804829591035497,50.31243630051151,-6570.466940882584
10.78634701423274,7.166939261031422,0.804829591035497,50.31243630051151,-6570.466940882584
10.78634701423274,7.166939261031422,0.804829591035497,50.31243630051151,-6570.466940882584
9.874763236643952,8.579903734937863,0.7551217294059321,50.45559329622562,-6570.31290814205
9.874763236643952,8.579903734937863,0.7551217294059321,50.45559329622562,-6570.31290814205
9.874763236643952,8.579903734937863,0.7551217294059321,50.45559329622562,-6570.31290814205
9.874763236643952,8.579903734937863,0.7551217294059321,50.45559329622562,-6570.31290814205
9.874763236643952,8.579903734937863,0.7551217294059321,50.45559329622562,-6570.31290814205
10.86671529202261,8.853120249584187,0.5513041719061608,50.38958563340472,-6571.831006604858
9.063425188243615,10.58453985598159,0.6298873337231922,50.24738300498491,-6572.075317089385
9.063425188243615,10.58453985598159,0.6298873337231922,50.24738300498491,-6572.075317089385
9.297996025409574,12.456034563718037,0.5885061079357907,50.085643858972084,-6572.5351288059655
9.297996025409574,12.456034563718037,0.5885061079357907,50.085643858972084,-6572.5351288059655
9.738049463087757,12.148127229139675,0.6524011623935946,50.08740756935608,-6572.903745599573
9.738049463087757,12.148127229139675,0.6524011623935946,50.08740756935608,-6572.903745599573
9.738049463087757,12.148127229139675,0.6524011623935946,50.08740756935608,-6572.903745599573
9.738049463087757,12.148127229139675,0.6524011623935946,50.08740756935608,-6572.903745599573
9.738049463087757,12.148127229139675,0.6524011623935946,50.08740756935608,-6572.903745599573
8.60555741016485,9.391028598836087,0.7422770331133662,50.63362924497867,-6574.555136073661
9.39951807824391,10.384364872992597,0.9662849282361694,49.68113994282879,-6573.4869814519425
9.39951807824391,10.384364872992597,0.9662849282361694,49.68113994282879,-6573.4869814519425
9.39951807824391,10.384364872992597,0.9662849282361694,49.68113994282879,-6573.4869814519425
9.39951807824391,10.384364872992597,0.9662849282361694,49.68113994282879,-6573.4869814519425
9.39951807824391,10.384364872992597,0.9662849282361694,49.68113994282879,-6573.4869814519425
9.39951807824391,10.384364872992597,0.9662849282361694,49.68113994282879,-6573.4869814519425
9.39951807824391,10.384364872992597,0.9662849282361694,49.68113994282879,-6573.4869814519425
9.39951807824391,10.384364872992597,0.9662849282361694,49.68113994282879,-6573.4869814519425
9.39951807824391,10.384364872992597,0.9662849282361694,49.68113994282879,-6573.4869814519425
8.756095592611883,10.84571359768897,0.7961130806329901,50.443608177839124,-6571.615929483124
8.756095592611883,10.84571359768897,0.7961130806329901,50.443608177839124,-6571.615929483124
8.756095592611883,10.84571359768897,0.7961130806329901,50.443608177839124,-6571.615929483124
8.756095592611883,10.84571359768897,0.7961130806329901,50.443608177839124,-6571.615929483124
8.756095592611883,10.84571359768897,0.7961130806329901,50.443608177839124,-6571.615929483124
8.756095592611883,10.84571359768897,0.7961130806329901,50.443608177839124,-6571.615929483124
8.756095592611883,10.84571359768897,0.7961130806329901,50.443608177839124,-6571.615929483124
8.756095592611883,10.84571359768897,0.7961130806329901,50.443608177839124,-6571.615929483124
8.756095592611883,10.84571359768897,0.7961130806329901,50.443608177839124,-6571.615929483124
8.38476131798228,10.764234157360296,0.6962173282872153,50.437322215340025,-6573.878743644497
8.38476131798228,10.764234157360296,0.6962173282872153,50.437322215340025,-6573.878743644497
8.3219011316493,11.3852593472962,0.7021660347765836,50.36326621740392,-6573.314458571362
8.3219011316493,11.3852593472962,0.7021660347765836,50.36326621740392,-6573.314458571362
9.581515306516579,10.96480773195811,0.5607437951758247,50.24625136820388,-6571.882193664484
9.581515306516579,10.96480773195811,0.5607437951758247,50.24625136820388,-6571.882193664484
9.581515306516579,10.96480773195811,0.5607437951758247,50.24625136820388,-6571.882193664484
9.581515306516579,10.96480773195811,0.5607437951758247,50.24625136820388,-6571.882193664484
9.581515306516579,10.96480773195811,0.5607437951758247,50.24625136820388,-6571.882193664484
9.581515306516579,10.96480773195811,0.5607437951758247,50.24625136820388,-6571.882193664484
9.706761351442855,10.320402054087928,0.5670839394602118,49.131065737644306,-6574.449252915916
9.822018026497604,8.79042156287901,0.6268446084642013,49.28382695850955,-6573.847217894212
9.822018026497604,8.79042156287901,0.6268446084642013,49.28382695850955,-6573.847217894212
9.822018026497604,8.79042156287901,0.6268446084642013,49.28382695850955,-6573.847217894212
10.168451861458717,10.90631652359511,0.4737035341745387,50.0976331941235,-6573.393225873471
10.168451861458717,10.90631652359511,0.4737035341745387,50.0976331941235,-6573.393225873471
10.168451861458717,10.90631652359511,0.4737035341745387,50.0976331941235,-6573.393225873471
10.168451861458717,10.90631652359511,0.4737035341745387,50.0976331941235,-6573.393225873471
10.168451861458717,10.90631652359511,0.4737035341745387,50.0976331941235,-6573.393225873471
10.168451861458717,10.90631652359511,0.4737035341745387,50.0976331941235,-6573.393225873471
10.168451861458717,10.90631652359511,0.4737035341745387,50.0976331941235,-6573.393225873471
10.168451861458717,10.90631652359511,0.4737035341745387,50.0976331941235,-6573.393225873471
10.168451861458717,10.90631652359511,0.4737035341745387,50.0976331941235,-6573.393225873471
10.168451861458717,10.90631652359511,0.4737035341745387,50.0976331941235,-6573.393225873471
10.168451861458717,10.90631652359511,0.4737035341745387,50.0976331941235,-6573.393225873471
10.168451861458717,10.90631652359511,0.4737035341745387,50.0976331941235,-6573.393225873471
10.168451861458717,10.90631652359511,0.4737035341745387,50.0976331941235,-6573.393225873471
10.168451861458717,10.90631652359511,0.4737035341745387,50.0976331941235,-6573.393225873471
10.168451861458717,10.90631652359511,0.4737035341745387,50.0976331941235,-6573.393225873471
10.168451861458717,10.90631652359511,0.4737035341745387,50.0976331941235,-6573.393225873471
10.168451861458717,10.90631652359511,0.4737035341745387,50.0976331941235,-6573.393225873471
10.168451861458717,10.90631652359511,0.4737035341745387,50.0976331941235,-6573.393225873471
9.251611892785872,11.450751825404458,0.6407686405157443,50.213295926621015,-6571.4229018196265
9.67275773316674,11.280924502158294,0.5511430271945721,50.35596249726115,-6571.943868971743
9.67275773316674,11.280924502158294,0.5511430271945721,50.35596249726115,-6571.943868971743
9.67275773316674,11.280924502158294,0.5511430271945721,50.35596249726115,-6571.943868971743
9.67275773316674,11.280924502158294,0.5511430271945721,50.35596249726115,-6571.943868971743
10.14671017483899,9.852705182607789,0.6103714711349719,49.998552927477306,-6571.181478692835
10.14671017483899,9.852705182607789,0.6103714711349719,49.998552927477306,-6571.181478692835
10.14671017483899,9.852705182607789,0.6103714711349719,49.998552927477306,-6571.181478692835
10.14671017483899,9.852705182607789,0.6103714711349719,49.998552927477306,-6571.181478692835
10.14671017483899,9.852705182607789,0.6103714711349719,49.998552927477306,-6571.181478692835
10.14671017483899,9.852705182607789,0.6103714711349719,49.998552927477306,-6571.181478692835
10.14671017483899,9.852705182607789,0.6103714711349719,49.998552927477306,-6571.181478692835
10.14671017483899,9.852705182607789,0.6103714711349719,49.998552927477306,-6571.181478692835
10.14671017483899,9.852705182607789,0.6103714711349719,49.998552927477306,-6571.181478692835
10.14671017483899,9.852705182607789,0.6103714711349719,49.998552927477306,-6571.181478692835
10.14671017483899,9.852705182607789,0.6103714711349719,49.998552927477306,-6571.181478692835
10.14671017483899,9.852705182607789,0.6103714711349719,49.998552927477306,-6571.181478692835
10.14671017483899,9.852705182607789,0.6103714711349719,49.998552927477306,-6571.181478692835
9.793324369474782,8.38572044091446,0.8153851125069884,51.18938493976071,-6571.51077043332
9.793324369474782,8.38572044091446,0.8153851125069884,51.18938493976071,-6571.51077043332
9.793324369474782,8.38572044091446,0.8153851125069884,51.18938493976071,-6571.51077043332
11.738528148012154,6.875605730250095,0.7479458522871674,50.78700959995618,-6572.224264311642
11.738528148012154,6.875605730250095,0.7479458522871674,50.78700959995618,-6572.224264311642
11.738528148012154,6.875605730250095,0.7479458522871674,50.78700959995618,-6572.224264311642
10.881012755518983,8.77822432273772,0.5739683635323122,50.61686718702463,-6571.527260045908
10.881012755518983,8.77822432273772,0.5739683635323122,50.61686718702463,-6571.527260045908
10.881012755518983,8.77822432273772,0.5739683635323122,50.61686718702463,-6571.527260045908
10.881012755518983,8.77822432273772,0.5739683635323122,50.61686718702463,-6571.527260045908
10.881012755518983,8.77822432273772,0.5739683635323122,50.61686718702463,-6571.527260045908
10.216258376036352,8.66435269162276,0.5824167019343275,51.25347400632265,-6572.926739147775
10.216258376036352,8.66435269162276,0.5824167019343275,51.25347400632265,-6572.926739147775
10.216258376036352,8.66435269162276,0.5824167019343275,51.25347400632265,-6572.926739147775
10.216258376036352,8.66435269162276,0.5824167019343275,51.25347400632265,-6572.926739147775
10.216258376036352,8.66435269162276,0.5824167019343275,51.25347400632265,-6572.926739147775
11.334235893763065,10.370096758899788,0.5764850999243656,50.79913204463931,-6574.808365091119
10.170788269172625,9.506348982543495,0.5122773516809187,51.21945758352248,-6573.707226289975
10.170788269172625,9.506348982543495,0.5122773516809187,51.21945758352248,-6573.707226289975
10.170788269172625,9.506348982543495,0.5122773516809187,51.21945758352248,-6573.707226289975
11.814638762040866,7.8830307853842,0.7013953556963144,51.33400969105789,-6574.245708092633
11.814638762040866,7.8830307853842,0.7013953556963144,51.33400969105789,-6574.245708092633
11.142061107562137,9.377694824471755,0.6629010133853066,50.29163641017578,-6572.67170155892
11.142061107562137,9.377694824471755,0.6629010133853066,50.29163641017578,-6572.67170155892
11.142061107562137,9.377694824471755,0.6629010133853066,50.29163641017578,-6572.67170155892
11.142061107562137,9.377694824471755,0.6629010133853066,50.29163641017578,-6572.67170155892
11.142061107562137,9.377694824471755,0.6629010133853066,50.29163641017578,-6572.67170155892
11.142061107562137,9.377694824471755,0.6629010133853066,50.29163641017578,-6572.67170155892
11.71467528644436,5.3258488077276,0.8439608181140912,50.21373680843931,-6572.015682882689
11.71467528644436,5.3258488077276,0.8439608181140912,50.21373680843931,-6572.015682882689
12.000404963789174,5.111043750562516,0.802294797458591,50.725512497591694,-6572.43343444884
11.432707972797422,6.311344353829547,0.7951233124745511,50.59919511788093,-6571.267690953176
11.432707972797422,6.311344353829547,0.7951233124745511,50.59919511788093,-6571.267690953176
11.432707972797422,6.311344353829547,0.7951233124745511,50.59919511788093,-6571.267690953176
11.432707972797422,6.311344353829547,0.7951233124745511,50.59919511788093,-6571.267690953176
11.353202297504462,5.171957186712345,0.9320164754937688,50.13513521314758,-6572.099812517359
10.396085815909025,6.6745766286426145,0.9513140255651807,49.666697829719,-6571.852159389012
10.46057621783035,6.210190843237909,0.8183336119355917,50.147362890303526,-6571.607046034923
10.46057621783035,6.210190843237909,0.8183336119355917,50.147362890303526,-6571.607046034923
10.46057621783035,6.210190843237909,0.8183336119355917,50.147362890303526,-6571.607046034923
10.46057621783035,6.210190843237909,0.8183336119355917,50.147362890303526,-6571.607046034923
10.46057621783035,6.210190843237909,0.8183336119355917,50.147362890303526,-6571.607046034923
10.898448396633253,7.218392865460679,0.7133840720874359,50.433359412668814,-6570.603521714301
10.898448396633253,7.218392865460679,0.7133840720874359,50.433359412668814,-6570.603521714301
10.898448396633253,7.218392865460679,0.7133840720874359,50.433359412668814,-6570.603521714301
10.898448396633253,7.218392865460679,0.7133840720874359,50.433359412668814,-6570.603521714301
10.898448396633253,7.218392865460679,0.7133840720874359,50.433359412668814,-6570.603521714301
10.898448396633253,7.218392865460679,0.7133840720874359,50.433359412668814,-6570.603521714301
10.898448396633253,7.218392865460679,0.7133840720874359,50.433359412668814,-6570.603521714301
10.898448396633253,7.218392865460679,0.7133840720874359,50.433359412668814,-6570.603521714301
10.898448396633253,7.218392865460679,0.7133840720874359,50.433359412668814,-6570.603521714301
10.898448396633253,7.218392865460679,0.7133840720874359,50.433359412668814,-6570.603521714301
10.577503150296518,7.959541736449679,0.665538499882456,50.47906607044531,-6570.645632865566
10.577503150296518,7.959541736449679,0.665538499882456,50.47906607044531,-6570.645632865566
10.577503150296518,7.959541736449679,0.665538499882456,50.47906607044531,-6570.645632865566
10.577503150296518,7.959541736449679,0.665538499882456,50.47906607044531,-6570.645632865566
10.630824164896215,9.169342940180226,0.7664169310129771,50.440842510289094,-6571.430558344326
10.630824164896215,9.169342940180226,0.7664169310129771,50.440842510289094,-6571.430558344326
10.630824164896215,9.169342940180226,0.7664169310129771,50.440842510289094,-6571.430558344326
10.630824164896215,9.169342940180226,0.7664169310129771,50.440842510289094,-6571.430558344326
10.630824164896215,9.169342940180226,0.7664169310129771,50.440842510289094,-6571.430558344326
10.630824164896215,9.169342940180226,0.7664169310129771,50.440842510289094,-6571.430558344326
10.630824164896215,9.169342940180226,0.7664169310129771,50.440842510289094,-6571.430558344326
11.178511887612645,7.473627620006159,0.8231884607034284,50.27970005138752,-6571.58996498743
11.178511887612645,7.473627620006159,0.8231884607034284,50.27970005138752,-6571.58996498743
11.178511887612645,7.473627620006159,0.8231884607034284,50.27970005138752,-6571.58996498743
11.601695472145924,6.573965060319847,0.6402483941716413,50.83955095312663,-6572.032917754186
11.601695472145924,6.573965060319847,0.6402483941716413,50.83955095312663,-6572.032917754186
11.601695472145924,6.573965060319847,0.6402483941716413,50.83955095312663,-6572.032917754186
11.601695472145924,6.573965060319847,0.6402483941716413,50.83955095312663,-6572.032917754186
11.601695472145924,6.573965060319847,0.6402483941716413,50.83955095312663,-6572.032917754186
11.601695472145924,6.573965060319847,0.6402483941716413,50.83955095312663,-6572.032917754186
11.601695472145924,6.573965060319847,0.6402483941716413,50.83955095312663,-6572.032917754186
11.601695472145924,6.573965060319847,0.6402483941716413,50.83955095312663,-6572.032917754186
11.601695472145924,6.573965060319847,0.6402483941716413,50.83955095312663,-6572.032917754186
11.706188117401668,7.423903385358487,0.6546760382547984,50.76148746808904,-6572.182830970145
11.706188117401668,7.423903385358487,0.6546760382547984,50.76148746808904,-6572.182830970145
11.706188117401668,7.423903385358487,0.6546760382547984,50.76148746808904,-6572.182830970145
11.159541920637091,7.812582700239971,0.776065243166369,50.93178866678607,-6571.76186918967
10.337096916855524,7.682833764391724,0.8188877661896501,50.807972094395886,-6570.5471876853335
10.337096916855524,7.682833764391724,0.8188877661896501,50.807972094395886,-6570.5471876853335
10.337096916855524,7.682833764391724,0.8188877661896501,50.807972094395886,-6570.5471876853335
10.62353501358729,9.75045662307434,0.6432340929820868,51.13176845972207,-6572.0302385510595
10.62353501358729,9.75045662307434,0.6432340929820868,51.13176845972207,-6572.0302385510595
9.677475014224036,10.09337586079504,0.558035433118869,50.84065443298216,-6572.426435449941
9.677475014224036,10.09337586079504,0.558035433118869,50.84065443298216,-6572.426435449941
9.677475014224036,10.09337586079504,0.558035433118869,50.84065443298216,-6572.426435449941
10.239124500454947,8.887591280322463,0.5468791568269089,50.019812904190275,-6572.752790055487
10.239124500454947,8.887591280322463,0.5468791568269089,50.019812904190275,-6572.752790055487
10.543082613581198,10.10778659787277,0.614447300403483,49.92990832645207,-6571.9841375871965
10.543082613581198,10.10778659787277,0.614447300403483,49.92990832645207,-6571.9841375871965
9.468724573841165,11.239266347601639,0.5839526684419599,49.95433226781725,-6571.963062277562
9.468724573841165,11.239266347601639,0.5839526684419599,49.95433226781725,-6571.963062277562
9.070492128127293,10.975415706852155,0.6473573796650538,50.29607559061159,-6571.560571681405
9.070492128127293,10.975415706852155,0.6473573796650538,50.29607559061159,-6571.560571681405
9.070492128127293,10.975415706852155,0.6473573796650538,50.29607559061159,-6571.560571681405
9.070492128127293,10.975415706852155,0.6473573796650538,50.29607559061159,-6571.560571681405
9.560521687075749,10.973970330607267,0.7199192025292229,50.34430261996455,-6571.08930718644
9.560521687075749,10.973970330607267,0.7199192025292229,50.34430261996455,-6571.08930718644
8.919053235331065,10.297566114454698,0.7506923034887705,50.991829512418896,-6572.166553690813
9.434892469903613,10.193539436971108,0.7363126142324521,51.21814856243108,-6571.771337096479
9.434892469903613,10.193539436971108,0.7363126142324521,51.21814856243108,-6571.771337096479
9.434892469903613,10.193539436971108,0.7363126142324521,51.21814856243108,-6571.771337096479
9.434892469903613,10.193539436971108,0.7363126142324521,51.21814856243108,-6571.771337096479
9.434892469903613,10.193539436971108,0.7363126142324521,51.21814856243108,-6571.771337096479
9.434892469903613,10.193539436971108,0.7363126142324521,51.21814856243108,-6571.771337096479
9.434892469903613,10.193539436971108,0.7363126142324521,51.21814856243108,-6571.771337096479
9.434892469903613,10.193539436971108,0.7363126142324521,51.21814856243108,-6571.771337096479
9.434892469903613,10.193539436971108,0.7363126142324521,51.21814856243108,-6571.771337096479
9.434892469903613,10.193539436971108,0.7363126142324521,51.21814856243108,-6571.771337096479
9.434892469903613,10.193539436971108,0.7363126142324521,51.21814856243108,-6571.771337096479
9.434892469903613,10.193539436971108,0.7363126142324521,51.21814856243108,-6571.771337096479
9.434892469903613,10.193539436971108,0.7363126142324521,51.21814856243108,-6571.771337096479
9.434892469903613,10.193539436971108,0.7363126142324521,51.21814856243108,-6571.771337096479
9.434892469903613,10.193539436971108,0.7363126142324521,51.21814856243108,-6571.771337096479
9.434892469903613,10.193539436971108,0.7363126142324521,51.21814856243108,-6571.771337096479
9.434892469903613,10.193539436971108,0.7363126142324521,51.21814856243108,-6571.771337096479
9.152297831645456,10.660623114507553,0.9394336828607103,50.84936302399977,-6573.02475530984
9.152297831645456,10.660623114507553,0.9394336828607103,50.84936302399977,-6573.02475530984
9.152297831645456,10.660623114507553,0.9394336828607103,50.84936302399977,-6573.02475530984
9.152297831645456,10.660623114507553,0.9394336828607103,50.84936302399977,-6573.02475530984
9.152297831645456,10.660623114507553,0.9394336828607103,50.84936302399977,-6573.02475530984
8.399907459708416,12.141207324477977,1.0248265797476908,50.82670407029173,-6575.971205470141
8.196629211454052,13.75070047293579,0.8312425793490104,50.2279786021044,-6574.912175820262
8.196629211454052,13.75070047293579,0.8312425793490104,50.2279786021044,-6574.912175820262
8.196629211454052,13.75070047293579,0.8312425793490104,50.2279786021044,-6574.912175820262
8.373465411193667,10.73393665208678,0.9260634369110524,49.66210550324237,-6573.549606016624
8.373465411193667,10.73393665208678,0.9260634369110524,49.66210550324237,-6573.549606016624
8.373465411193667,10.73393665208678,0.9260634369110524,49.66210550324237,-6573.549606016624
8.373465411193667,10.73393665208678,0.9260634369110524,49.66210550324237,-6573.549606016624
8.373465411193667,10.73393665208678,0.9260634369110524,49.66210550324237,-6573.549606016624
8.373465411193667,10.73393665208678,0.9260634369110524,49.66210550324237,-6573.549606016624
8.373465411193667,10.73393665208678,0.9260634369110524,49.66210550324237,-6573.549606016624
8.373465411193667,10.73393665208678,0.9260634369110524,49.66210550324237,-6573.549606016624
8.373465411193667,10.73393665208678,0.9260634369110524,49.66210550324237,-6573.549606016624
8.373465411193667,10.73393665208678,0.9260634369110524,49.66210550324237,-6573.549606016624
8.225783283225782,11.226520471922607,0.9006367368251319,49.34006964253618,-6574.593701610485
8.225783283225782,11.226520471922607,0.9006367368251319,49.34006964253618,-6574.593701610485
8.225783283225782,11.226520471922607,0.9006367368251319,49.34006964253618,-6574.593701610485
8.394384558723456,10.70355507495262,1.031933376471994,49.63617423492516,-6574.535275041731
9.508213895260235,10.005989405694972,1.0283578118812589,49.7406955336793,-6574.150092562967
9.508213895260235,10.005989405694972,1.0283578118812589,49.7406955336793,-6574.150092562967
9.508213895260235,10.005989405694972,1.0283578118812589,49.7406955336793,-6574.150092562967
9.508213895260235,10.005989405694972,1.0283578118812589,49.7406955336793,-6574.150092562967
10.298490199484926,4.7687784471164605,1.2894740203424018,49.94339537750203,-6576.471689262177
10.811584618020248,6.181129979857644,1.3121599980998917,49.66697891397172,-6578.476576692594
10.811584618020248,6.181129979857644,1.3121599980998917,49.66697891397172,-6578.476576692594
10.11479548163384,4.508627213110036,1.088566570803812,49.779305343338,-6576.44174927046
10.903826379141421,6.668918199269365,1.1508909761536397,49.73528017956567,-6575.723074339474
10.810652870534037,7.190191382239851,1.0200412959134502,49.19908375081565,-6574.829188954006
11.270442753582786,4.586065600675536,0.9939388964789486,49.15473986228587,-6575.051376217178
11.270442753582786,4.586065600675536,0.9939388964789486,49.15473986228587,-6575.051376217178
10.631613394960974,6.270962622404964,1.0376360412210368,49.51850625232672,-6573.176236343095
10.113817431019443,7.391538220449069,1.1101900828544713,50.129532587663896,-6573.1974057419175
10.113817431019443,7.391538220449069,1.1101900828544713,50.129532587663896,-6573.1974057419175
10.020751602026223,6.826612925945873,0.965745678944041,50.47165610716858,-6571.473888948421
10.020751602026223,6.826612925945873,0.965745678944041,50.47165610716858,-6571.473888948421
10.020751602026223,6.826612925945873,0.965745678944041,50.47165610716858,-6571.473888948421
10.020751602026223,6.826612925945873,0.965745678944041,50.47165610716858,-6571.473888948421
10.020751602026223,6.826612925945873,0.965745678944041,50.47165610716858,-6571.473888948421
10.020751602026223,6.826612925945873,0.965745678944041,50.47165610716858,-6571.473888948421
10.322143824750732,6.122634555344433,1.0800024954636576,50.69485235634281,-6572.787508635639
10.834079013556336,4.937251071128775,1.0555674571445182,50.06531137136218,-6573.091563624498
10.834079013556336,4.937251071128775,1.0555674571445182,50.06531137136218,-6573.091563624498
10.834079013556336,4.937251071128775,1.0555674571445182,50.06531137136218,-6573.091563624498
10.834079013556336,4.937251071128775,1.0555674571445182,50.06531137136218,-6573.091563624498
10.834079013556336,4.937251071128775,1.0555674571445182,50.06531137136218,-6573.091563624498
10.834079013556336,4.937251071128775,1.0555674571445182,50.06531137136218,-6573.091563624498
10.834079013556336,4.937251071128775,1.0555674571445182,50.06531137136218,-6573.091563624498
10.834079013556336,4.937251071128775,1.0555674571445182,50.06531137136218,-6573.091563624498
10.834079013556336,4.937251071128775,1.0555674571445182,50.06531137136218,-6573.091563624498
10.834079013556336,4.937251071128775,1.0555674571445182,50.06531137136218,-6573.091563624498
10.834079013556336,4.937251071128775,1.0555674571445182,50.06531137136218,-6573.091563624498
10.916279853767378,5.180301649078819,1.0129459033797938,50.45533591945226,-6572.38925246253
10.916279853767378,5.180301649078819,1.0129459033797938,50.45533591945226,-6572.38925246253
10.916279853767378,5.180301649078819,1.0129459033797938,50.45533591945226,-6572.38925246253
10.916279853767378,5.180301649078819,1.0129459033797938,50.45533591945226,-6572.38925246253
10.916279853767378,5.180301649078819,1.0129459033797938,50.45533591945226,-6572.38925246253
11.48280417042268,6.428183038867573,0.8097039339930004,49.65176990281182,-6572.348678091662
11.48280417042268,6.428183038867573,0.8097039339930004,49.65176990281182,-6572.348678091662
9.596760187898408,7.988991358860493,0.9013749448024664,49.3508931295565,-6572.510128285681
9.708203363693467,7.938749522883034,0.9537162728218158,49.6169734632946,-6571.8951652879805
10.269906258018992,7.187524148786702,0.8874065098650493,49.73270916874982,-6571.218675450278
10.269906258018992,7.187524148786702,0.8874065098650493,49.73270916874982,-6571.218675450278
10.269906258018992,7.187524148786702,0.8874065098650493,49.73270916874982,-6571.218675450278
10.269906258018992,7.187524148786702,0.8874065098650493,49.73270916874982,-6571.218675450278
10.269906258018992,7.187524148786702,0.8874065098650493,49.73270916874982,-6571.218675450278
10.269906258018992,7.187524148786702,0.8874065098650493,49.73270916874982,-6571.218675450278
10.3297715818143,5.94791526134391,0.7733937490629891,50.174403773013736,-6573.273217829829
10.3297715818143,5.94791526134391,0.7733937490629891,50.174403773013736,-6573.273217829829
10.3297715818143,5.94791526134391,0.7733937490629891,50.174403773013736,-6573.273217829829
10.3297715818143,5.94791526134391,0.7733937490629891,50.174403773013736,-6573.273217829829
10.3297715818143,5.94791526134391,0.7733937490629891,50.174403773013736,-6573.273217829829
10.12674022563705,7.356755738153909,0.895987799570315,50.65523738865003,-6570.8219053507855
10.12674022563705,7.356755738153909,0.895987799570315,50.65523738865003,-6570.8219053507855
11.564743167618962,6.174439207489176,0.7354057404490517,50.170870261428576,-6571.527771436529
11.564743167618962,6.174439207489176,0.7354057404490517,50.170870261428576,-6571.527771436529
11.564743167618962,6.174439207489176,0.7354057404490517,50.170870261428576,-6571.527771436529
11.564743167618962,6.174439207489176,0.7354057404490517,50.170870261428576,-6571.527771436529
11.564743167618962,6.174439207489176,0.7354057404490517,50.170870261428576,-6571.527771436529
11.564743167618962,6.174439207489176,0.7354057404490517,50.170870261428576,-6571.527771436529
11.564743167618962,6.174439207489176,0.7354057404490517,50.170870261428576,-6571.527771436529
11.675262063766795,6.220904867214561,0.6782521969787203,49.64634766289075,-6572.866968167043
11.675262063766795,6.220904867214561,0.6782521969787203,49.64634766289075,-6572.866968167043
11.675262063766795,6.220904867214561,0.6782521969787203,49.64634766289075,-6572.866968167043
10.581582541650524,7.243649154317065,0.8111806992799345,49.530144978013894,-6571.480238576128
10.581582541650524,7.243649154317065,0.8111806992799345,49.530144978013894,-6571.480238576128
10.581582541650524,7.243649154317065,0.8111806992799345,49.530144978013894,-6571.480238576128
10.581582541650524,7.243649154317065,0.8111806992799345,49.530144978013894,-6571.480238576128
10.581582541650524,7.243649154317065,0.8111806992799345,49.530144978013894,-6571.480238576128
11.375480375742434,6.267664918199915,0.7709789048488753,49.60408741075926,-6572.160140214695
11.375480375742434,6.267664918199915,0.7709789048488753,49.60408741075926,-6572.160140214695
11.375480375742434,6.267664918199915,0.7709789048488753,49.60408741075926,-6572.160140214695
11.375480375742434,6.267664918199915,0.7709789048488753,49.60408741075926,-6572.160140214695
11.375480375742434,6.267664918199915,0.7709789048488753,49.60408741075926,-6572.160140214695
11.375480375742434,6.267664918199915,0.7709789048488753,49.60408741075926,-6572.160140214695
11.375480375742434,6.267664918199915,0.7709789048488753,49.60408741075926,-6572.160140214695
11.375480375742434,6.267664918199915,0.7709789048488753,49.60408741075926,-6572.160140214695
11.375480375742434,6.267664918199915,0.7709789048488753,49.60408741075926,-6572.160140214695
11.375480375742434,6.267664918199915,0.7709789048488753,49.60408741075926,-6572.160140214695
11.375480375742434,6.267664918199915,0.7709789048488753,49.60408741075926,-6572.160140214695
11.375480375742434,6.267664918199915,0.7709789048488753,49.60408741075926,-6572.160140214695
11.375480375742434,6.267664918199915,0.7709789048488753,49.60408741075926,-6572.160140214695
11.375480375742434,6.267664918199915,0.7709789048488753,49.60408741075926,-6572.160140214695
11.375480375742434,6.267664918199915,0.7709789048488753,49.60408741075926,-6572.160140214695
11.206116598915823,6.953268603227937,0.6284778727296302,49.745236945776696,-6572.507863539811
11.322227599812061,7.0596839290722055,0.6660263473340995,50.241960299320596,-6571.291042492099
11.322227599812061,7.0596839290722055,0.6660263473340995,50.241960299320596,-6571.291042492099
11.322227599812061,7.0596839290722055,0.6660263473340995,50.241960299320596,-6571.291042492099
11.322227599812061,7.0596839290722055,0.6660263473340995,50.241960299320596,-6571.291042492099
11.322227599812061,7.0596839290722055,0.6660263473340995,50.241960299320596,-6571.291042492099
11.322227599812061,7.0596839290722055,0.6660263473340995,50.241960299320596,-6571.291042492099
11.036858834195597,7.750186566832439,0.5359934888426234,51.250595834853,-6573.674852328704
11.036858834195597,7.750186566832439,0.5359934888426234,51.250595834853,-6573.674852328704
11.036858834195597,7.750186566832439,0.5359934888426234,51.250595834853,-6573.674852328704
11.036858834195597,7.750186566832439,0.5359934888426234,51.250595834853,-6573.674852328704
12.353076888199494,5.961928070143332,0.7244296102761392,51.07651622308719,-6573.742020919455
12.353076888199494,5.961928070143332,0.7244296102761392,51.07651622308719,-6573.742020919455
12.353076888199494,5.961928070143332,0.7244296102761392,51.07651622308719,-6573.742020919455
11.174210737372107,8.066671372949724,0.778067121904927,50.915405261136904,-6572.1221232301405
11.174210737372107,8.066671372949724,0.778067121904927,50.915405261136904,-6572.1221232301405
11.174210737372107,8.066671372949724,0.778067121904927,50.915405261136904,-6572.1221232301405
11.174210737372107,8.066671372949724,0.778067121904927,50.915405261136904,-6572.1221232301405
11.174210737372107,8.066671372949724,0.778067121904927,50.915405261136904,-6572.1221232301405
11.127854452754184,9.837560325511202,0.7296168714890078,51.354823262585995,-6575.411992576866
10.198965181317842,9.668851650847635,1.0110882323662977,50.93916789561301,-6575.634224734082
10.198965181317842,9.668851650847635,1.0110882323662977,50.93916789561301,-6575.634224734082
10.34443746042059,10.077149813958819,1.0245204753819936,50.65849888756247,-6577.375071012918
10.965264488303935,9.989844031085847,0.8661708871886702,49.93587701627232,-6576.896414735449
12.028617827399241,6.636070171549364,0.7370563562160828,49.969165691565294,-6573.2068917096585
12.028617827399241,6.636070171549364,0.7370563562160828,49.969165691565294,-6573.2068917096585
12.028617827399241,6.636070171549364,0.7370563562160828,49.969165691565294,-6573.2068917096585
12.028617827399241,6.636070171549364,0.7370563562160828,49.969165691565294,-6573.2068917096585
12.028617827399241,6.636070171549364,0.7370563562160828,49.969165691565294,-6573.2068917096585
12.028617827399241,6.636070171549364,0.7370563562160828,49.969165691565294,-6573.2068917096585
12.028617827399241,6.636070171549364,0.7370563562160828,49.969165691565294,-6573.2068917096585
12.028617827399241,6.636070171549364,0.7370563562160828,49.969165691565294,-6573.2068917096585
10.945893867941297,5.6234604195089695,0.7747256942433693,50.06243659027322,-6572.130475115303
10.945893867941297,5.6234604195089695,0.7747256942433693,50.06243659027322,-6572.130475115303
10.945893867941297,5.6234604195089695,0.7747256942433693,50.06243659027322,-6572.130475115303
10.945893867941297,5.6234604195089695,0.7747256942433693,50.06243659027322,-6572.130475115303
10.945893867941297,5.6234604195089695,0.7747256942433693,50.06243659027322,-6572.130475115303
10.945893867941297,5.6234604195089695,0.7747256942433693,50.06243659027322,-6572.130475115303
10.945893867941297,5.6234604195089695,0.7747256942433693,50.06243659027322,-6572.130475115303
10.945893867941297,5.6234604195089695,0.7747256942433693,50.06243659027322,-6572.130475115303
10.945893867941297,5.6234604195089695,0.7747256942433693,50.06243659027322,-6572.130475115303
11.657963632794058,5.616625338212033,0.9540967009308616,50.16990843832745,-6573.047226757824
10.91525697785943,7.180099308119423,0.8714821046782428,50.91196559292126,-6571.499885997893
10.91525697785943,7.180099308119423,0.8714821046782428,50.91196559292126,-6571.499885997893
10.91525697785943,7.180099308119423,0.8714821046782428,50.91196559292126,-6571.499885997893
10.91525697785943,7.180099308119423,0.8714821046782428,50.91196559292126,-6571.499885997893
10.91525697785943,7.180099308119423,0.8714821046782428,50.91196559292126,-6571.499885997893
10.91525697785943,7.180099308119423,0.8714821046782428,50.91196559292126,-6571.499885997893
10.91525697785943,7.180099308119423,0.8714821046782428,50.91196559292126,-6571.499885997893
10.337570456037762,6.261024454566512,0.9505987753156295,50.38548876003319,-6571.457182187955
10.337570456037762,6.261024454566512,0.9505987753156295,50.38548876003319,-6571.457182187955
10.337570456037762,6.261024454566512,0.9505987753156295,50.38548876003319,-6571.457182187955
10.337570456037762,6.261024454566512,0.9505987753156295,50.38548876003319,-6571.457182187955
10.342830664117004,5.903673501911071,0.967745738476287,50.60964988472951,-6572.023456451378
10.342830664117004,5.903673501911071,0.967745738476287,50.60964988472951,-6572.023456451378
10.342830664117004,5.903673501911071,0.967745738476287,50.60964988472951,-6572.023456451378
10.342830664117004,5.903673501911071,0.967745738476287,50.60964988472951,-6572.023456451378
10.342830664117004,5.903673501911071,0.967745738476287,50.60964988472951,-6572.023456451378
10.393648551605398,9.358171376009539,0.7005892087248673,50.49084069798692,-6570.631632534354
10.393648551605398,9.358171376009539,0.7005892087248673,50.49084069798692,-6570.631632534354
10.393648551605398,9.358171376009539,0.7005892087248673,50.49084069798692,-6570.631632534354
10.393648551605398,9.358171376009539,0.7005892087248673,50.49084069798692,-6570.631632534354
9.654832065849693,8.610185273181434,0.7499095459422327,50.87997771090419,-6571.172813498893
9.654832065849693,8.610185273181434,0.7499095459422327,50.87997771090419,-6571.172813498893
9.654832065849693,8.610185273181434,0.7499095459422327,50.87997771090419,-6571.172813498893
9.654832065849693,8.610185273181434,0.7499095459422327,50.87997771090419,-6571.172813498893
9.654832065849693,8.610185273181434,0.7499095459422327,50.87997771090419,-6571.172813498893
11.235315778652538,7.801473913474079,0.6614867678881255,50.91599998380966,-6571.438684434931
11.235315778652538,7.801473913474079,0.6614867678881255,50.91599998380966,-6571.438684434931
11.235315778652538,7.801473913474079,0.6614867678881255,50.91599998380966,-6571.438684434931
11.235315778652538,7.801473913474079,0.6614867678881255,50.91599998380966,-6571.438684434931
11.235315778652538,7.801473913474079,0.6614867678881255,50.91599998380966,-6571.438684434931
11.235315778652538,7.801473913474079,0.6614867678881255,50.91599998380966,-6571.438684434931
11.235315778652538,7.801473913474079,0.6614867678881255,50.91599998380966,-6571.438684434931
11.235315778652538,7.801473913474079,0.6614867678881255,50.91599998380966,-6571.438684434931
11.235315778652538,7.801473913474079,0.6614867678881255,50.91599998380966,-6571.438684434931
11.235315778652538,7.801473913474079,0.6614867678881255,50.91599998380966,-6571.438684434931
11.235315778652538,7.801473913474079,0.6614867678881255,50.91599998380966,-6571.438684434931
11.618921571674806,7.973235925795364,0.547136658590051,50.44945677165461,-6572.765670465881
11.618921571674806,7.973235925795364,0.547136658590051,50.44945677165461,-6572.765670465881
11.618921571674806,7.973235925795364,0.547136658590051,50.44945677165461,-6572.765670465881
11.618921571674806,7.973235925795364,0.547136658590051,50.44945677165461,-6572.765670465881
11.618921571674806,7.973235925795364,0.547136658590051,50.44945677165461,-6572.765670465881
10.128735279858812,7.951148614453286,0.6952533331700748,50.501745695089554,-6570.933459463678
10.128735279858812,7.951148614453286,0.6952533331700748,50.501745695089554,-6570.933459463678
10.660684067707455,6.9961955600080925,0.8284170005016723,51.0384229891213,-6571.109023626328
10.660684067707455,6.9961955600080925,0.8284170005016723,51.0384229891213,-6571.109023626328
10.660684067707455,6.9961955600080925,0.8284170005016723,51.0384229891213,-6571.109023626328
10.660684067707455,6.9961955600080925,0.8284170005016723,51.0384229891213,-6571.109023626328
10.660684067707455,6.9961955600080925,0.8284170005016723,51.0384229891213,-6571.109023626328
10.660684067707455,6.9961955600080925,0.8284170005016723,51.0384229891213,-6571.109023626328
10.660684067707455,6.9961955600080925,0.8284170005016723,51.0384229891213,-6571.109023626328
10.660684067707455,6.9961955600080925,0.8284170005016723,51.0384229891213,-6571.109023626328
10.660684067707455,6.9961955600080925,0.8284170005016723,51.0384229891213,-6571.109023626328
10.660684067707455,6.9961955600080925,0.8284170005016723,51.0384229891213,-6571.109023626328
10.660684067707455,6.9961955600080925,0.8284170005016723,51.0384229891213,-6571.109023626328
10.660684067707455,6.9961955600080925,0.8284170005016723,51.0384229891213,-6571.109023626328
10.660684067707455,6.9961955600080925,0.8284170005016723,51.0384229891213,-6571.109023626328
10.660684067707455,6.9961955600080925,0.8284170005016723,51.0384229891213,-6571.109023626328
10.660684067707455,6.9961955600080925,0.8284170005016723,51.0384229891213,-6571.109023626328
10.660684067707455,6.9961955600080925,0.8284170005016723,51.0384229891213,-6571.109023626328
10.660684067707455,6.9961955600080925,0.8284170005016723,51.0384229891213,-6571.109023626328
10.660684067707455,6.9961955600080925,0.8284170005016723,51.0384229891213,-6571.109023626328
10.660684067707455,6.9961955600080925,0.8284170005016723,51.0384229891213,-6571.109023626328
10.448751009616954,8.29114919693195,0.8117063354538465,50.995998368619674,-6571.028781583005
10.448751009616954,8.29114919693195,0.8117063354538465,50.995998368619674,-6571.028781583005
10.448751009616954,8.29114919693195,0.8117063354538465,50.995998368619674,-6571.028781583005
10.448751009616954,8.29114919693195,0.8117063354538465,50.995998368619674,-6571.028781583005
10.448751009616954,8.29114919693195,0.8117063354538465,50.995998368619674,-6571.028781583005
10.448751009616954,8.29114919693195,0.8117063354538465,50.995998368619674,-6571.028781583005
10.448751009616954,8.29114919693195,0.8117063354538465,50.995998368619674,-6571.028781583005
10.448751009616954,8.29114919693195,0.8117063354538465,50.995998368619674,-6571.028781583005
10.448751009616954,8.29114919693195,0.8117063354538465,50.995998368619674,-6571.028781583005
10.448751009616954,8.29114919693195,0.8117063354538465,50.995998368619674,-6571.028781583005
10.448751009616954,8.29114919693195,0.8117063354538465,50.995998368619674,-6571.028781583005
10.117401139120682,9.131745565060028,0.6941763846636971,50.81861906549546,-6570.544477225549
10.781674765450937,7.398563198593807,0.8566430148084812,50.16921867414284,-6570.89862829077
10.781674765450937,7.398563198593807,0.8566430148084812,50.16921867414284,-6570.89862829077
11.231299810305828,6.32829486684087,0.9221314852888418,50.30171941167948,-6571.8517989427
11.231299810305828,6.32829486684087,0.9221314852888418,50.30171941167948,-6571.8517989427
11.231299810305828,6.32829486684087,0.9221314852888418,50.30171941167948,-6571.8517989427
11.231299810305828,6.32829486684087,0.9221314852888418,50.30171941167948,-6571.8517989427
11.231299810305828,6.32829486684087,0.9221314852888418,50.30171941167948,-6571.8517989427
11.231299810305828,6.32829486684087,0.9221314852888418,50.30171941167948,-6571.8517989427
11.231299810305828,6.32829486684087,0.9221314852888418,50.30171941167948,-6571.8517989427
11.231299810305828,6.32829486684087,0.9221314852888418,50.30171941167948,-6571.8517989427
11.231299810305828,6.32829486684087,0.9221314852888418,50.30171941167948,-6571.8517989427
11.511176350516088,6.922205934664741,0.8434975176953408,50.08155847998975,-6572.466140314982
11.511176350516088,6.922205934664741,0.8434975176953408,50.08155847998975,-6572.466140314982
11.511176350516088,6.922205934664741,0.8434975176953408,50.08155847998975,-6572.466140314982
10.699027828581825,6.6726233178497365,0.7870355255412769,50.252564329649935,-6570.715975412961
10.699027828581825,6.6726233178497365,0.7870355255412769,50.252564329649935,-6570.715975412961
10.699027828581825,6.6726233178497365,0.7870355255412769,50.252564329649935,-6570.715975412961
10.699027828581825,6.6726233178497365,0.7870355255412769,50.252564329649935,-6570.715975412961
10.699027828581825,6.6726233178497365,0.7870355255412769,50.252564329649935,-6570.715975412961
11.019708998553671,6.2815988297826175,0.8038959496571051,51.24676281183661,-6571.878373441095
11.04646303338337,7.118961784400588,0.6574072233737093,51.45233619969349,-6572.636656362312
11.04646303338337,7.118961784400588,0.6574072233737093,51.45233619969349,-6572.636656362312
11.04646303338337,7.118961784400588,0.6574072233737093,51.45233619969349,-6572.636656362312
11.416697929823625,8.821802312153768,0.6461685956198444,50.945460087419555,-6572.946967415195
10.166077884519316,9.227311986633664,0.6361855284479283,50.59441317721344,-6570.682079334707
10.166077884519316,9.227311986633664,0.6361855284479283,50.59441317721344,-6570.682079334707
10.32964816390322,7.5814191442028545,0.7722776101186278,49.66227821374226,-6571.145686031407
9.846746899697031,8.340009426895456,0.9038366654939494,49.73037107478518,-6571.237245518487
9.306957615457465,10.9158835998088,0.8874593131064199,49.74033349633357,-6572.8016194077645
9.437028617995782,11.324296588627176,0.815936164990069,49.79372145843762,-6572.671835402014
10.847229180954923,7.16834005156683,0.7665060839933033,49.34043278551082,-6572.206971930929
10.847229180954923,7.16834005156683,0.7665060839933033,49.34043278551082,-6572.206971930929
10.847229180954923,7.16834005156683,0.7665060839933033,49.34043278551082,-6572.206971930929
10.847229180954923,7.16834005156683,0.7665060839933033,49.34043278551082,-6572.206971930929
10.847229180954923,7.16834005156683,0.7665060839933033,49.34043278551082,-6572.206971930929
10.847229180954923,7.16834005156683,0.7665060839933033,49.34043278551082,-6572.206971930929
10.305707121094516,8.617544012322986,0.7345836350296255,49.235796863542475,-6572.225841484903
10.305707121094516,8.617544012322986,0.7345836350296255,49.235796863542475,-6572.225841484903
9.300347766658641,11.28089752301558,0.7856896010800052,49.99614204922214,-6571.785701476351
9.578997365971262,11.73419642431937,0.8035567980198552,49.95454472880808,-6573.453094950942
9.578997365971262,11.73419642431937,0.8035567980198552,49.95454472880808,-6573.453094950942
9.578997365971262,11.73419642431937,0.8035567980198552,49.95454472880808,-6573.453094950942
8.912155366739556,12.003289242961694,0.8606058655684445,50.53790287224647,-6573.16474937533
8.912155366739556,12.003289242961694,0.8606058655684445,50.53790287224647,-6573.16474937533
9.220975128058202,9.107186253823022,0.7377378977319419,49.73045064281942,-6572.236847032097
10.325478006904374,8.452173716249282,0.6128327216516715,50.04081943901236,-6571.516716779461
10.325478006904374,8.452173716249282,0.6128327216516715,50.04081943901236,-6571.516716779461
10.59749216077857,8.850224482620028,0.8426250964267863,50.23811425614927,-6571.816474895901
10.59749216077857,8.850224482620028,0.8426250964267863,50.23811425614927,-6571.816474895901
10.59749216077857,8.850224482620028,0.8426250964267863,50.23811425614927,-6571.816474895901
10.59749216077857,8.850224482620028,0.8426250964267863,50.23811425614927,-6571.816474895901
9.928568812094095,10.331236594348805,0.7335341360384827,51.074218331285,-6571.685603930789
9.47213852742047,10.849923175866873,0.8542105713409295,51.02917301015773,-6572.83320451061
9.47213852742047,10.849923175866873,0.8542105713409295,51.02917301015773,-6572.83320451061
9.47213852742047,10.849923175866873,0.8542105713409295,51.02917301015773,-6572.83320451061
9.47213852742047,10.849923175866873,0.8542105713409295,51.02917301015773,-6572.83320451061
9.47213852742047,10.849923175866873,0.8542105713409295,51.02917301015773,-6572.83320451061
9.47213852742047,10.849923175866873,0.8542105713409295,51.02917301015773,-6572.83320451061
9.47213852742047,10.849923175866873,0.8542105713409295,51.02917301015773,-6572.83320451061
9.47213852742047,10.849923175866873,0.8542105713409295,51.02917301015773,-6572.83320451061
9.47213852742047,10.849923175866873,0.8542105713409295,51.02917301015773,-6572.83320451061
10.014573005740141,10.978941683290449,0.8050824310076613,50.790211158973534,-6573.414548813377
10.245457064000727,10.445211703848088,0.829890519628692,50.78526654814651,-6573.564471832179
10.245457064000727,10.445211703848088,0.829890519628692,50.78526654814651,-6573.564471832179
9.293342414746919,12.414068680105952,0.7256033475620994,50.63443100630772,-6572.919478276989
9.293342414746919,12.414068680105952,0.7256033475620994,50.63443100630772,-6572.919478276989
9.920518394444764,12.789581364148336,0.6620265750580658,50.00333487578064,-6575.14198841852
9.920518394444764,12.789581364148336,0.6620265750580658,50.00333487578064,-6575.14198841852
9.920518394444764,12.789581364148336,0.6620265750580658,50.00333487578064,-6575.14198841852
9.920518394444764,12.789581364148336,0.6620265750580658,50.00333487578064,-6575.14198841852
9.920518394444764,12.789581364148336,0.6620265750580658,50.00333487578064,-6575.14198841852
9.920518394444764,12.789581364148336,0.6620265750580658,50.00333487578064,-6575.14198841852
9.920518394444764,12.789581364148336,0.6620265750580658,50.00333487578064,-6575.14198841852
8.140944774834363,14.00726566136219,0.7101952016807751,50.43722849692384,-6574.296741579341
8.140944774834363,14.00726566136219,0.7101952016807751,50.43722849692384,-6574.296741579341
8.140944774834363,14.00726566136219,0.7101952016807751,50.43722849692384,-6574.296741579341
8.140944774834363,14.00726566136219,0.7101952016807751,50.43722849692384,-6574.296741579341
8.140944774834363,14.00726566136219,0.7101952016807751,50.43722849692384,-6574.296741579341
8.221134097444557,10.827811402084155,0.7139738530219103,50.27750097098955,-6574.455247847885
9.175824420894322,9.910921062743798,0.8153848702449028,50.466130866182375,-6570.905607240875
9.175824420894322,9.910921062743798,0.8153848702449028,50.466130866182375,-6570.905607240875
9.175824420894322,9.910921062743798,0.8153848702449028,50.466130866182375,-6570.905607240875
9.175824420894322,9.910921062743798,0.8153848702449028,50.466130866182375,-6570.905607240875
9.175824420894322,9.910921062743798,0.8153848702449028,50.466130866182375,-6570.905607240875
9.175824420894322,9.910921062743798,0.8153848702449028,50.466130866182375,-6570.905607240875
9.175824420894322,9.910921062743798,0.8153848702449028,50.466130866182375,-6570.905607240875
9.175824420894322,9.910921062743798,0.8153848702449028,50.466130866182375,-6570.905607240875
9.175824420894322,9.910921062743798,0.8153848702449028,50.466130866182375,-6570.905607240875
9.175824420894322,9.910921062743798,0.8153848702449028,50.466130866182375,-6570.905607240875
9.175824420894322,9.910921062743798,0.8153848702449028,50.466130866182375,-6570.905607240875
9.175824420894322,9.910921062743798,0.8153848702449028,50.466130866182375,-6570.905607240875
9.175824420894322,9.910921062743798,0.8153848702449028,50.466130866182375,-6570.905607240875
9.175824420894322,9.910921062743798,0.8153848702449028,50.466130866182375,-6570.905607240875
9.175824420894322,9.910921062743798,0.8153848702449028,50.466130866182375,-6570.905607240875
9.175824420894322,9.910921062743798,0.8153848702449028,50.466130866182375,-6570.905607240875
9.175824420894322,9.910921062743798,0.8153848702449028,50.466130866182375,-6570.905607240875
9.175824420894322,9.910921062743798,0.8153848702449028,50.466130866182375,-6570.905607240875
9.175824420894322,9.910921062743798,0.8153848702449028,50.466130866182375,-6570.905607240875
9.018474123517256,10.215993943459326,0.7763901930146275,50.2710187111037,-6571.098521410897
9.018474123517256,10.215993943459326,0.7763901930146275,50.2710187111037,-6571.098521410897
9.018474123517256,10.215993943459326,0.7763901930146275,50.2710187111037,-6571.098521410897
9.234625970517543,9.641162160039345,0.8282057471488449,49.83078334021424,-6571.179581847026
9.578801239200098,9.892818428647036,0.8858996017710911,50.269970750075075,-6571.384159814537
9.578801239200098,9.892818428647036,0.8858996017710911,50.269970750075075,-6571.384159814537
9.578801239200098,9.892818428647036,0.8858996017710911,50.269970750075075,-6571.384159814537
9.578801239200098,9.892818428647036,0.8858996017710911,50.269970750075075,-6571.384159814537
9.578801239200098,9.892818428647036,0.8858996017710911,50.269970750075075,-6571.384159814537
9.578801239200098,9.892818428647036,0.8858996017710911,50.269970750075075,-6571.384159814537
9.578801239200098,9.892818428647036,0.8858996017710911,50.269970750075075,-6571.384159814537
9.578801239200098,9.892818428647036,0.8858996017710911,50.269970750075075,-6571.384159814537
9.578801239200098,9.892818428647036,0.8858996017710911,50.269970750075075,-6571.384159814537
9.578801239200098,9.892818428647036,0.8858996017710911,50.269970750075075,-6571.384159814537
9.578801239200098,9.892818428647036,0.8858996017710911,50.269970750075075,-6571.384159814537
8.979100787622581,11.54164857327014,0.6678053157102444,50.22687038671709,-6571.569113623332
8.979100787622581,11.54164857327014,0.6678053157102444,50.22687038671709,-6571.569113623332
8.979100787622581,11.54164857327014,0.6678053157102444,50.22687038671709,-6571.569113623332
9.690538273878198,12.163963858715867,0.5166391988919148,50.511274142744014,-6572.868131330997
10.570175564517873,13.27240878699993,0.5201447607126413,51.34642952114028,-6578.386588975653
9.86322109503351,11.940211560275037,0.444286149588656,51.93804248315849,-6577.178142043834
10.221129186343315,11.494179385103118,0.5935155400983015,51.490669329504364,-6574.1573894681105
10.221129186343315,11.494179385103118,0.5935155400983015,51.490669329504364,-6574.1573894681105
10.221129186343315,11.494179385103118,0.5935155400983015,51.490669329504364,-6574.1573894681105
10.221129186343315,11.494179385103118,0.5935155400983015,51.490669329504364,-6574.1573894681105
10.377798269581977,10.291520915070995,0.7122900038043762,51.6507452739548,-6574.032345604925
10.377798269581977,10.291520915070995,0.7122900038043762,51.6507452739548,-6574.032345604925
10.377798269581977,10.291520915070995,0.7122900038043762,51.6507452739548,-6574.032345604925
10.377798269581977,10.291520915070995,0.7122900038043762,51.6507452739548,-6574.032345604925
9.355136083574294,10.113156726663465,0.6819166176835266,51.23463873969625,-6572.167313677691
9.355136083574294,10.113156726663465,0.6819166176835266,51.23463873969625,-6572.167313677691
9.034305754310356,10.13740795688997,0.7699487280352608,50.52449180857788,-6571.171292718876
9.034305754310356,10.13740795688997,0.7699487280352608,50.52449180857788,-6571.171292718876
9.034305754310356,10.13740795688997,0.7699487280352608,50.52449180857788,-6571.171292718876
9.034305754310356,10.13740795688997,0.7699487280352608,50.52449180857788,-6571.171292718876
9.034305754310356,10.13740795688997,0.7699487280352608,50.52449180857788,-6571.171292718876
9.034305754310356,10.13740795688997,0.7699487280352608,50.52449180857788,-6571.171292718876
9.034305754310356,10.13740795688997,0.7699487280352608,50.52449180857788,-6571.171292718876
9.034305754310356,10.13740795688997,0.7699487280352608,50.52449180857788,-6571.171292718876
10.923141281994353,9.937988019910417,0.6909345946511191,50.60383012650249,-6573.067353225157
11.151194545919326,10.080625243931836,0.5739075001424974,50.82926223488765,-6573.477993216329
9.57449461704452,10.075721120215864,0.6657199040663394,50.1790583713331,-6570.771068739413
9.57449461704452,10.075721120215864,0.6657199040663394,50.1790583713331,-6570.771068739413
9.57449461704452,10.075721120215864,0.6657199040663394,50.1790583713331,-6570.771068739413
9.57449461704452,10.075721120215864,0.6657199040663394,50.1790583713331,-6570.771068739413
9.57449461704452,10.075721120215864,0.6657199040663394,50.1790583713331,-6570.771068739413
9.57449461704452,10.075721120215864,0.6657199040663394,50.1790583713331,-6570.771068739413
9.57449461704452,10.075721120215864,0.6657199040663394,50.1790583713331,-6570.771068739413
8.355997629983404,10.49433870812139,0.8135393542741135,50.720081379761595,-6573.4173809697395
8.355997629983404,10.49433870812139,0.8135393542741135,50.720081379761595,-6573.4173809697395
8.355997629983404,10.49433870812139,0.8135393542741135,50.720081379761595,-6573.4173809697395
8.394207104963916,11.249959671391677,0.8178940609499814,51.22858917453417,-6573.985664903266
8.394207104963916,11.249959671391677,0.8178940609499814,51.22858917453417,-6573.985664903266
8.308049214367276,10.099805425561208,0.8491569279865385,50.047100068428264,-6573.7053926508825
8.035218978619412,12.899100026043058,0.747965136072725,50.348187657177235,-6573.683161655968
8.035218978619412,12.899100026043058,0.747965136072725,50.348187657177235,-6573.683161655968
8.338319527402584,12.902141906175522,0.6687442838664691,50.10862387384815,-6573.190206705678
8.338319527402584,12.902141906175522,0.6687442838664691,50.10862387384815,-6573.190206705678
8.123892372158462,12.44215723419843,0.701920843439798,49.83630787229185,-6573.884200674437
8.442007835639743,12.599758539604762,0.8759083107167517,50.63088621606288,-6573.997067380533
8.05588185613117,11.821053004849219,0.9082104187613611,50.393226004140494,-6573.904399592211
8.05588185613117,11.821053004849219,0.9082104187613611,50.393226004140494,-6573.904399592211
8.05588185613117,11.821053004849219,0.9082104187613611,50.393226004140494,-6573.904399592211
8.05588185613117,11.821053004849219,0.9082104187613611,50.393226004140494,-6573.904399592211
9.00533395822736,10.668189178182303,0.6049997540286132,49.859130168105935,-6573.0969965157
9.00533395822736,10.668189178182303,0.6049997540286132,49.859130168105935,-6573.0969965157
9.597424112847403,8.000823929164069,0.6440856528139102,50.568808287149885,-6574.185224530447
8.68813844690185,8.199662061831692,0.8258073797645771,50.89875781328062,-6576.251287038465
8.68813844690185,8.199662061831692,0.8258073797645771,50.89875781328062,-6576.251287038465
8.68813844690185,8.199662061831692,0.8258073797645771,50.89875781328062,-6576.251287038465
8.68813844690185,8.199662061831692,0.8258073797645771,50.89875781328062,-6576.251287038465
8.645383127089609,9.294019521793974,0.9754896775552239,49.71021256491857,-6573.458472743448
8.086151269947226,10.732978080756302,0.9381321133567319,50.0248306024301,-6574.138606774776
8.086151269947226,10.732978080756302,0.9381321133567319,50.0248306024301,-6574.138606774776
8.535163018919118,11.606789823379279,0.8820831696297432,49.9671874005759,-6572.84412360368
8.535163018919118,11.606789823379279,0.8820831696297432,49.9671874005759,-6572.84412360368
8.535163018919118,11.606789823379279,0.8820831696297432,49.9671874005759,-6572.84412360368
8.535163018919118,11.606789823379279,0.8820831696297432,49.9671874005759,-6572.84412360368
9.12719380755209,9.131344534182512,0.8966361675399187,50.69036183624841,-6571.600237605488
9.12719380755209,9.131344534182512,0.8966361675399187,50.69036183624841,-6571.600237605488
9.12719380755209,9.131344534182512,0.8966361675399187,50.69036183624841,-6571.600237605488
9.12719380755209,9.131344534182512,0.8966361675399187,50.69036183624841,-6571.600237605488
9.026126318194141,10.76517779916547,0.8223646866864944,50.45706705583096,-6571.348861988094
9.026126318194141,10.76517779916547,0.8223646866864944,50.45706705583096,-6571.348861988094
9.026126318194141,10.76517779916547,0.8223646866864944,50.45706705583096,-6571.348861988094
9.026126318194141,10.76517779916547,0.8223646866864944,50.45706705583096,-6571.348861988094
9.026126318194141,10.76517779916547,0.8223646866864944,50.45706705583096,-6571.348861988094
9.008954935421837,8.009626890798483,0.9288272893605222,50.747518767700385,-6573.358520660973
8.583597698319776,7.127595559496712,0.9826744153546951,51.03708091617671,-6579.169327706553
8.583597698319776,7.127595559496712,0.9826744153546951,51.03708091617671,-6579.169327706553
8.583597698319776,7.127595559496712,0.9826744153546951,51.03708091617671,-6579.169327706553
8.583597698319776,7.127595559496712,0.9826744153546951,51.03708091617671,-6579.169327706553
7.898359324790376,10.168859590410957,0.7521551207356092,50.59783234508182,-6578.093331993444
7.898359324790376,10.168859590410957,0.7521551207356092,50.59783234508182,-6578.093331993444
7.898359324790376,10.168859590410957,0.7521551207356092,50.59783234508182,-6578.093331993444
8.936345529198617,7.906905466069906,0.8540993401722641,51.22280586223041,-6575.6879138914
8.936345529198617,7.906905466069906,0.8540993401722641,51.22280586223041,-6575.6879138914
8.936345529198617,7.906905466069906,0.8540993401722641,51.22280586223041,-6575.6879138914
8.936345529198617,7.906905466069906,0.8540993401722641,51.22280586223041,-6575.6879138914
8.936345529198617,7.906905466069906,0.8540993401722641,51.22280586223041,-6575.6879138914
8.936345529198617,7.906905466069906,0.8540993401722641,51.22280586223041,-6575.6879138914
9.359228344657877,7.21496289213383,0.815898659407991,50.94660214947425,-6574.640613973763
9.450761964903073,8.361103791325123,0.8477546322578543,50.799540051978504,-6571.406919807102
9.450761964903073,8.361103791325123,0.8477546322578543,50.799540051978504,-6571.406919807102
9.450761964903073,8.361103791325123,0.8477546322578543,50.799540051978504,-6571.406919807102
9.877294911768768,8.272140346038702,0.8443878091999246,50.76141508036086,-6570.647171450913
9.877294911768768,8.272140346038702,0.8443878091999246,50.76141508036086,-6570.647171450913
10.768457623403114,8.601392227670013,0.6542098831851829,51.168860754216155,-6571.50056942881
10.768457623403114,8.601392227670013,0.6542098831851829,51.168860754216155,-6571.50056942881
10.768457623403114,8.601392227670013,0.6542098831851829,51.168860754216155,-6571.50056942881
10.107305959860273,9.384705298047571,0.5722946883768238,50.563949028777685,-6571.581440306201
10.107305959860273,9.384705298047571,0.5722946883768238,50.563949028777685,-6571.581440306201
9.492323942273213,11.785867646599094,0.7060863875506674,50.4191169001793,-6571.976397008785
9.492323942273213,11.785867646599094,0.7060863875506674,50.4191169001793,-6571.976397008785
9.492323942273213,11.785867646599094,0.7060863875506674,50.4191169001793,-6571.976397008785
9.492323942273213,11.785867646599094,0.7060863875506674,50.4191169001793,-6571.976397008785
9.492323942273213,11.785867646599094,0.7060863875506674,50.4191169001793,-6571.976397008785
10.499997209059925,10.699679848834919,0.6517200104978128,50.40179746702475,-6572.465341449734
10.499997209059925,10.699679848834919,0.6517200104978128,50.40179746702475,-6572.465341449734
10.499997209059925,10.699679848834919,0.6517200104978128,50.40179746702475,-6572.465341449734
10.499997209059925,10.699679848834919,0.6517200104978128,50.40179746702475,-6572.465341449734
10.499997209059925,10.699679848834919,0.6517200104978128,50.40179746702475,-6572.465341449734
10.264534275172949,10.235608048069281,0.597515541186777,50.79326956352165,-6571.406424640326
10.264534275172949,10.235608048069281,0.597515541186777,50.79326956352165,-6571.406424640326
9.531185740509343,8.565050525684976,0.8154114543731456,50.90970623920219,-6571.2688589970785
9.529135863454242,9.215565751251765,0.9162037985948571,50.261349703817814,-6571.114070102887
9.529135863454242,9.215565751251765,0.9162037985948571,50.261349703817814,-6571.114070102887
9.529135863454242,9.215565751251765,0.9162037985948571,50.261349703817814,-6571.114070102887
9.529135863454242,9.215565751251765,0.9162037985948571,50.261349703817814,-6571.114070102887
9.529135863454242,9.215565751251765,0.9162037985948571,50.261349703817814,-6571.114070102887
9.529135863454242,9.215565751251765,0.9162037985948571,50.261349703817814,-6571.114070102887
8.789300300778958,11.423046615893018,0.6715402515363849,49.972786522284146,-6572.100521159766
8.789300300778958,11.423046615893018,0.6715402515363849,49.972786522284146,-6572.100521159766
8.789300300778958,11.423046615893018,0.6715402515363849,49.972786522284146,-6572.100521159766
8.789300300778958,11.423046615893018,0.6715402515363849,49.972786522284146,-6572.100521159766
8.789300300778958,11.423046615893018,0.6715402515363849,49.972786522284146,-6572.100521159766
8.789300300778958,11.423046615893018,0.6715402515363849,49.972786522284146,-6572.100521159766
10.220996537258122,10.176521060658953,0.7793194077584922,50.52418111684261,-6571.94383239876
10.220996537258122,10.176521060658953,0.7793194077584922,50.52418111684261,-6571.94383239876
9.472873833981389,10.274476137612382,0.7293258439339969,50.92368093952944,-6571.093321876123
9.472873833981389,10.274476137612382,0.7293258439339969,50.92368093952944,-6571.093321876123
9.472873833981389,10.274476137612382,0.7293258439339969,50.92368093952944,-6571.093321876123
9.472873833981389,10.274476137612382,0.7293258439339969,50.92368093952944,-6571.093321876123
9.472873833981389,10.274476137612382,0.7293258439339969,50.92368093952944,-6571.093321876123
9.472873833981389,10.274476137612382,0.7293258439339969,50.92368093952944,-6571.093321876123
9.472873833981389,10.274476137612382,0.7293258439339969,50.92368093952944,-6571.093321876123
9.51042394300672,12.391085477093885,0.6587669150309035,50.51013112494894,-6572.693741001338
9.51042394300672,12.391085477093885,0.6587669150309035,50.51013112494894,-6572.693741001338
9.51042394300672,12.391085477093885,0.6587669150309035,50.51013112494894,-6572.693741001338
9.51042394300672,12.391085477093885,0.6587669150309035,50.51013112494894,-6572.693741001338
8.907524286975978,10.831246478609385,0.6404620663525838,50.48216075462997,-6572.244042041668
10.074219831187456,11.025833967447243,0.5618032400283044,51.10517026691159,-6572.457001909606
10.074219831187456,11.025833967447243,0.5618032400283044,51.10517026691159,-6572.457001909606
10.721033732130167,10.263109963078554,0.5980734821060545,50.371453554021045,-6572.241672395385
10.721033732130167,10.263109963078554,0.5980734821060545,50.371453554021045,-6572.241672395385
10.721033732130167,10.263109963078554,0.5980734821060545,50.371453554021045,-6572.241672395385
10.721033732130167,10.263109963078554,0.5980734821060545,50.371453554021045,-6572.241672395385
10.721033732130167,10.263109963078554,0.5980734821060545,50.371453554021045,-6572.241672395385
10.414142026013126,8.104332888754344,0.5489811991941245,50.5855828771656,-6573.216885358898
10.414142026013126,8.104332888754344,0.5489811991941245,50.5855828771656,-6573.216885358898
10.438869862394734,7.4974869092417835,0.6426284978972711,50.31847869324214,-6571.76701603187
10.438869862394734,7.4974869092417835,0.6426284978972711,50.31847869324214,-6571.76701603187
10.438869862394734,7.4974869092417835,0.6426284978972711,50.31847869324214,-6571.76701603187
10.686290570800102,8.309596764391808,0.772830004863106,50.29443135446554,-6570.656119367373
10.686290570800102,8.309596764391808,0.772830004863106,50.29443135446554,-6570.656119367373
10.686290570800102,8.309596764391808,0.772830004863106,50.29443135446554,-6570.656119367373
9.594973476684139,8.809366838894844,0.9371969541368114,49.95968383964707,-6571.3150265565455
9.024251277808458,12.28149576050253,0.7582023005375673,49.450582652798786,-6573.582313182238
8.096522884569316,13.1241012606804,0.9307166724474992,50.32464266345724,-6575.288898658626
8.096522884569316,13.1241012606804,0.9307166724474992,50.32464266345724,-6575.288898658626
8.096522884569316,13.1241012606804,0.9307166724474992,50.32464266345724,-6575.288898658626
8.096522884569316,13.1241012606804,0.9307166724474992,50.32464266345724,-6575.288898658626
8.096522884569316,13.1241012606804,0.9307166724474992,50.32464266345724,-6575.288898658626
8.096522884569316,13.1241012606804,0.9307166724474992,50.32464266345724,-6575.288898658626
8.468213247538623,12.933199582414446,0.8627845576616524,50.63486738952894,-6574.343256202875
8.468213247538623,12.933199582414446,0.8627845576616524,50.63486738952894,-6574.343256202875
8.468213247538623,12.933199582414446,0.8627845576616524,50.63486738952894,-6574.343256202875
8.113165285655445,11.623249606850926,0.8344572172878238,49.861036116306714,-6573.626778301748
8.723727537034655,10.601869640247436,1.0004680475097374,50.35779887445186,-6573.196255760389
8.723727537034655,10.601869640247436,1.0004680475097374,50.35779887445186,-6573.196255760389
8.723727537034655,10.601869640247436,1.0004680475097374,50.35779887445186,-6573.196255760389
8.723727537034655,10.601869640247436,1.0004680475097374,50.35779887445186,-6573.196255760389
8.723727537034655,10.601869640247436,1.0004680475097374,50.35779887445186,-6573.196255760389
9.185109490559642,10.581372845800296,0.9336341470181879,50.268939211833484,-6572.381517789162
9.495590520387056,9.767675162971996,0.9344107298801098,50.07851551269153,-6571.8448033562945
9.495590520387056,9.767675162971996,0.9344107298801098,50.07851551269153,-6571.8448033562945
9.495590520387056,9.767675162971996,0.9344107298801098,50.07851551269153,-6571.8448033562945
9.495590520387056,9.767675162971996,0.9344107298801098,50.07851551269153,-6571.8448033562945
9.495590520387056,9.767675162971996,0.9344107298801098,50.07851551269153,-6571.8448033562945
9.495590520387056,9.767675162971996,0.9344107298801098,50.07851551269153,-6571.8448033562945
9.495590520387056,9.767675162971996,0.9344107298801098,50.07851551269153,-6571.8448033562945
9.828111732593818,8.609995789362562,0.9653361357850957,50.075785046504954,-6571.5587697509345
10.914892032000724,6.652335235326058,0.9048034420517159,50.258055519157914,-6571.1802751008145
10.611337566319348,8.499399972132863,0.8664112712094906,50.06838940992403,-6571.775784652954
9.905473832549378,9.088552619257403,0.9447718382940272,50.23005368810327,-6571.796182357033
8.860405905301205,10.124994503555016,0.7433501321397085,50.73484924793875,-6572.072133695944
8.860405905301205,10.124994503555016,0.7433501321397085,50.73484924793875,-6572.072133695944
8.860405905301205,10.124994503555016,0.7433501321397085,50.73484924793875,-6572.072133695944
9.028650469588806,9.701217641643726,0.8456753476908424,50.4036824508847,-6571.237481102511
9.028650469588806,9.701217641643726,0.8456753476908424,50.4036824508847,-6571.237481102511
9.028650469588806,9.701217641643726,0.8456753476908424,50.4036824508847,-6571.237481102511
9.028650469588806,9.701217641643726,0.8456753476908424,50.4036824508847,-6571.237481102511
9.028650469588806,9.701217641643726,0.8456753476908424,50.4036824508847,-6571.237481102511
9.028650469588806,9.701217641643726,0.8456753476908424,50.4036824508847,-6571.237481102511
9.028650469588806,9.701217641643726,0.8456753476908424,50.4036824508847,-6571.237481102511
9.401937072587778,11.880215800572607,0.664275374346702,50.59781714421642,-6571.832615605499
9.401937072587778,11.880215800572607,0.664275374346702,50.59781714421642,-6571.832615605499
9.401937072587778,11.880215800572607,0.664275374346702,50.59781714421642,-6571.832615605499
9.252317056642893,11.386422875617527,0.8097075613294549,51.36799593232798,-6573.603759081617
9.252317056642893,11.386422875617527,0.8097075613294549,51.36799593232798,-6573.603759081617
9.252317056642893,11.386422875617527,0.8097075613294549,51.36799593232798,-6573.603759081617
9.252317056642893,11.386422875617527,0.8097075613294549,51.36799593232798,-6573.603759081617
9.252317056642893,11.386422875617527,0.8097075613294549,51.36799593232798,-6573.603759081617
9.252317056642893,11.386422875617527,0.8097075613294549,51.36799593232798,-6573.603759081617
9.252317056642893,11.386422875617527,0.8097075613294549,51.36799593232798,-6573.603759081617
10.364471736422335,11.0886043926051,0.6148606746206982,51.14079364751123,-6573.127603504117
10.364471736422335,11.0886043926051,0.6148606746206982,51.14079364751123,-6573.127603504117
10.364471736422335,11.0886043926051,0.6148606746206982,51.14079364751123,-6573.127603504117
10.364471736422335,11.0886043926051,0.6148606746206982,51.14079364751123,-6573.127603504117
9.194731390440797,11.927467706267153,0.6505851480951992,50.922634413073126,-6572.157940889966
8.911353339789455,10.489148606683505,0.7672429270525424,50.6018054422722,-6571.431786764779
8.911353339789455,10.489148606683505,0.7672429270525424,50.6018054422722,-6571.431786764779
8.911353339789455,10.489148606683505,0.7672429270525424,50.6018054422722,-6571.431786764779
8.658683473686061,12.28017372978676,0.7184757561369597,49.81436816392593,-6572.576110451988
8.658683473686061,12.28017372978676,0.7184757561369597,49.81436816392593,-6572.576110451988
8.658683473686061,12.28017372978676,0.7184757561369597,49.81436816392593,-6572.576110451988
8.658683473686061,12.28017372978676,0.7184757561369597,49.81436816392593,-6572.576110451988
8.658683473686061,12.28017372978676,0.7184757561369597,49.81436816392593,-6572.576110451988
8.658683473686061,12.28017372978676,0.7184757561369597,49.81436816392593,-6572.576110451988
8.646428272981282,11.42408854221219,0.7572528564392681,50.22264777249064,-6571.856125729031
8.646428272981282,11.42408854221219,0.7572528564392681,50.22264777249064,-6571.856125729031
8.646428272981282,11.42408854221219,0.7572528564392681,50.22264777249064,-6571.856125729031
8.646428272981282,11.42408854221219,0.7572528564392681,50.22264777249064,-6571.856125729031
8.646428272981282,11.42408854221219,0.7572528564392681,50.22264777249064,-6571.856125729031
8.646428272981282,11.42408854221219,0.7572528564392681,50.22264777249064,-6571.856125729031
9.447223728560449,11.526136252495181,0.6846039994669242,50.98865395974455,-6572.027548962864
9.447223728560449,11.526136252495181,0.6846039994669242,50.98865395974455,-6572.027548962864
9.447223728560449,11.526136252495181,0.6846039994669242,50.98865395974455,-6572.027548962864
9.447223728560449,11.526136252495181,0.6846039994669242,50.98865395974455,-6572.027548962864
9.447223728560449,11.526136252495181,0.6846039994669242,50.98865395974455,-6572.027548962864
9.447223728560449,11.526136252495181,0.6846039994669242,50.98865395974455,-6572.027548962864
9.447223728560449,11.526136252495181,0.6846039994669242,50.98865395974455,-6572.027548962864
10.351716728899788,9.878750670813115,0.7420707218028102,50.91271675687178,-6571.783459798258
10.351716728899788,9.878750670813115,0.7420707218028102,50.91271675687178,-6571.783459798258
10.351716728899788,9.878750670813115,0.7420707218028102,50.91271675687178,-6571.783459798258
10.351716728899788,9.878750670813115,0.7420707218028102,50.91271675687178,-6571.783459798258
10.351716728899788,9.878750670813115,0.7420707218028102,50.91271675687178,-6571.783459798258
10.351716728899788,9.878750670813115,0.7420707218028102,50.91271675687178,-6571.783459798258
10.351716728899788,9.878750670813115,0.7420707218028102,50.91271675687178,-6571.783459798258
10.351716728899788,9.878750670813115,0.7420707218028102,50.91271675687178,-6571.783459798258
10.351716728899788,9.878750670813115,0.7420707218028102,50.91271675687178,-6571.783459798258
10.351716728899788,9.878750670813115,0.7420707218028102,50.91271675687178,-6571.783459798258
11.094214428482257,9.182479530212426,0.5294193016222108,50.647182248942634,-6572.431898471457
11.094214428482257,9.182479530212426,0.5294193016222108,50.647182248942634,-6572.431898471457
11.094214428482257,9.182479530212426,0.5294193016222108,50.647182248942634,-6572.431898471457
11.094214428482257,9.182479530212426,0.5294193016222108,50.647182248942634,-6572.431898471457
11.094214428482257,9.182479530212426,0.5294193016222108,50.647182248942634,-6572.431898471457
11.094214428482257,9.182479530212426,0.5294193016222108,50.647182248942634,-6572.431898471457
11.094214428482257,9.182479530212426,0.5294193016222108,50.647182248942634,-6572.431898471457
11.094214428482257,9.182479530212426,0.5294193016222108,50.647182248942634,-6572.431898471457
11.094214428482257,9.182479530212426,0.5294193016222108,50.647182248942634,-6572.431898471457
11.094214428482257,9.182479530212426,0.5294193016222108,50.647182248942634,-6572.431898471457
10.847716335940651,8.704037672472092,0.7494025053683341,51.3633365090855,-6572.547389373493
10.847716335940651,8.704037672472092,0.7494025053683341,51.3633365090855,-6572.547389373493
10.847716335940651,8.704037672472092,0.7494025053683341,51.3633365090855,-6572.547389373493
10.847716335940651,8.704037672472092,0.7494025053683341,51.3633365090855,-6572.547389373493
10.847716335940651,8.704037672472092,0.7494025053683341,51.3633365090855,-6572.547389373493
10.847716335940651,8.704037672472092,0.7494025053683341,51.3633365090855,-6572.547389373493
11.206917604621426,8.236608023600244,0.5592758642521196,50.740770072099345,-6572.0757307890735
11.206917604621426,8.236608023600244,0.5592758642521196,50.740770072099345,-6572.0757307890735
11.206917604621426,8.236608023600244,0.5592758642521196,50.740770072099345,-6572.0757307890735
11.206917604621426,8.236608023600244,0.5592758642521196,50.740770072099345,-6572.0757307890735
11.133052282583291,8.968579177539413,0.6981997323670183,49.98288472699103,-6572.528088456019
9.957044059098049,11.307327523534275,0.7446626522853552,49.99516141058306,-6572.953484149148
9.957044059098049,11.307327523534275,0.7446626522853552,49.99516141058306,-6572.953484149148
9.957044059098049,11.307327523534275,0.7446626522853552,49.99516141058306,-6572.953484149148
9.957044059098049,11.307327523534275,0.7446626522853552,49.99516141058306,-6572.953484149148
9.957044059098049,11.307327523534275,0.7446626522853552,49.99516141058306,-6572.953484149148
9.957044059098049,11.307327523534275,0.7446626522853552,49.99516141058306,-6572.953484149148
9.957044059098049,11.307327523534275,0.7446626522853552,49.99516141058306,-6572.953484149148
9.76486840321138,11.622995991749896,0.6244045635756519,50.199297713078565,-6571.932907978056
8.457783112944977,11.640507007651761,0.7034911833341372,50.09964597055151,-6572.631359684119
8.457783112944977,11.640507007651761,0.7034911833341372,50.09964597055151,-6572.631359684119
8.457783112944977,11.640507007651761,0.7034911833341372,50.09964597055151,-6572.631359684119
8.457783112944977,11.640507007651761,0.7034911833341372,50.09964597055151,-6572.631359684119
8.457783112944977,11.640507007651761,0.7034911833341372,50.09964597055151,-6572.631359684119
8.457783112944977,11.640507007651761,0.7034911833341372,50.09964597055151,-6572.631359684119
8.457783112944977,11.640507007651761,0.7034911833341372,50.09964597055151,-6572.631359684119
8.457783112944977,11.640507007651761,0.7034911833341372,50.09964597055151,-6572.631359684119
8.457783112944977,11.640507007651761,0.7034911833341372,50.09964597055151,-6572.631359684119
8.457783112944977,11.640507007651761,0.7034911833341372,50.09964597055151,-6572.631359684119
8.457783112944977,11.640507007651761,0.7034911833341372,50.09964597055151,-6572.631359684119
8.433327464134992,9.887606603431891,0.8575812459671521,50.40098279593309,-6573.230642259589
8.21185252624693,13.323384328726812,0.74813084976291,50.331723744127316,-6573.614981420757
10.229671154950035,9.288348526055723,0.8543329687286528,49.374437325359416,-6572.88044721513
10.229671154950035,9.288348526055723,0.8543329687286528,49.374437325359416,-6572.88044721513
10.229671154950035,9.288348526055723,0.8543329687286528,49.374437325359416,-6572.88044721513
10.229671154950035,9.288348526055723,0.8543329687286528,49.374437325359416,-6572.88044721513
10.229671154950035,9.288348526055723,0.8543329687286528,49.374437325359416,-6572.88044721513
10.270845250460145,8.501308252008505,0.8911449371370362,49.84288044443873,-6571.4743459849815
9.897935588641936,8.962668346465483,0.8643495420334947,49.98296075763763,-6570.845057965678
9.897935588641936,8.962668346465483,0.8643495420334947,49.98296075763763,-6570.845057965678
9.897935588641936,8.962668346465483,0.8643495420334947,49.98296075763763,-6570.845057965678
9.897935588641936,8.962668346465483,0.8643495420334947,49.98296075763763,-6570.845057965678
9.897935588641936,8.962668346465483,0.8643495420334947,49.98296075763763,-6570.845057965678
9.897935588641936,8.962668346465483,0.8643495420334947,49.98296075763763,-6570.845057965678
9.897935588641936,8.962668346465483,0.8643495420334947,49.98296075763763,-6570.845057965678
9.897935588641936,8.962668346465483,0.8643495420334947,49.98296075763763,-6570.845057965678
9.897935588641936,8.962668346465483,0.8643495420334947,49.98296075763763,-6570.845057965678
9.897935588641936,8.962668346465483,0.8643495420334947,49.98296075763763,-6570.845057965678
9.897935588641936,8.962668346465483,0.8643495420334947,49.98296075763763,-6570.845057965678
9.897935588641936,8.962668346465483,0.8643495420334947,49.98296075763763,-6570.845057965678
9.897935588641936,8.962668346465483,0.8643495420334947,49.98296075763763,-6570.845057965678
9.897935588641936,8.962668346465483,0.8643495420334947,49.98296075763763,-6570.845057965678
8.30849698778453,9.232687542452773,0.9684999012968638,49.50710619470639,-6575.568800750331
8.230011834623676,10.393941044273333,0.8995634838711084,50.59267819162102,-6573.767192458032
8.230011834623676,10.393941044273333,0.8995634838711084,50.59267819162102,-6573.767192458032
8.230011834623676,10.393941044273333,0.8995634838711084,50.59267819162102,-6573.767192458032
8.230011834623676,10.393941044273333,0.8995634838711084,50.59267819162102,-6573.767192458032
8.230011834623676,10.393941044273333,0.8995634838711084,50.59267819162102,-6573.767192458032
9.131794663664785,9.923174592814355,0.717332059387036,50.42927953673759,-6571.277315790583
9.131794663664785,9.923174592814355,0.717332059387036,50.42927953673759,-6571.277315790583
9.131794663664785,9.923174592814355,0.717332059387036,50.42927953673759,-6571.277315790583
9.131794663664785,9.923174592814355,0.717332059387036,50.42927953673759,-6571.277315790583
9.365326062268895,9.247744147421676,0.7192034637712461,49.99296096447173,-6571.356941440303
9.365326062268895,9.247744147421676,0.7192034637712461,49.99296096447173,-6571.356941440303
9.365326062268895,9.247744147421676,0.7192034637712461,49.99296096447173,-6571.356941440303
9.365326062268895,9.247744147421676,0.7192034637712461,49.99296096447173,-6571.356941440303
8.720003232209123,10.26533592653774,0.8076587299997695,50.24521368064844,-6571.8218022145575
8.720003232209123,10.26533592653774,0.8076587299997695,50.24521368064844,-6571.8218022145575
8.720003232209123,10.26533592653774,0.8076587299997695,50.24521368064844,-6571.8218022145575
8.720003232209123,10.26533592653774,0.8076587299997695,50.24521368064844,-6571.8218022145575
8.720003232209123,10.26533592653774,0.8076587299997695,50.24521368064844,-6571.8218022145575
8.720003232209123,10.26533592653774,0.8076587299997695,50.24521368064844,-6571.8218022145575
9.341605041470306,8.268038476183909,0.8422010164085785,50.34823795697987,-6571.499384584282
9.341605041470306,8.268038476183909,0.8422010164085785,50.34823795697987,-6571.499384584282
9.341605041470306,8.268038476183909,0.8422010164085785,50.34823795697987,-6571.499384584282
9.779804215836858,6.693008386795507,0.6734650769367344,50.32386028489919,-6576.655255020464
10.743903156917364,4.59558779831303,0.7914072975351276,50.74867245960572,-6575.591628171472
10.743903156917364,4.59558779831303,0.7914072975351276,50.74867245960572,-6575.591628171472
11.594364816693837,2.908746181043796,1.0699106166339378,50.67255709880653,-6575.597149184361
11.594364816693837,2.908746181043796,1.0699106166339378,50.67255709880653,-6575.597149184361
11.539139660637295,3.0681143252503156,1.2093953896874303,50.97235097924106,-6576.957393869185
11.539139660637295,3.0681143252503156,1.2093953896874303,50.97235097924106,-6576.957393869185
11.539139660637295,3.0681143252503156,1.2093953896874303,50.97235097924106,-6576.957393869185
11.539139660637295,3.0681143252503156,1.2093953896874303,50.97235097924106,-6576.957393869185
11.539139660637295,3.0681143252503156,1.2093953896874303,50.97235097924106,-6576.957393869185
11.539139660637295,3.0681143252503156,1.2093953896874303,50.97235097924106,-6576.957393869185
11.539139660637295,3.0681143252503156,1.2093953896874303,50.97235097924106,-6576.957393869185
11.029915381320267,3.094350049269512,1.1342779529711946,50.2395260485992,-6576.522341019568
10.040531672639972,5.8013813839361275,0.9856857188411258,50.717114417491125,-6573.14626607543
10.562568725232078,5.815090909444331,0.9376847656176639,50.63880990798565,-6571.726424080669
9.712713778076127,9.035766215829906,0.7400873596237192,49.85239179939759,-6570.775749034096
9.363668326506806,10.802913252766523,0.8045900700811253,49.49065349336335,-6572.324399133993
9.363668326506806,10.802913252766523,0.8045900700811253,49.49065349336335,-6572.324399133993
9.363668326506806,10.802913252766523,0.8045900700811253,49.49065349336335,-6572.324399133993
9.363668326506806,10.802913252766523,0.8045900700811253,49.49065349336335,-6572.324399133993
9.363668326506806,10.802913252766523,0.8045900700811253,49.49065349336335,-6572.324399133993
9.363668326506806,10.802913252766523,0.8045900700811253,49.49065349336335,-6572.324399133993
9.363668326506806,10.802913252766523,0.8045900700811253,49.49065349336335,-6572.324399133993
9.363668326506806,10.802913252766523,0.8045900700811253,49.49065349336335,-6572.324399133993
9.363668326506806,10.802913252766523,0.8045900700811253,49.49065349336335,-6572.324399133993
9.363668326506806,10.802913252766523,0.8045900700811253,49.49065349336335,-6572.324399133993
9.363668326506806,10.802913252766523,0.8045900700811253,49.49065349336335,-6572.324399133993
9.363668326506806,10.802913252766523,0.8045900700811253,49.49065349336335,-6572.324399133993
9.363668326506806,10.802913252766523,0.8045900700811253,49.49065349336335,-6572.324399133993
9.363668326506806,10.802913252766523,0.8045900700811253,49.49065349336335,-6572.324399133993
9.363668326506806,10.802913252766523,0.8045900700811253,49.49065349336335,-6572.324399133993
9.363668326506806,10.802913252766523,0.8045900700811253,49.49065349336335,-6572.324399133993
10.025314484747028,8.887570045074444,0.7076573970956302,50.20088361274256,-6570.308676467347
10.025314484747028,8.887570045074444,0.7076573970956302,50.20088361274256,-6570.308676467347
10.025314484747028,8.887570045074444,0.7076573970956302,50.20088361274256,-6570.308676467347
10.025314484747028,8.887570045074444,0.7076573970956302,50.20088361274256,-6570.308676467347
10.025314484747028,8.887570045074444,0.7076573970956302,50.20088361274256,-6570.308676467347
10.025314484747028,8.887570045074444,0.7076573970956302,50.20088361274256,-6570.308676467347
10.025314484747028,8.887570045074444,0.7076573970956302,50.20088361274256,-6570.308676467347
10.025314484747028,8.887570045074444,0.7076573970956302,50.20088361274256,-6570.308676467347
10.025314484747028,8.887570045074444,0.7076573970956302,50.20088361274256,-6570.308676467347
10.025314484747028,8.887570045074444,0.7076573970956302,50.20088361274256,-6570.308676467347
10.025314484747028,8.887570045074444,0.7076573970956302,50.20088361274256,-6570.308676467347
10.025314484747028,8.887570045074444,0.7076573970956302,50.20088361274256,-6570.308676467347
10.130984626617364,8.857225834139012,0.7261789686534083,50.32844017297113,-6570.169448381429
10.130984626617364,8.857225834139012,0.7261789686534083,50.32844017297113,-6570.169448381429
10.130984626617364,8.857225834139012,0.7261789686534083,50.32844017297113,-6570.169448381429
10.130984626617364,8.857225834139012,0.7261789686534083,50.32844017297113,-6570.169448381429
10.130984626617364,8.857225834139012,0.7261789686534083,50.32844017297113,-6570.169448381429
10.130984626617364,8.857225834139012,0.7261789686534083,50.32844017297113,-6570.169448381429
10.130984626617364,8.857225834139012,0.7261789686534083,50.32844017297113,-6570.169448381429
10.130984626617364,8.857225834139012,0.7261789686534083,50.32844017297113,-6570.169448381429
10.130984626617364,8.857225834139012,0.7261789686534083,50.32844017297113,-6570.169448381429
10.130984626617364,8.857225834139012,0.7261789686534083,50.32844017297113,-6570.169448381429
10.130984626617364,8.857225834139012,0.7261789686534083,50.32844017297113,-6570.169448381429
10.130984626617364,8.857225834139012,0.7261789686534083,50.32844017297113,-6570.169448381429
10.130984626617364,8.857225834139012,0.7261789686534083,50.32844017297113,-6570.169448381429
10.130984626617364,8.857225834139012,0.7261789686534083,50.32844017297113,-6570.169448381429
10.130984626617364,8.857225834139012,0.7261789686534083,50.32844017297113,-6570.169448381429
10.130984626617364,8.857225834139012,0.7261789686534083,50.32844017297113,-6570.169448381429
10.162203420580258,7.361943319002953,0.7901039233479609,50.54587575014014,-6570.716598807686
10.162203420580258,7.361943319002953,0.7901039233479609,50.54587575014014,-6570.716598807686
10.162203420580258,7.361943319002953,0.7901039233479609,50.54587575014014,-6570.716598807686
9.234976930878974,8.882524143471114,0.9264400155198825,50.258177078535105,-6571.358407335003
9.234976930878974,8.882524143471114,0.9264400155198825,50.258177078535105,-6571.358407335003
9.234976930878974,8.882524143471114,0.9264400155198825,50.258177078535105,-6571.358407335003
9.234976930878974,8.882524143471114,0.9264400155198825,50.258177078535105,-6571.358407335003
9.234976930878974,8.882524143471114,0.9264400155198825,50.258177078535105,-6571.358407335003
9.234976930878974,8.882524143471114,0.9264400155198825,50.258177078535105,-6571.358407335003
9.634656875003133,9.175918259968537,0.7834234059311496,50.39365242893567,-6570.334181450988
10.195147362111795,7.401822137961848,0.8815177434110513,50.92042954763985,-6571.05857123904
10.195147362111795,7.401822137961848,0.8815177434110513,50.92042954763985,-6571.05857123904
10.195147362111795,7.401822137961848,0.8815177434110513,50.92042954763985,-6571.05857123904
10.195147362111795,7.401822137961848,0.8815177434110513,50.92042954763985,-6571.05857123904
10.195147362111795,7.401822137961848,0.8815177434110513,50.92042954763985,-6571.05857123904
10.123584804975161,8.33304934888931,0.7695604579007437,50.70093231967109,-6570.311381722972
10.123584804975161,8.33304934888931,0.7695604579007437,50.70093231967109,-6570.311381722972
10.123584804975161,8.33304934888931,0.7695604579007437,50.70093231967109,-6570.311381722972
10.123584804975161,8.33304934888931,0.7695604579007437,50.70093231967109,-6570.311381722972
10.123584804975161,8.33304934888931,0.7695604579007437,50.70093231967109,-6570.311381722972
10.123584804975161,8.33304934888931,0.7695604579007437,50.70093231967109,-6570.311381722972
10.123584804975161,8.33304934888931,0.7695604579007437,50.70093231967109,-6570.311381722972
10.123584804975161,8.33304934888931,0.7695604579007437,50.70093231967109,-6570.311381722972
10.123584804975161,8.33304934888931,0.7695604579007437,50.70093231967109,-6570.311381722972
10.123584804975161,8.33304934888931,0.7695604579007437,50.70093231967109,-6570.311381722972
10.11729340223196,8.163646648097881,0.7373795966176522,49.96350930366064,-6570.606115256479
10.11729340223196,8.163646648097881,0.7373795966176522,49.96350930366064,-6570.606115256479
10.11729340223196,8.163646648097881,0.7373795966176522,49.96350930366064,-6570.606115256479
10.11729340223196,8.163646648097881,0.7373795966176522,49.96350930366064,-6570.606115256479
9.501642459483337,8.265391586014683,0.8692716338006214,50.53812272214065,-6571.052005831919
9.501642459483337,8.265391586014683,0.8692716338006214,50.53812272214065,-6571.052005831919
9.501642459483337,8.265391586014683,0.8692716338006214,50.53812272214065,-6571.052005831919
9.501642459483337,8.265391586014683,0.8692716338006214,50.53812272214065,-6571.052005831919
9.501642459483337,8.265391586014683,0.8692716338006214,50.53812272214065,-6571.052005831919
10.501428856558134,8.108661247851092,0.8430080645629077,50.49716006111837,-6570.697675010571
10.68141957893684,9.022339839617588,0.6597653420283869,50.253613091875806,-6570.876823990246
10.68141957893684,9.022339839617588,0.6597653420283869,50.253613091875806,-6570.876823990246
10.1491401278091,9.270252023550277,0.67080347703618,51.02475138312809,-6570.973083826662
10.22110983362302,8.245053769538565,0.8032904971090088,51.15477358147679,-6571.131895591874
10.22110983362302,8.245053769538565,0.8032904971090088,51.15477358147679,-6571.131895591874
10.22110983362302,8.245053769538565,0.8032904971090088,51.15477358147679,-6571.131895591874
10.22110983362302,8.245053769538565,0.8032904971090088,51.15477358147679,-6571.131895591874
10.22110983362302,8.245053769538565,0.8032904971090088,51.15477358147679,-6571.131895591874
10.099344122350027,10.090888895074347,0.7969259273601774,50.49510175822373,-6571.651353315885
10.099344122350027,10.090888895074347,0.7969259273601774,50.49510175822373,-6571.651353315885
10.099344122350027,10.090888895074347,0.7969259273601774,50.49510175822373,-6571.651353315885
10.099344122350027,10.090888895074347,0.7969259273601774,50.49510175822373,-6571.651353315885
11.02679895194547,7.4597128535081545,0.6725082543227388,50.825203131581304,-6571.020914671752
11.02679895194547,7.4597128535081545,0.6725082543227388,50.825203131581304,-6571.020914671752
11.02679895194547,7.4597128535081545,0.6725082543227388,50.825203131581304,-6571.020914671752
11.428105661911175,8.192760840890461,0.6206069704430346,50.407501288404816,-6571.941595252938
10.221798250354682,8.011827416803857,0.5813181319963702,50.042638542810295,-6573.284099810495
10.221798250354682,8.011827416803857,0.5813181319963702,50.042638542810295,-6573.284099810495
11.186542221305535,7.407067629578696,0.7225616064298168,50.24072712047413,-6570.950005727609
11.186542221305535,7.407067629578696,0.7225616064298168,50.24072712047413,-6570.950005727609
10.944329533872983,7.06210664141832,0.7278260399609621,49.49245282153332,-6571.974409065423
10.944329533872983,7.06210664141832,0.7278260399609621,49.49245282153332,-6571.974409065423
10.944329533872983,7.06210664141832,0.7278260399609621,49.49245282153332,-6571.974409065423
10.944329533872983,7.06210664141832,0.7278260399609621,49.49245282153332,-6571.974409065423
10.944329533872983,7.06210664141832,0.7278260399609621,49.49245282153332,-6571.974409065423
10.303706382162044,6.707851600673004,1.0177975946272988,50.057014705189815,-6571.855266627077
10.303706382162044,6.707851600673004,1.0177975946272988,50.057014705189815,-6571.855266627077
10.303706382162044,6.707851600673004,1.0177975946272988,50.057014705189815,-6571.855266627077
10.303706382162044,6.707851600673004,1.0177975946272988,50.057014705189815,-6571.855266627077
9.979263853048588,8.21603617512401,0.8991292164531821,49.52903626828919,-6571.630741857296
9.979263853048588,8.21603617512401,0.8991292164531821,49.52903626828919,-6571.630741857296
9.979263853048588,8.21603617512401,0.8991292164531821,49.52903626828919,-6571.630741857296
9.979263853048588,8.21603617512401,0.8991292164531821,49.52903626828919,-6571.630741857296
9.510051893351063,8.291362784894607,0.8353617998067645,49.862696842836506,-6571.31574086054
9.510051893351063,8.291362784894607,0.8353617998067645,49.862696842836506,-6571.31574086054
9.510051893351063,8.291362784894607,0.8353617998067645,49.862696842836506,-6571.31574086054
9.510051893351063,8.291362784894607,0.8353617998067645,49.862696842836506,-6571.31574086054
10.690061106221428,8.50686903895315,0.6545839116949945,49.84207553431837,-6571.185728187102
10.690061106221428,8.50686903895315,0.6545839116949945,49.84207553431837,-6571.185728187102
10.690061106221428,8.50686903895315,0.6545839116949945,49.84207553431837,-6571.185728187102
10.690061106221428,8.50686903895315,0.6545839116949945,49.84207553431837,-6571.185728187102
10.690061106221428,8.50686903895315,0.6545839116949945,49.84207553431837,-6571.185728187102
10.690061106221428,8.50686903895315,0.6545839116949945,49.84207553431837,-6571.185728187102
10.690061106221428,8.50686903895315,0.6545839116949945,49.84207553431837,-6571.185728187102
10.15308714100712,6.805284563452882,0.8611670374099593,49.589888584776254,-6572.027255934879
10.15308714100712,6.805284563452882,0.8611670374099593,49.589888584776254,-6572.027255934879
10.15308714100712,6.805284563452882,0.8611670374099593,49.589888584776254,-6572.027255934879
10.413211290069652,7.334149604761237,0.684154294416412,49.74803304955515,-6572.04125176384
10.866789772721232,6.85285562329002,0.7764420389711394,49.115450221021455,-6573.127856318715
10.866789772721232,6.85285562329002,0.7764420389711394,49.115450221021455,-6573.127856318715
10.866789772721232,6.85285562329002,0.7764420389711394,49.115450221021455,-6573.127856318715
10.866789772721232,6.85285562329002,0.7764420389711394,49.115450221021455,-6573.127856318715
10.866789772721232,6.85285562329002,0.7764420389711394,49.115450221021455,-6573.127856318715
10.866789772721232,6.85285562329002,0.7764420389711394,49.115450221021455,-6573.127856318715
10.866789772721232,6.85285562329002,0.7764420389711394,49.115450221021455,-6573.127856318715
10.866789772721232,6.85285562329002,0.7764420389711394,49.115450221021455,-6573.127856318715
9.880151093825836,8.862313453713085,0.9570271685199581,49.91798983063048,-6571.887689003962
10.671381387010285,6.6912703265786835,0.784110541112288,49.40471772413422,-6572.263251687889
10.671381387010285,6.6912703265786835,0.784110541112288,49.40471772413422,-6572.263251687889
10.671381387010285,6.6912703265786835,0.784110541112288,49.40471772413422,-6572.263251687889
10.671381387010285,6.6912703265786835,0.784110541112288,49.40471772413422,-6572.263251687889
10.671381387010285,6.6912703265786835,0.784110541112288,49.40471772413422,-6572.263251687889
10.671381387010285,6.6912703265786835,0.784110541112288,49.40471772413422,-6572.263251687889
10.671381387010285,6.6912703265786835,0.784110541112288,49.40471772413422,-6572.263251687889
10.723649002509715,6.588291836132722,0.8718532232413935,49.911136985262246,-6571.082746172377
10.723649002509715,6.588291836132722,0.8718532232413935,49.911136985262246,-6571.082746172377
10.723649002509715,6.588291836132722,0.8718532232413935,49.911136985262246,-6571.082746172377
11.417696350678552,5.485980289054421,0.8601362322031024,50.784012362838006,-6571.737842395258
11.417696350678552,5.485980289054421,0.8601362322031024,50.784012362838006,-6571.737842395258
11.92801317672142,6.622066009782081,0.7346512770211755,50.05569449984315,-6572.689636814265
11.92801317672142,6.622066009782081,0.7346512770211755,50.05569449984315,-6572.689636814265
11.92801317672142,6.622066009782081,0.7346512770211755,50.05569449984315,-6572.689636814265
11.92801317672142,6.622066009782081,0.7346512770211755,50.05569449984315,-6572.689636814265
11.92801317672142,6.622066009782081,0.7346512770211755,50.05569449984315,-6572.689636814265
11.224715315447174,7.444273937385639,0.7661029487446807,49.16549936796567,-6573.499092708117
11.224715315447174,7.444273937385639,0.7661029487446807,49.16549936796567,-6573.499092708117
11.224715315447174,7.444273937385639,0.7661029487446807,49.16549936796567,-6573.499092708117
11.224715315447174,7.444273937385639,0.7661029487446807,49.16549936796567,-6573.499092708117
11.224715315447174,7.444273937385639,0.7661029487446807,49.16549936796567,-6573.499092708117
11.506342892613883,6.020946685175704,0.6742662361760448,48.69874774801962,-6576.840862093612
11.506342892613883,6.020946685175704,0.6742662361760448,48.69874774801962,-6576.840862093612
11.506342892613883,6.020946685175704,0.6742662361760448,48.69874774801962,-6576.840862093612
11.506342892613883,6.020946685175704,0.6742662361760448,48.69874774801962,-6576.840862093612
11.506342892613883,6.020946685175704,0.6742662361760448,48.69874774801962,-6576.840862093612
11.506342892613883,6.020946685175704,0.6742662361760448,48.69874774801962,-6576.840862093612
11.506342892613883,6.020946685175704,0.6742662361760448,48.69874774801962,-6576.840862093612
12.222337465441466,6.254434689497809,0.45514204008195647,49.35310102477847,-6579.55939420734
11.81309155230922,8.112769233476559,0.582541868667245,49.20586467334525,-6575.693791445626
11.81309155230922,8.112769233476559,0.582541868667245,49.20586467334525,-6575.693791445626
11.81309155230922,8.112769233476559,0.582541868667245,49.20586467334525,-6575.693791445626
11.81309155230922,8.112769233476559,0.582541868667245,49.20586467334525,-6575.693791445626
11.81309155230922,8.112769233476559,0.582541868667245,49.20586467334525,-6575.693791445626
11.218314765723719,6.294146503469944,0.676328265162958,49.53370743836798,-6573.061882929055
11.218314765723719,6.294146503469944,0.676328265162958,49.53370743836798,-6573.061882929055
11.218314765723719,6.294146503469944,0.676328265162958,49.53370743836798,-6573.061882929055
10.771291515765506,5.2434068586050255,0.7290151894490247,49.90217988659033,-6574.842280707548
11.87051087522414,5.466100953209348,1.0030594174023886,49.96506067371064,-6574.66051314731
11.87051087522414,5.466100953209348,1.0030594174023886,49.96506067371064,-6574.66051314731
11.87051087522414,5.466100953209348,1.0030594174023886,49.96506067371064,-6574.66051314731
11.861320968628462,5.046603547029135,0.9801761637036639,50.12541934842878,-6573.692904148467
11.861320968628462,5.046603547029135,0.9801761637036639,50.12541934842878,-6573.692904148467
11.861320968628462,5.046603547029135,0.9801761637036639,50.12541934842878,-6573.692904148467
11.861320968628462,5.046603547029135,0.9801761637036639,50.12541934842878,-6573.692904148467
11.861320968628462,5.046603547029135,0.9801761637036639,50.12541934842878,-6573.692904148467
11.861320968628462,5.046603547029135,0.9801761637036639,50.12541934842878,-6573.692904148467
11.861320968628462,5.046603547029135,0.9801761637036639,50.12541934842878,-6573.692904148467
11.861320968628462,5.046603547029135,0.9801761637036639,50.12541934842878,-6573.692904148467
11.861320968628462,5.046603547029135,0.9801761637036639,50.12541934842878,-6573.692904148467
10.809588577170757,5.750363548801286,1.0758254280723165,50.85987666493636,-6573.216584000284
10.039687421602252,8.284161717879822,0.9123746907848815,50.07428643371771,-6570.940630827035
10.039687421602252,8.284161717879822,0.9123746907848815,50.07428643371771,-6570.940630827035
10.039687421602252,8.284161717879822,0.9123746907848815,50.07428643371771,-6570.940630827035
9.923291808410873,7.944488955434972,0.8984942748479607,50.28099167481544,-6570.639138442402
9.714229350551761,7.271848875603217,0.8631884001191438,50.61115163490577,-6571.729893188905
10.023892582376703,7.630094250214009,1.0096842452636083,50.07154860639256,-6571.747999118408
10.023892582376703,7.630094250214009,1.0096842452636083,50.07154860639256,-6571.747999118408
10.023892582376703,7.630094250214009,1.0096842452636083,50.07154860639256,-6571.747999118408
10.023892582376703,7.630094250214009,1.0096842452636083,50.07154860639256,-6571.747999118408
10.023892582376703,7.630094250214009,1.0096842452636083,50.07154860639256,-6571.747999118408
10.590450531265153,4.954420284006842,1.1729474507078905,50.12942131244166,-6574.354737733385
10.590450531265153,4.954420284006842,1.1729474507078905,50.12942131244166,-6574.354737733385
11.739804513875502,6.251888702202603,0.9426273200529821,49.654779520637895,-6574.612562826838
11.739804513875502,6.251888702202603,0.9426273200529821,49.654779520637895,-6574.612562826838
11.739804513875502,6.251888702202603,0.9426273200529821,49.654779520637895,-6574.612562826838
11.545581685432353,6.0408512829133345,0.9014537701638001,49.7908135936134,-6572.806114219635
11.545581685432353,6.0408512829133345,0.9014537701638001,49.7908135936134,-6572.806114219635
11.545581685432353,6.0408512829133345,0.9014537701638001,49.7908135936134,-6572.806114219635
11.987081340887617,6.290077526429066,0.8640999456175016,50.6727749626133,-6573.755694747222
11.987081340887617,6.290077526429066,0.8640999456175016,50.6727749626133,-6573.755694747222
11.987081340887617,6.290077526429066,0.8640999456175016,50.6727749626133,-6573.755694747222
11.902898689465784,6.695728994541913,0.6947600713080258,49.65493917811995,-6573.268255855189
11.556608305116187,6.315370675303941,0.6964557191379664,50.1137521679678,-6571.698274819007
11.556608305116187,6.315370675303941,0.6964557191379664,50.1137521679678,-6571.698274819007
11.556608305116187,6.315370675303941,0.6964557191379664,50.1137521679678,-6571.698274819007
11.556608305116187,6.315370675303941,0.6964557191379664,50.1137521679678,-6571.698274819007
11.556608305116187,6.315370675303941,0.6964557191379664,50.1137521679678,-6571.698274819007
11.556608305116187,6.315370675303941,0.6964557191379664,50.1137521679678,-6571.698274819007
11.556608305116187,6.315370675303941,0.6964557191379664,50.1137521679678,-6571.698274819007
11.556608305116187,6.315370675303941,0.6964557191379664,50.1137521679678,-6571.698274819007
11.556608305116187,6.315370675303941,0.6964557191379664,50.1137521679678,-6571.698274819007
11.556608305116187,6.315370675303941,0.6964557191379664,50.1137521679678,-6571.698274819007
11.556608305116187,6.315370675303941,0.6964557191379664,50.1137521679678,-6571.698274819007
11.556608305116187,6.315370675303941,0.6964557191379664,50.1137521679678,-6571.698274819007
11.961316701359598,7.558504993256481,0.652844232979657,49.635067966812244,-6574.231259282221
11.961316701359598,7.558504993256481,0.652844232979657,49.635067966812244,-6574.231259282221
11.961316701359598,7.558504993256481,0.652844232979657,49.635067966812244,-6574.231259282221
10.50790481622564,7.017333484790717,0.6250893685929376,49.91829431542176,-6573.4384370006355
10.50790481622564,7.017333484790717,0.6250893685929376,49.91829431542176,-6573.4384370006355
10.50790481622564,7.017333484790717,0.6250893685929376,49.91829431542176,-6573.4384370006355
10.50790481622564,7.017333484790717,0.6250893685929376,49.91829431542176,-6573.4384370006355
10.50790481622564,7.017333484790717,0.6250893685929376,49.91829431542176,-6573.4384370006355
10.50790481622564,7.017333484790717,0.6250893685929376,49.91829431542176,-6573.4384370006355
9.99074938192026,7.761401969656639,0.7540024457660653,50.342628883366245,-6570.825303492494
9.99074938192026,7.761401969656639,0.7540024457660653,50.342628883366245,-6570.825303492494
10.19391179890417,9.332829844002006,0.7538471368643966,50.508098719299376,-6570.519747781434
10.19391179890417,9.332829844002006,0.7538471368643966,50.508098719299376,-6570.519747781434
10.19391179890417,9.332829844002006,0.7538471368643966,50.508098719299376,-6570.519747781434
10.19391179890417,9.332829844002006,0.7538471368643966,50.508098719299376,-6570.519747781434
9.404881482059952,10.45964800050895,0.9855255278755869,50.11611390363874,-6573.494583415993
9.404881482059952,10.45964800050895,0.9855255278755869,50.11611390363874,-6573.494583415993
9.404881482059952,10.45964800050895,0.9855255278755869,50.11611390363874,-6573.494583415993
9.404881482059952,10.45964800050895,0.9855255278755869,50.11611390363874,-6573.494583415993
9.404881482059952,10.45964800050895,0.9855255278755869,50.11611390363874,-6573.494583415993
9.886996214190221,10.184510452108425,0.8122948140080379,49.82355735874957,-6571.816771881726
9.886996214190221,10.184510452108425,0.8122948140080379,49.82355735874957,-6571.816771881726
9.886996214190221,10.184510452108425,0.8122948140080379,49.82355735874957,-6571.816771881726
9.886996214190221,10.184510452108425,0.8122948140080379,49.82355735874957,-6571.816771881726
9.886996214190221,10.184510452108425,0.8122948140080379,49.82355735874957,-6571.816771881726
9.886996214190221,10.184510452108425,0.8122948140080379,49.82355735874957,-6571.816771881726
10.03728742965471,8.863832442209693,0.7451919838216728,49.30482900721317,-6571.919916094552
10.594476409028484,5.703843540870917,0.8617299201538788,49.87395569681854,-6572.254603104015
10.594476409028484,5.703843540870917,0.8617299201538788,49.87395569681854,-6572.254603104015
10.594476409028484,5.703843540870917,0.8617299201538788,49.87395569681854,-6572.254603104015
10.594476409028484,5.703843540870917,0.8617299201538788,49.87395569681854,-6572.254603104015
10.371871281962402,6.115222871310952,0.7382711313186336,49.80568577000307,-6573.804660356231
10.371871281962402,6.115222871310952,0.7382711313186336,49.80568577000307,-6573.804660356231
10.371871281962402,6.115222871310952,0.7382711313186336,49.80568577000307,-6573.804660356231
10.371871281962402,6.115222871310952,0.7382711313186336,49.80568577000307,-6573.804660356231
10.371871281962402,6.115222871310952,0.7382711313186336,49.80568577000307,-6573.804660356231
10.371871281962402,6.115222871310952,0.7382711313186336,49.80568577000307,-6573.804660356231
10.371871281962402,6.115222871310952,0.7382711313186336,49.80568577000307,-6573.804660356231
11.033418690110569,9.252193896512036,0.8016297625762516,49.3792696667007,-6575.182238949854
11.033418690110569,9.252193896512036,0.8016297625762516,49.3792696667007,-6575.182238949854
11.033418690110569,9.252193896512036,0.8016297625762516,49.3792696667007,-6575.182238949854
11.033418690110569,9.252193896512036,0.8016297625762516,49.3792696667007,-6575.182238949854
11.033418690110569,9.252193896512036,0.8016297625762516,49.3792696667007,-6575.182238949854
10.207407604882972,10.94759576914445,0.7882955631673749,49.78998263618146,-6574.059677382285
9.972851296876696,8.440840472046755,0.8104683915081505,50.180102511882474,-6570.255412134166
9.972851296876696,8.440840472046755,0.8104683915081505,50.180102511882474,-6570.255412134166
9.346875833969046,8.001615154010928,0.7256070245106321,50.61830884917532,-6573.620682978031
9.068562820838414,10.938040801737058,0.7534613996149877,50.44602194083137,-6571.123407195668
9.068562820838414,10.938040801737058,0.7534613996149877,50.44602194083137,-6571.123407195668
9.068562820838414,10.938040801737058,0.7534613996149877,50.44602194083137,-6571.123407195668
9.068562820838414,10.938040801737058,0.7534613996149877,50.44602194083137,-6571.123407195668
9.068562820838414,10.938040801737058,0.7534613996149877,50.44602194083137,-6571.123407195668
9.068562820838414,10.938040801737058,0.7534613996149877,50.44602194083137,-6571.123407195668
9.068562820838414,10.938040801737058,0.7534613996149877,50.44602194083137,-6571.123407195668
9.068562820838414,10.938040801737058,0.7534613996149877,50.44602194083137,-6571.123407195668
9.068562820838414,10.938040801737058,0.7534613996149877,50.44602194083137,-6571.123407195668
9.068562820838414,10.938040801737058,0.7534613996149877,50.44602194083137,-6571.123407195668
9.850079208115641,10.502616865764145,0.7691004346954624,50.443921767797754,-6571.33620797408
9.850079208115641,10.502616865764145,0.7691004346954624,50.443921767797754,-6571.33620797408
9.850079208115641,10.502616865764145,0.7691004346954624,50.443921767797754,-6571.33620797408
9.850079208115641,10.502616865764145,0.7691004346954624,50.443921767797754,-6571.33620797408
9.254329678325442,10.36687476181443,0.6723687246612922,50.636003478760514,-6571.235987808612
9.254329678325442,10.36687476181443,0.6723687246612922,50.636003478760514,-6571.235987808612
9.254329678325442,10.36687476181443,0.6723687246612922,50.636003478760514,-6571.235987808612
9.254329678325442,10.36687476181443,0.6723687246612922,50.636003478760514,-6571.235987808612
9.19396505126021,11.789970712425687,0.6471515201374191,50.132494855118274,-6571.664455996421
9.19396505126021,11.789970712425687,0.6471515201374191,50.132494855118274,-6571.664455996421
9.19396505126021,11.789970712425687,0.6471515201374191,50.132494855118274,-6571.664455996421
9.19396505126021,11.789970712425687,0.6471515201374191,50.132494855118274,-6571.664455996421
9.720423201748867,11.77987095563318,0.7150104770092609,49.59471144168223,-6573.466322061298
9.720423201748867,11.77987095563318,0.7150104770092609,49.59471144168223,-6573.466322061298
9.720423201748867,11.77987095563318,0.7150104770092609,49.59471144168223,-6573.466322061298
9.978103632883975,11.536458466376086,0.7822154195690705,49.58724043977092,-6574.753474884307
9.901573066910005,9.891573934250898,0.913474879682808,49.43621328495838,-6573.576454520206
9.901573066910005,9.891573934250898,0.913474879682808,49.43621328495838,-6573.576454520206
9.901573066910005,9.891573934250898,0.913474879682808,49.43621328495838,-6573.576454520206
9.901573066910005,9.891573934250898,0.913474879682808,49.43621328495838,-6573.576454520206
9.664491940453317,6.771547349882607,1.0707275574735995,49.66934814442819,-6573.464799105331
9.664491940453317,6.771547349882607,1.0707275574735995,49.66934814442819,-6573.464799105331
9.664491940453317,6.771547349882607,1.0707275574735995,49.66934814442819,-6573.464799105331
9.519711793966666,9.004880201722317,1.0533024466646224,49.53211836312917,-6573.64031572264
9.519711793966666,9.004880201722317,1.0533024466646224,49.53211836312917,-6573.64031572264
9.303779228112052,8.87045854278118,0.9579378257944159,49.311084853163976,-6572.971853527026
9.303779228112052,8.87045854278118,0.9579378257944159,49.311084853163976,-6572.971853527026
8.360774832825019,10.631116148444397,0.9565452816195058,49.95666061268576,-6573.376471235726
8.360774832825019,10.631116148444397,0.9565452816195058,49.95666061268576,-6573.376471235726
8.360774832825019,10.631116148444397,0.9565452816195058,49.95666061268576,-6573.376471235726
8.840907783931614,9.557316128594023,0.8238028316697564,49.03694532088736,-6574.531891696912
8.840907783931614,9.557316128594023,0.8238028316697564,49.03694532088736,-6574.531891696912
8.840907783931614,9.557316128594023,0.8238028316697564,49.03694532088736,-6574.531891696912
8.840907783931614,9.557316128594023,0.8238028316697564,49.03694532088736,-6574.531891696912
8.840907783931614,9.557316128594023,0.8238028316697564,49.03694532088736,-6574.531891696912
8.840907783931614,9.557316128594023,0.8238028316697564,49.03694532088736,-6574.531891696912
8.840907783931614,9.557316128594023,0.8238028316697564,49.03694532088736,-6574.531891696912
8.840907783931614,9.557316128594023,0.8238028316697564,49.03694532088736,-6574.531891696912
8.840907783931614,9.557316128594023,0.8238028316697564,49.03694532088736,-6574.531891696912
8.840907783931614,9.557316128594023,0.8238028316697564,49.03694532088736,-6574.531891696912
8.840907783931614,9.557316128594023,0.8238028316697564,49.03694532088736,-6574.531891696912
8.840907783931614,9.557316128594023,0.8238028316697564,49.03694532088736,-6574.531891696912
8.840907783931614,9.557316128594023,0.8238028316697564,49.03694532088736,-6574.531891696912
8.840907783931614,9.557316128594023,0.8238028316697564,49.03694532088736,-6574.531891696912
8.840907783931614,9.557316128594023,0.8238028316697564,49.03694532088736,-6574.531891696912
8.840907783931614,9.557316128594023,0.8238028316697564,49.03694532088736,-6574.531891696912
8.840907783931614,9.557316128594023,0.8238028316697564,49.03694532088736,-6574.531891696912
8.840907783931614,9.557316128594023,0.8238028316697564,49.03694532088736,-6574.531891696912
8.840907783931614,9.557316128594023,0.8238028316697564,49.03694532088736,-6574.531891696912
8.840907783931614,9.557316128594023,0.8238028316697564,49.03694532088736,-6574.531891696912
8.840907783931614,9.557316128594023,0.8238028316697564,49.03694532088736,-6574.531891696912
8.840907783931614,9.557316128594023,0.8238028316697564,49.03694532088736,-6574.531891696912
8.840907783931614,9.557316128594023,0.8238028316697564,49.03694532088736,-6574.531891696912
8.840907783931614,9.557316128594023,0.8238028316697564,49.03694532088736,-6574.531891696912
8.840907783931614,9.557316128594023,0.8238028316697564,49.03694532088736,-6574.531891696912
8.840907783931614,9.557316128594023,0.8238028316697564,49.03694532088736,-6574.531891696912
8.840907783931614,9.557316128594023,0.8238028316697564,49.03694532088736,-6574.531891696912
9.788269921277651,9.02875040024001,0.8782678748471298,50.04533191274879,-6570.862671593781
9.788269921277651,9.02875040024001,0.8782678748471298,50.04533191274879,-6570.862671593781
9.788269921277651,9.02875040024001,0.8782678748471298,50.04533191274879,-6570.862671593781
10.352502874884234,9.085840036732932,0.6541834338487189,49.91639720313114,-6570.902470520128
10.352502874884234,9.085840036732932,0.6541834338487189,49.91639720313114,-6570.902470520128
10.352502874884234,9.085840036732932,0.6541834338487189,49.91639720313114,-6570.902470520128
10.352502874884234,9.085840036732932,0.6541834338487189,49.91639720313114,-6570.902470520128
10.097066511058332,8.749620663030367,0.8324564701412089,51.12765038517873,-6571.356939263857
10.097066511058332,8.749620663030367,0.8324564701412089,51.12765038517873,-6571.356939263857
10.02909556449813,9.450882624649779,0.7399454634712351,50.95757820866874,-6570.842369863685
10.02909556449813,9.450882624649779,0.7399454634712351,50.95757820866874,-6570.842369863685
10.02909556449813,9.450882624649779,0.7399454634712351,50.95757820866874,-6570.842369863685
10.02909556449813,9.450882624649779,0.7399454634712351,50.95757820866874,-6570.842369863685
10.02909556449813,9.450882624649779,0.7399454634712351,50.95757820866874,-6570.842369863685
10.02909556449813,9.450882624649779,0.7399454634712351,50.95757820866874,-6570.842369863685
10.02909556449813,9.450882624649779,0.7399454634712351,50.95757820866874,-6570.842369863685
10.02909556449813,9.450882624649779,0.7399454634712351,50.95757820866874,-6570.842369863685
10.02909556449813,9.450882624649779,0.7399454634712351,50.95757820866874,-6570.842369863685
10.460733395981332,8.944453179093843,0.7255686762576575,52.025216837633806,-6574.365003417075
10.460733395981332,8.944453179093843,0.7255686762576575,52.025216837633806,-6574.365003417075
10.460733395981332,8.944453179093843,0.7255686762576575,52.025216837633806,-6574.365003417075
10.460733395981332,8.944453179093843,0.7255686762576575,52.025216837633806,-6574.365003417075
8.89421905059414,9.94168434651434,0.8476824750577403,52.04167002499913,-6576.426294658608
9.94046378752144,7.348497362087707,0.7946897504250605,51.03246587010664,-6571.938758629724
9.94046378752144,7.348497362087707,0.7946897504250605,51.03246587010664,-6571.938758629724
10.522315521044234,7.7228487563462975,0.9251921998513328,51.20704158644923,-6572.378023482905
10.522315521044234,7.7228487563462975,0.9251921998513328,51.20704158644923,-6572.378023482905
10.522315521044234,7.7228487563462975,0.9251921998513328,51.20704158644923,-6572.378023482905
10.522315521044234,7.7228487563462975,0.9251921998513328,51.20704158644923,-6572.378023482905
10.522315521044234,7.7228487563462975,0.9251921998513328,51.20704158644923,-6572.378023482905
10.522315521044234,7.7228487563462975,0.9251921998513328,51.20704158644923,-6572.378023482905
10.522315521044234,7.7228487563462975,0.9251921998513328,51.20704158644923,-6572.378023482905
10.823303329492598,8.737572134801432,0.824619037700148,51.142990192124785,-6572.922631532372
10.823303329492598,8.737572134801432,0.824619037700148,51.142990192124785,-6572.922631532372
11.085341008744525,7.1046983220085504,0.7673944568146215,50.813178513976986,-6570.920365863047
10.879313837457248,7.267965113475809,0.759132665516327,51.03531208039644,-6571.029939828963
10.879313837457248,7.267965113475809,0.759132665516327,51.03531208039644,-6571.029939828963
10.879313837457248,7.267965113475809,0.759132665516327,51.03531208039644,-6571.029939828963
10.879313837457248,7.267965113475809,0.759132665516327,51.03531208039644,-6571.029939828963
10.80163685536387,6.781731114030424,0.813439162986069,50.121494574231434,-6570.667990232491
10.80163685536387,6.781731114030424,0.813439162986069,50.121494574231434,-6570.667990232491
10.80163685536387,6.781731114030424,0.813439162986069,50.121494574231434,-6570.667990232491
10.80163685536387,6.781731114030424,0.813439162986069,50.121494574231434,-6570.667990232491
10.80163685536387,6.781731114030424,0.813439162986069,50.121494574231434,-6570.667990232491
10.80163685536387,6.781731114030424,0.813439162986069,50.121494574231434,-6570.667990232491
10.80163685536387,6.781731114030424,0.813439162986069,50.121494574231434,-6570.667990232491
10.80163685536387,6.781731114030424,0.813439162986069,50.121494574231434,-6570.667990232491
10.80163685536387,6.781731114030424,0.813439162986069,50.121494574231434,-6570.667990232491
10.80163685536387,6.781731114030424,0.813439162986069,50.121494574231434,-6570.667990232491
10.80163685536387,6.781731114030424,0.813439162986069,50.121494574231434,-6570.667990232491
10.344607231131885,8.968797163407435,0.737240107756636,50.10436273694454,-6570.492282823889
10.344607231131885,8.968797163407435,0.737240107756636,50.10436273694454,-6570.492282823889
10.344607231131885,8.968797163407435,0.737240107756636,50.10436273694454,-6570.492282823889
10.344607231131885,8.968797163407435,0.737240107756636,50.10436273694454,-6570.492282823889
10.344607231131885,8.968797163407435,0.737240107756636,50.10436273694454,-6570.492282823889
10.344607231131885,8.968797163407435,0.737240107756636,50.10436273694454,-6570.492282823889
10.344607231131885,8.968797163407435,0.737240107756636,50.10436273694454,-6570.492282823889
10.344607231131885,8.968797163407435,0.737240107756636,50.10436273694454,-6570.492282823889
10.344607231131885,8.968797163407435,0.737240107756636,50.10436273694454,-6570.492282823889
10.344607231131885,8.968797163407435,0.737240107756636,50.10436273694454,-6570.492282823889
10.344607231131885,8.968797163407435,0.737240107756636,50.10436273694454,-6570.492282823889
10.344607231131885,8.968797163407435,0.737240107756636,50.10436273694454,-6570.492282823889
10.344607231131885,8.968797163407435,0.737240107756636,50.10436273694454,-6570.492282823889
11.214681261395054,6.807058874531933,0.6946408037657843,49.614393113634485,-6572.12145489529
11.214681261395054,6.807058874531933,0.6946408037657843,49.614393113634485,-6572.12145489529
11.214681261395054,6.807058874531933,0.6946408037657843,49.614393113634485,-6572.12145489529
11.253103670423773,8.292538241038136,0.689994955789662,49.83273898263705,-6572.216272377487
11.253103670423773,8.292538241038136,0.689994955789662,49.83273898263705,-6572.216272377487
9.571968931420974,10.32404933822096,0.5676762049909685,50.43439906418838,-6571.990371121461
9.571968931420974,10.32404933822096,0.5676762049909685,50.43439906418838,-6571.990371121461
9.571968931420974,10.32404933822096,0.5676762049909685,50.43439906418838,-6571.990371121461
9.571968931420974,10.32404933822096,0.5676762049909685,50.43439906418838,-6571.990371121461
9.571968931420974,10.32404933822096,0.5676762049909685,50.43439906418838,-6571.990371121461
9.571968931420974,10.32404933822096,0.5676762049909685,50.43439906418838,-6571.990371121461
9.571968931420974,10.32404933822096,0.5676762049909685,50.43439906418838,-6571.990371121461
9.63406777348746,11.052877625111957,0.697333846856374,51.022909762675674,-6571.799427824414
9.63406777348746,11.052877625111957,0.697333846856374,51.022909762675674,-6571.799427824414
9.63406777348746,11.052877625111957,0.697333846856374,51.022909762675674,-6571.799427824414
9.63406777348746,11.052877625111957,0.697333846856374,51.022909762675674,-6571.799427824414
9.63406777348746,11.052877625111957,0.697333846856374,51.022909762675674,-6571.799427824414
9.63406777348746,11.052877625111957,0.697333846856374,51.022909762675674,-6571.799427824414
9.63406777348746,11.052877625111957,0.697333846856374,51.022909762675674,-6571.799427824414
9.63406777348746,11.052877625111957,0.697333846856374,51.022909762675674,-6571.799427824414
9.63406777348746,11.052877625111957,0.697333846856374,51.022909762675674,-6571.799427824414
9.63406777348746,11.052877625111957,0.697333846856374,51.022909762675674,-6571.799427824414
9.63406777348746,11.052877625111957,0.697333846856374,51.022909762675674,-6571.799427824414
9.63406777348746,11.052877625111957,0.697333846856374,51.022909762675674,-6571.799427824414
9.63406777348746,11.052877625111957,0.697333846856374,51.022909762675674,-6571.799427824414
9.350925348972753,10.124758545548424,0.6258159097974236,50.65545550444583,-6571.757758501861
10.66263289647358,9.297879978088414,0.779718167105969,51.35523180261341,-6573.166561580613
10.66263289647358,9.297879978088414,0.779718167105969,51.35523180261341,-6573.166561580613
11.162713861112735,5.352932597459019,1.0257887006379325,51.01122290036816,-6573.212288275053
11.162713861112735,5.352932597459019,1.0257887006379325,51.01122290036816,-6573.212288275053
11.162713861112735,5.352932597459019,1.0257887006379325,51.01122290036816,-6573.212288275053
10.367323000555231,5.481557627262445,1.0628082981627371,50.967677202351396,-6573.504078295407
10.367323000555231,5.481557627262445,1.0628082981627371,50.967677202351396,-6573.504078295407
10.367323000555231,5.481557627262445,1.0628082981627371,50.967677202351396,-6573.504078295407
10.367323000555231,5.481557627262445,1.0628082981627371,50.967677202351396,-6573.504078295407
9.502124316167466,6.9961898104076745,1.024975566432428,50.2643445979478,-6572.735456425979
9.502124316167466,6.9961898104076745,1.024975566432428,50.2643445979478,-6572.735456425979
9.502124316167466,6.9961898104076745,1.024975566432428,50.2643445979478,-6572.735456425979
9.409466003254913,8.777506797081623,0.9712871566726955,49.63474903606175,-6572.177964790591
9.409466003254913,8.777506797081623,0.9712871566726955,49.63474903606175,-6572.177964790591
9.409466003254913,8.777506797081623,0.9712871566726955,49.63474903606175,-6572.177964790591
9.409466003254913,8.777506797081623,0.9712871566726955,49.63474903606175,-6572.177964790591
9.409466003254913,8.777506797081623,0.9712871566726955,49.63474903606175,-6572.177964790591
9.409466003254913,8.777506797081623,0.9712871566726955,49.63474903606175,-6572.177964790591
9.409466003254913,8.777506797081623,0.9712871566726955,49.63474903606175,-6572.177964790591
9.409466003254913,8.777506797081623,0.9712871566726955,49.63474903606175,-6572.177964790591
9.409466003254913,8.777506797081623,0.9712871566726955,49.63474903606175,-6572.177964790591
9.409466003254913,8.777506797081623,0.9712871566726955,49.63474903606175,-6572.177964790591
9.16364293706127,8.444774925018715,0.8828913341557615,49.660037110390284,-6572.457568979931
9.16364293706127,8.444774925018715,0.8828913341557615,49.660037110390284,-6572.457568979931
9.16364293706127,8.444774925018715,0.8828913341557615,49.660037110390284,-6572.457568979931
9.16364293706127,8.444774925018715,0.8828913341557615,49.660037110390284,-6572.457568979931
9.16364293706127,8.444774925018715,0.8828913341557615,49.660037110390284,-6572.457568979931
9.16364293706127,8.444774925018715,0.8828913341557615,49.660037110390284,-6572.457568979931
10.470124957300197,7.802345248230163,0.9447737811781766,50.10269368195802,-6571.627332947469
10.470124957300197,7.802345248230163,0.9447737811781766,50.10269368195802,-6571.627332947469
10.470124957300197,7.802345248230163,0.9447737811781766,50.10269368195802,-6571.627332947469
10.470124957300197,7.802345248230163,0.9447737811781766,50.10269368195802,-6571.627332947469
10.470124957300197,7.802345248230163,0.9447737811781766,50.10269368195802,-6571.627332947469
10.69968045463027,8.614967467999927,0.8863211250882328,49.5583718134229,-6573.358941423169
10.69968045463027,8.614967467999927,0.8863211250882328,49.5583718134229,-6573.358941423169
10.69968045463027,8.614967467999927,0.8863211250882328,49.5583718134229,-6573.358941423169
10.69968045463027,8.614967467999927,0.8863211250882328,49.5583718134229,-6573.358941423169
10.234283831513526,7.88511701886727,0.6994185074741361,49.95086759733767,-6571.055966572891
10.234283831513526,7.88511701886727,0.6994185074741361,49.95086759733767,-6571.055966572891
10.234283831513526,7.88511701886727,0.6994185074741361,49.95086759733767,-6571.055966572891
10.234283831513526,7.88511701886727,0.6994185074741361,49.95086759733767,-6571.055966572891
10.234283831513526,7.88511701886727,0.6994185074741361,49.95086759733767,-6571.055966572891
10.234283831513526,7.88511701886727,0.6994185074741361,49.95086759733767,-6571.055966572891
11.066022108301835,8.756865412406967,0.7626646438512331,50.17271277640761,-6572.377925754909
11.066022108301835,8.756865412406967,0.7626646438512331,50.17271277640761,-6572.377925754909
11.066022108301835,8.756865412406967,0.7626646438512331,50.17271277640761,-6572.377925754909
11.066022108301835,8.756865412406967,0.7626646438512331,50.17271277640761,-6572.377925754909
11.066022108301835,8.756865412406967,0.7626646438512331,50.17271277640761,-6572.377925754909
11.070899025236475,6.479310957999003,0.868801263791187,50.79849267242654,-6571.289449310341
11.070899025236475,6.479310957999003,0.868801263791187,50.79849267242654,-6571.289449310341
11.070899025236475,6.479310957999003,0.868801263791187,50.79849267242654,-6571.289449310341
11.070899025236475,6.479310957999003,0.868801263791187,50.79849267242654,-6571.289449310341
11.070899025236475,6.479310957999003,0.868801263791187,50.79849267242654,-6571.289449310341
11.070899025236475,6.479310957999003,0.868801263791187,50.79849267242654,-6571.289449310341
11.070899025236475,6.479310957999003,0.868801263791187,50.79849267242654,-6571.289449310341
11.070899025236475,6.479310957999003,0.868801263791187,50.79849267242654,-6571.289449310341
11.070899025236475,6.479310957999003,0.868801263791187,50.79849267242654,-6571.289449310341
11.070899025236475,6.479310957999003,0.868801263791187,50.79849267242654,-6571.289449310341
11.070899025236475,6.479310957999003,0.868801263791187,50.79849267242654,-6571.289449310341
11.070899025236475,6.479310957999003,0.868801263791187,50.79849267242654,-6571.289449310341
11.070899025236475,6.479310957999003,0.868801263791187,50.79849267242654,-6571.289449310341
11.070899025236475,6.479310957999003,0.868801263791187,50.79849267242654,-6571.289449310341
11.070899025236475,6.479310957999003,0.868801263791187,50.79849267242654,-6571.289449310341
11.070899025236475,6.479310957999003,0.868801263791187,50.79849267242654,-6571.289449310341
11.070899025236475,6.479310957999003,0.868801263791187,50.79849267242654,-6571.289449310341
10.22575511294293,7.560286326921469,0.8513886017893075,51.34972251545304,-6571.905588987941
10.22575511294293,7.560286326921469,0.8513886017893075,51.34972251545304,-6571.905588987941
10.22575511294293,7.560286326921469,0.8513886017893075,51.34972251545304,-6571.905588987941
10.22575511294293,7.560286326921469,0.8513886017893075,51.34972251545304,-6571.905588987941
10.22575511294293,7.560286326921469,0.8513886017893075,51.34972251545304,-6571.905588987941
10.22575511294293,7.560286326921469,0.8513886017893075,51.34972251545304,-6571.905588987941
10.22575511294293,7.560286326921469,0.8513886017893075,51.34972251545304,-6571.905588987941
10.22575511294293,7.560286326921469,0.8513886017893075,51.34972251545304,-6571.905588987941
10.22575511294293,7.560286326921469,0.8513886017893075,51.34972251545304,-6571.905588987941
10.603980154969676,7.675500341579084,0.9202124715174357,51.39792523592446,-6572.9493759947245
10.181300105949553,7.310956876948235,1.037483508900459,50.540650783196526,-6572.111286546255
10.181300105949553,7.310956876948235,1.037483508900459,50.540650783196526,-6572.111286546255
10.181300105949553,7.310956876948235,1.037483508900459,50.540650783196526,-6572.111286546255
10.181300105949553,7.310956876948235,1.037483508900459,50.540650783196526,-6572.111286546255
10.181300105949553,7.310956876948235,1.037483508900459,50.540650783196526,-6572.111286546255
10.181300105949553,7.310956876948235,1.037483508900459,50.540650783196526,-6572.111286546255
10.181300105949553,7.310956876948235,1.037483508900459,50.540650783196526,-6572.111286546255
10.181300105949553,7.310956876948235,1.037483508900459,50.540650783196526,-6572.111286546255
10.181300105949553,7.310956876948235,1.037483508900459,50.540650783196526,-6572.111286546255
11.606268833564737,6.231568005800188,0.7747386461729533,49.57272653589807,-6572.633807373852
11.606268833564737,6.231568005800188,0.7747386461729533,49.57272653589807,-6572.633807373852
11.606268833564737,6.231568005800188,0.7747386461729533,49.57272653589807,-6572.633807373852
11.606268833564737,6.231568005800188,0.7747386461729533,49.57272653589807,-6572.633807373852
11.606268833564737,6.231568005800188,0.7747386461729533,49.57272653589807,-6572.633807373852
11.606268833564737,6.231568005800188,0.7747386461729533,49.57272653589807,-6572.633807373852
11.088530539013055,7.791972309086748,0.8438082922165067,50.120994766819116,-6572.031350033097
9.193471711070085,8.387609831114736,0.8207932123311371,50.48201764806478,-6572.091988671149
8.743205660229483,10.425897934066423,0.7362731138209413,50.591086178276605,-6572.140347043391
8.743205660229483,10.425897934066423,0.7362731138209413,50.591086178276605,-6572.140347043391
8.743205660229483,10.425897934066423,0.7362731138209413,50.591086178276605,-6572.140347043391
8.743205660229483,10.425897934066423,0.7362731138209413,50.591086178276605,-6572.140347043391
8.743205660229483,10.425897934066423,0.7362731138209413,50.591086178276605,-6572.140347043391
8.743205660229483,10.425897934066423,0.7362731138209413,50.591086178276605,-6572.140347043391
8.924021830013364,9.656087819122453,0.8142729631334178,50.65142005808596,-6571.7545139215645
8.924021830013364,9.656087819122453,0.8142729631334178,50.65142005808596,-6571.7545139215645
8.924021830013364,9.656087819122453,0.8142729631334178,50.65142005808596,-6571.7545139215645
9.399124332471544,8.260176063991722,0.8785510425782868,50.4471649024812,-6571.268367349381
10.212745493129875,6.248804775433366,0.8870029512466255,50.893609190780374,-6572.1686325110095
10.212745493129875,6.248804775433366,0.8870029512466255,50.893609190780374,-6572.1686325110095
10.212745493129875,6.248804775433366,0.8870029512466255,50.893609190780374,-6572.1686325110095
10.212745493129875,6.248804775433366,0.8870029512466255,50.893609190780374,-6572.1686325110095
10.212745493129875,6.248804775433366,0.8870029512466255,50.893609190780374,-6572.1686325110095
10.212745493129875,6.248804775433366,0.8870029512466255,50.893609190780374,-6572.1686325110095
10.212745493129875,6.248804775433366,0.8870029512466255,50.893609190780374,-6572.1686325110095
10.212745493129875,6.248804775433366,0.8870029512466255,50.893609190780374,-6572.1686325110095
10.212745493129875,6.248804775433366,0.8870029512466255,50.893609190780374,-6572.1686325110095
10.212745493129875,6.248804775433366,0.8870029512466255,50.893609190780374,-6572.1686325110095
10.212745493129875,6.248804775433366,0.8870029512466255,50.893609190780374,-6572.1686325110095
10.212745493129875,6.248804775433366,0.8870029512466255,50.893609190780374,-6572.1686325110095
10.212745493129875,6.248804775433366,0.8870029512466255,50.893609190780374,-6572.1686325110095
10.212745493129875,6.248804775433366,0.8870029512466255,50.893609190780374,-6572.1686325110095
10.212745493129875,6.248804775433366,0.8870029512466255,50.893609190780374,-6572.1686325110095
10.212745493129875,6.248804775433366,0.8870029512466255,50.893609190780374,-6572.1686325110095
10.571349523563347,6.313888121971313,1.046358701122637,50.22229984792669,-6572.259054680559
10.571349523563347,6.313888121971313,1.046358701122637,50.22229984792669,-6572.259054680559
10.015962708619202,6.230455241727444,0.8903321982056119,49.70448113134078,-6573.083060539483
10.015962708619202,6.230455241727444,0.8903321982056119,49.70448113134078,-6573.083060539483
10.015962708619202,6.230455241727444,0.8903321982056119,49.70448113134078,-6573.083060539483
10.015962708619202,6.230455241727444,0.8903321982056119,49.70448113134078,-6573.083060539483
10.015962708619202,6.230455241727444,0.8903321982056119,49.70448113134078,-6573.083060539483
10.015962708619202,6.230455241727444,0.8903321982056119,49.70448113134078,-6573.083060539483
10.015962708619202,6.230455241727444,0.8903321982056119,49.70448113134078,-6573.083060539483
10.015962708619202,6.230455241727444,0.8903321982056119,49.70448113134078,-6573.083060539483
10.015962708619202,6.230455241727444,0.8903321982056119,49.70448113134078,-6573.083060539483
10.462631614891446,6.226752286432122,1.0921403943827863,50.46365320450815,-6572.788238054449
10.462631614891446,6.226752286432122,1.0921403943827863,50.46365320450815,-6572.788238054449
9.788585900197853,8.070011926398212,0.9939148549522361,50.804593650822575,-6571.906567696247
9.788585900197853,8.070011926398212,0.9939148549522361,50.804593650822575,-6571.906567696247
9.788585900197853,8.070011926398212,0.9939148549522361,50.804593650822575,-6571.906567696247
9.80475453188141,7.989886711585348,1.0208417102654,50.414205786989534,-6571.855293756682
10.378846118013806,8.872147773549978,0.9195514527027208,50.255659046098096,-6572.325789231367
10.378846118013806,8.872147773549978,0.9195514527027208,50.255659046098096,-6572.325789231367
10.378846118013806,8.872147773549978,0.9195514527027208,50.255659046098096,-6572.325789231367
10.378846118013806,8.872147773549978,0.9195514527027208,50.255659046098096,-6572.325789231367
10.378846118013806,8.872147773549978,0.9195514527027208,50.255659046098096,-6572.325789231367
10.287542931541498,7.976031582314402,0.9102884423413578,50.81143442476709,-6571.246264673352
10.287542931541498,7.976031582314402,0.9102884423413578,50.81143442476709,-6571.246264673352
10.287542931541498,7.976031582314402,0.9102884423413578,50.81143442476709,-6571.246264673352
10.287542931541498,7.976031582314402,0.9102884423413578,50.81143442476709,-6571.246264673352
10.287542931541498,7.976031582314402,0.9102884423413578,50.81143442476709,-6571.246264673352
10.287542931541498,7.976031582314402,0.9102884423413578,50.81143442476709,-6571.246264673352
10.287542931541498,7.976031582314402,0.9102884423413578,50.81143442476709,-6571.246264673352
10.287542931541498,7.976031582314402,0.9102884423413578,50.81143442476709,-6571.246264673352
10.287542931541498,7.976031582314402,0.9102884423413578,50.81143442476709,-6571.246264673352
10.287542931541498,7.976031582314402,0.9102884423413578,50.81143442476709,-6571.246264673352
10.179181761595075,8.769756172618637,0.8623768501368562,50.49498064969909,-6570.894973334238
10.179181761595075,8.769756172618637,0.8623768501368562,50.49498064969909,-6570.894973334238
10.179181761595075,8.769756172618637,0.8623768501368562,50.49498064969909,-6570.894973334238
10.179181761595075,8.769756172618637,0.8623768501368562,50.49498064969909,-6570.894973334238
10.179181761595075,8.769756172618637,0.8623768501368562,50.49498064969909,-6570.894973334238
10.321927355847178,9.115641391701425,0.8146415850270616,50.5763373283725,-6571.082305660401
10.321927355847178,9.115641391701425,0.8146415850270616,50.5763373283725,-6571.082305660401
10.321927355847178,9.115641391701425,0.8146415850270616,50.5763373283725,-6571.082305660401
10.321927355847178,9.115641391701425,0.8146415850270616,50.5763373283725,-6571.082305660401
10.321927355847178,9.115641391701425,0.8146415850270616,50.5763373283725,-6571.082305660401
9.691209550721803,8.789668626132611,0.7692437732197455,50.21896828777506,-6570.429050277115
9.691209550721803,8.789668626132611,0.7692437732197455,50.21896828777506,-6570.429050277115
9.691209550721803,8.789668626132611,0.7692437732197455,50.21896828777506,-6570.429050277115
9.691209550721803,8.789668626132611,0.7692437732197455,50.21896828777506,-6570.429050277115
9.691209550721803,8.789668626132611,0.7692437732197455,50.21896828777506,-6570.429050277115
9.691209550721803,8.789668626132611,0.7692437732197455,50.21896828777506,-6570.429050277115
9.985589975363142,7.431449670987436,0.7256284801923133,49.98258172584081,-6572.014627067601
9.985589975363142,7.431449670987436,0.7256284801923133,49.98258172584081,-6572.014627067601
9.985589975363142,7.431449670987436,0.7256284801923133,49.98258172584081,-6572.014627067601
9.685642967512194,8.245001296079872,0.9870709465765575,49.983775582515555,-6571.63495261744
9.685642967512194,8.245001296079872,0.9870709465765575,49.983775582515555,-6571.63495261744
9.445769304466308,8.787210786263499,0.9953737693267914,49.79028561748613,-6572.154325710106
8.752736340088445,9.882320823572236,0.9346646148771028,50.31182506232823,-6572.172950397009
8.752736340088445,9.882320823572236,0.9346646148771028,50.31182506232823,-6572.172950397009
8.752736340088445,9.882320823572236,0.9346646148771028,50.31182506232823,-6572.172950397009
8.752736340088445,9.882320823572236,0.9346646148771028,50.31182506232823,-6572.172950397009
8.752736340088445,9.882320823572236,0.9346646148771028,50.31182506232823,-6572.172950397009
8.752736340088445,9.882320823572236,0.9346646148771028,50.31182506232823,-6572.172950397009
8.752736340088445,9.882320823572236,0.9346646148771028,50.31182506232823,-6572.172950397009
9.8250426424692,7.108469124337725,0.7780264595005691,50.05420138020262,-6572.472825092635
9.8250426424692,7.108469124337725,0.7780264595005691,50.05420138020262,-6572.472825092635
9.8250426424692,7.108469124337725,0.7780264595005691,50.05420138020262,-6572.472825092635
10.209137834715442,8.703233335229786,0.9195360559348187,50.09281820400738,-6571.672147089756
10.209137834715442,8.703233335229786,0.9195360559348187,50.09281820400738,-6571.672147089756
10.209137834715442,8.703233335229786,0.9195360559348187,50.09281820400738,-6571.672147089756
10.209137834715442,8.703233335229786,0.9195360559348187,50.09281820400738,-6571.672147089756
10.209137834715442,8.703233335229786,0.9195360559348187,50.09281820400738,-6571.672147089756
9.37032830326497,7.423951276849395,1.0558646741422197,50.42373270661655,-6572.832562243362
10.47131939094926,10.298684286308289,0.7207567653810857,50.55393162797633,-6572.306899892166
10.47131939094926,10.298684286308289,0.7207567653810857,50.55393162797633,-6572.306899892166
9.990943265742155,7.691471171450022,0.8892211963909457,51.12987017092137,-6571.588492449755
10.164642220329073,8.008365840075118,0.8999691314139245,51.157106721030146,-6571.703803472281
10.164642220329073,8.008365840075118,0.8999691314139245,51.157106721030146,-6571.703803472281
10.288357492429478,7.8704584777601685,0.6856259682850987,50.17433261047197,-6570.906468772399
10.288357492429478,7.8704584777601685,0.6856259682850987,50.17433261047197,-6570.906468772399
10.288357492429478,7.8704584777601685,0.6856259682850987,50.17433261047197,-6570.906468772399
10.288357492429478,7.8704584777601685,0.6856259682850987,50.17433261047197,-6570.906468772399
10.288357492429478,7.8704584777601685,0.6856259682850987,50.17433261047197,-6570.906468772399
10.312756563836917,8.18681561302307,0.8979561709789105,49.64813122901514,-6571.6913048893075
10.312756563836917,8.18681561302307,0.8979561709789105,49.64813122901514,-6571.6913048893075
10.312756563836917,8.18681561302307,0.8979561709789105,49.64813122901514,-6571.6913048893075
10.312756563836917,8.18681561302307,0.8979561709789105,49.64813122901514,-6571.6913048893075
10.312756563836917,8.18681561302307,0.8979561709789105,49.64813122901514,-6571.6913048893075
11.735143958060107,5.559894925246184,0.8621786833752649,49.6316904670782,-6573.051429294543
11.735143958060107,5.559894925246184,0.8621786833752649,49.6316904670782,-6573.051429294543
11.735143958060107,5.559894925246184,0.8621786833752649,49.6316904670782,-6573.051429294543
11.735143958060107,5.559894925246184,0.8621786833752649,49.6316904670782,-6573.051429294543
11.735143958060107,5.559894925246184,0.8621786833752649,49.6316904670782,-6573.051429294543
11.735143958060107,5.559894925246184,0.8621786833752649,49.6316904670782,-6573.051429294543
11.735143958060107,5.559894925246184,0.8621786833752649,49.6316904670782,-6573.051429294543
11.735143958060107,5.559894925246184,0.8621786833752649,49.6316904670782,-6573.051429294543
11.735143958060107,5.559894925246184,0.8621786833752649,49.6316904670782,-6573.051429294543
11.735143958060107,5.559894925246184,0.8621786833752649,49.6316904670782,-6573.051429294543
10.64262073571416,6.738565213876475,0.9168936275923049,50.06055631771184,-6571.092477996868
10.64262073571416,6.738565213876475,0.9168936275923049,50.06055631771184,-6571.092477996868
10.64262073571416,6.738565213876475,0.9168936275923049,50.06055631771184,-6571.092477996868
10.64262073571416,6.738565213876475,0.9168936275923049,50.06055631771184,-6571.092477996868
10.64262073571416,6.738565213876475,0.9168936275923049,50.06055631771184,-6571.092477996868
10.64262073571416,6.738565213876475,0.9168936275923049,50.06055631771184,-6571.092477996868
10.64262073571416,6.738565213876475,0.9168936275923049,50.06055631771184,-6571.092477996868
10.327483204982338,6.750525507639781,0.9022480391759592,50.10578959733693,-6570.980632816909
10.327483204982338,6.750525507639781,0.9022480391759592,50.10578959733693,-6570.980632816909
10.321336898959371,8.850526299500956,0.7766367277456532,50.332583327725864,-6570.434846206624
10.321336898959371,8.850526299500956,0.7766367277456532,50.332583327725864,-6570.434846206624
10.321336898959371,8.850526299500956,0.7766367277456532,50.332583327725864,-6570.434846206624
10.321336898959371,8.850526299500956,0.7766367277456532,50.332583327725864,-6570.434846206624
10.321336898959371,8.850526299500956,0.7766367277456532,50.332583327725864,-6570.434846206624
10.321336898959371,8.850526299500956,0.7766367277456532,50.332583327725864,-6570.434846206624
10.321336898959371,8.850526299500956,0.7766367277456532,50.332583327725864,-6570.434846206624
10.321336898959371,8.850526299500956,0.7766367277456532,50.332583327725864,-6570.434846206624
10.321336898959371,8.850526299500956,0.7766367277456532,50.332583327725864,-6570.434846206624
10.321336898959371,8.850526299500956,0.7766367277456532,50.332583327725864,-6570.434846206624
10.321336898959371,8.850526299500956,0.7766367277456532,50.332583327725864,-6570.434846206624
10.321336898959371,8.850526299500956,0.7766367277456532,50.332583327725864,-6570.434846206624
10.161534155983523,8.593537309049394,0.7532450678086201,50.38594258289708,-6570.1265504212915
10.161534155983523,8.593537309049394,0.7532450678086201,50.38594258289708,-6570.1265504212915
10.239443991507455,8.482727801285174,0.7964512409600294,50.217076262925374,-6570.265927917355
10.239443991507455,8.482727801285174,0.7964512409600294,50.217076262925374,-6570.265927917355
10.239443991507455,8.482727801285174,0.7964512409600294,50.217076262925374,-6570.265927917355
10.239443991507455,8.482727801285174,0.7964512409600294,50.217076262925374,-6570.265927917355
10.239443991507455,8.482727801285174,0.7964512409600294,50.217076262925374,-6570.265927917355
9.80005157042502,8.531451131863589,0.8027126833529881,49.98009551513896,-6570.518421322886
9.80005157042502,8.531451131863589,0.8027126833529881,49.98009551513896,-6570.518421322886
9.80005157042502,8.531451131863589,0.8027126833529881,49.98009551513896,-6570.518421322886
9.80005157042502,8.531451131863589,0.8027126833529881,49.98009551513896,-6570.518421322886
9.80005157042502,8.531451131863589,0.8027126833529881,49.98009551513896,-6570.518421322886
9.80005157042502,8.531451131863589,0.8027126833529881,49.98009551513896,-6570.518421322886
10.269863407825431,7.134450314967356,0.7687018464843631,50.51750765477883,-6570.917360271122
10.269863407825431,7.134450314967356,0.7687018464843631,50.51750765477883,-6570.917360271122
10.269863407825431,7.134450314967356,0.7687018464843631,50.51750765477883,-6570.917360271122
10.269863407825431,7.134450314967356,0.7687018464843631,50.51750765477883,-6570.917360271122
10.269863407825431,7.134450314967356,0.7687018464843631,50.51750765477883,-6570.917360271122
10.28920105064295,9.28811354443572,0.8179924532777104,50.98817546602962,-6571.757786372234
10.923604344531936,9.842843075634118,0.6199299563736755,50.560256135990805,-6572.312893138618
10.923604344531936,9.842843075634118,0.6199299563736755,50.560256135990805,-6572.312893138618
10.923604344531936,9.842843075634118,0.6199299563736755,50.560256135990805,-6572.312893138618
10.923604344531936,9.842843075634118,0.6199299563736755,50.560256135990805,-6572.312893138618
11.21228086333722,9.422095622633801,0.611306473829015,49.71633422163514,-6573.553440531622
11.355103030167339,8.337049382675927,0.6924146739124197,49.41654945155837,-6573.63464365095
11.355103030167339,8.337049382675927,0.6924146739124197,49.41654945155837,-6573.63464365095
11.355103030167339,8.337049382675927,0.6924146739124197,49.41654945155837,-6573.63464365095
11.355103030167339,8.337049382675927,0.6924146739124197,49.41654945155837,-6573.63464365095
11.355103030167339,8.337049382675927,0.6924146739124197,49.41654945155837,-6573.63464365095
11.355103030167339,8.337049382675927,0.6924146739124197,49.41654945155837,-6573.63464365095
11.355103030167339,8.337049382675927,0.6924146739124197,49.41654945155837,-6573.63464365095
11.596108807635463,6.319896029357213,0.7306703137106347,49.44612333359328,-6572.984327952797
11.596108807635463,6.319896029357213,0.7306703137106347,49.44612333359328,-6572.984327952797
11.086562040703411,7.6686208568457745,0.7693739292222433,49.53173360278617,-6572.176170314637
11.086562040703411,7.6686208568457745,0.7693739292222433,49.53173360278617,-6572.176170314637
10.63591456612672,8.287064689093114,0.6950261576118137,49.71026843588354,-6571.173538194425
10.63591456612672,8.287064689093114,0.6950261576118137,49.71026843588354,-6571.173538194425
10.63591456612672,8.287064689093114,0.6950261576118137,49.71026843588354,-6571.173538194425
10.63591456612672,8.287064689093114,0.6950261576118137,49.71026843588354,-6571.173538194425
10.185231630346719,8.017968410369152,0.7454960337586566,49.933464881071956,-6570.620426453161
10.185231630346719,8.017968410369152,0.7454960337586566,49.933464881071956,-6570.620426453161
10.185231630346719,8.017968410369152,0.7454960337586566,49.933464881071956,-6570.620426453161
10.185231630346719,8.017968410369152,0.7454960337586566,49.933464881071956,-6570.620426453161
10.185231630346719,8.017968410369152,0.7454960337586566,49.933464881071956,-6570.620426453161
10.185231630346719,8.017968410369152,0.7454960337586566,49.933464881071956,-6570.620426453161
10.185231630346719,8.017968410369152,0.7454960337586566,49.933464881071956,-6570.620426453161
10.185231630346719,8.017968410369152,0.7454960337586566,49.933464881071956,-6570.620426453161
10.185231630346719,8.017968410369152,0.7454960337586566,49.933464881071956,-6570.620426453161
10.185231630346719,8.017968410369152,0.7454960337586566,49.933464881071956,-6570.620426453161
10.185231630346719,8.017968410369152,0.7454960337586566,49.933464881071956,-6570.620426453161
10.185231630346719,8.017968410369152,0.7454960337586566,49.933464881071956,-6570.620426453161
10.688438641895182,9.667497744538633,0.587160713854936,49.890491098789084,-6572.039421974547
10.688438641895182,9.667497744538633,0.587160713854936,49.890491098789084,-6572.039421974547
10.688438641895182,9.667497744538633,0.587160713854936,49.890491098789084,-6572.039421974547
10.688438641895182,9.667497744538633,0.587160713854936,49.890491098789084,-6572.039421974547
10.688438641895182,9.667497744538633,0.587160713854936,49.890491098789084,-6572.039421974547
10.688438641895182,9.667497744538633,0.587160713854936,49.890491098789084,-6572.039421974547
10.688438641895182,9.667497744538633,0.587160713854936,49.890491098789084,-6572.039421974547
10.688438641895182,9.667497744538633,0.587160713854936,49.890491098789084,-6572.039421974547
10.688438641895182,9.667497744538633,0.587160713854936,49.890491098789084,-6572.039421974547
10.688438641895182,9.667497744538633,0.587160713854936,49.890491098789084,-6572.039421974547
10.688438641895182,9.667497744538633,0.587160713854936,49.890491098789084,-6572.039421974547
10.688438641895182,9.667497744538633,0.587160713854936,49.890491098789084,-6572.039421974547
10.688438641895182,9.667497744538633,0.587160713854936,49.890491098789084,-6572.039421974547
10.636720743975102,9.669850549383023,0.660258532841537,50.28570999921433,-6571.39175880364
10.636720743975102,9.669850549383023,0.660258532841537,50.28570999921433,-6571.39175880364
10.636720743975102,9.669850549383023,0.660258532841537,50.28570999921433,-6571.39175880364
10.636720743975102,9.669850549383023,0.660258532841537,50.28570999921433,-6571.39175880364
10.636720743975102,9.669850549383023,0.660258532841537,50.28570999921433,-6571.39175880364
10.636720743975102,9.669850549383023,0.660258532841537,50.28570999921433,-6571.39175880364
10.636720743975102,9.669850549383023,0.660258532841537,50.28570999921433,-6571.39175880364
10.636720743975102,9.669850549383023,0.660258532841537,50.28570999921433,-6571.39175880364
10.636720743975102,9.669850549383023,0.660258532841537,50.28570999921433,-6571.39175880364
10.636720743975102,9.669850549383023,0.660258532841537,50.28570999921433,-6571.39175880364
11.235728354535372,8.239915142248705,0.6058104387733245,49.93785036542726,-6572.056637954458
11.235728354535372,8.239915142248705,0.6058104387733245,49.93785036542726,-6572.056637954458
11.235728354535372,8.239915142248705,0.6058104387733245,49.93785036542726,-6572.056637954458
11.235728354535372,8.239915142248705,0.6058104387733245,49.93785036542726,-6572.056637954458
11.235728354535372,8.239915142248705,0.6058104387733245,49.93785036542726,-6572.056637954458
11.235728354535372,8.239915142248705,0.6058104387733245,49.93785036542726,-6572.056637954458
11.235728354535372,8.239915142248705,0.6058104387733245,49.93785036542726,-6572.056637954458
11.235728354535372,8.239915142248705,0.6058104387733245,49.93785036542726,-6572.056637954458
11.456936774429991,6.691439426353918,0.58394822154092,49.91230697446386,-6573.253003780962
11.456936774429991,6.691439426353918,0.58394822154092,49.91230697446386,-6573.253003780962
11.456936774429991,6.691439426353918,0.58394822154092,49.91230697446386,-6573.253003780962
11.456936774429991,6.691439426353918,0.58394822154092,49.91230697446386,-6573.253003780962
11.456936774429991,6.691439426353918,0.58394822154092,49.91230697446386,-6573.253003780962
11.456936774429991,6.691439426353918,0.58394822154092,49.91230697446386,-6573.253003780962
11.456936774429991,6.691439426353918,0.58394822154092,49.91230697446386,-6573.253003780962
11.456936774429991,6.691439426353918,0.58394822154092,49.91230697446386,-6573.253003780962
10.482801634777019,8.59289941665475,0.8192010998214415,49.24463403069399,-6572.7150552555395
9.829159965993057,7.221627923489209,0.6999907947977262,50.38296111711212,-6573.534559349013
9.829159965993057,7.221627923489209,0.6999907947977262,50.38296111711212,-6573.534559349013
11.014088556694523,8.48433079046655,0.8044880211528617,50.62645433747243,-6572.228386051847
10.330512635137989,8.21831223693491,0.758975178454026,50.5942882500343,-6570.208256164477
10.362380141146852,7.891998850745922,0.9288745046438667,49.74599078498356,-6571.716410006677
10.362380141146852,7.891998850745922,0.9288745046438667,49.74599078498356,-6571.716410006677
10.362380141146852,7.891998850745922,0.9288745046438667,49.74599078498356,-6571.716410006677
10.362380141146852,7.891998850745922,0.9288745046438667,49.74599078498356,-6571.716410006677
10.362380141146852,7.891998850745922,0.9288745046438667,49.74599078498356,-6571.716410006677
10.747117759444663,6.506954557580701,0.995929436606935,49.84515986118408,-6572.236883497722
10.747117759444663,6.506954557580701,0.995929436606935,49.84515986118408,-6572.236883497722
10.575835957455276,8.347848351394484,0.8670126477152335,50.12771064184619,-6571.432262007065
9.626815972045222,8.791881964769635,0.9183827647474724,49.764949470952835,-6571.39817612527
9.626815972045222,8.791881964769635,0.9183827647474724,49.764949470952835,-6571.39817612527
9.626815972045222,8.791881964769635,0.9183827647474724,49.764949470952835,-6571.39817612527
9.626815972045222,8.791881964769635,0.9183827647474724,49.764949470952835,-6571.39817612527
9.626815972045222,8.791881964769635,0.9183827647474724,49.764949470952835,-6571.39817612527
9.626815972045222,8.791881964769635,0.9183827647474724,49.764949470952835,-6571.39817612527
9.626815972045222,8.791881964769635,0.9183827647474724,49.764949470952835,-6571.39817612527
9.626815972045222,8.791881964769635,0.9183827647474724,49.764949470952835,-6571.39817612527
9.626815972045222,8.791881964769635,0.9183827647474724,49.764949470952835,-6571.39817612527
9.626815972045222,8.791881964769635,0.9183827647474724,49.764949470952835,-6571.39817612527
9.626815972045222,8.791881964769635,0.9183827647474724,49.764949470952835,-6571.39817612527
9.626815972045222,8.791881964769635,0.9183827647474724,49.764949470952835,-6571.39817612527
9.626815972045222,8.791881964769635,0.9183827647474724,49.764949470952835,-6571.39817612527
9.626815972045222,8.791881964769635,0.9183827647474724,49.764949470952835,-6571.39817612527
9.626815972045222,8.791881964769635,0.9183827647474724,49.764949470952835,-6571.39817612527
9.626815972045222,8.791881964769635,0.9183827647474724,49.764949470952835,-6571.39817612527
9.626815972045222,8.791881964769635,0.9183827647474724,49.764949470952835,-6571.39817612527
9.626815972045222,8.791881964769635,0.9183827647474724,49.764949470952835,-6571.39817612527
9.626815972045222,8.791881964769635,0.9183827647474724,49.764949470952835,-6571.39817612527
9.626815972045222,8.791881964769635,0.9183827647474724,49.764949470952835,-6571.39817612527
9.626815972045222,8.791881964769635,0.9183827647474724,49.764949470952835,-6571.39817612527
9.626815972045222,8.791881964769635,0.9183827647474724,49.764949470952835,-6571.39817612527
9.626815972045222,8.791881964769635,0.9183827647474724,49.764949470952835,-6571.39817612527
9.626815972045222,8.791881964769635,0.9183827647474724,49.764949470952835,-6571.39817612527
9.626815972045222,8.791881964769635,0.9183827647474724,49.764949470952835,-6571.39817612527
10.213893058049818,7.546720861110757,0.8565692631291415,49.21581376679338,-6572.418567205291
10.213893058049818,7.546720861110757,0.8565692631291415,49.21581376679338,-6572.418567205291
10.213893058049818,7.546720861110757,0.8565692631291415,49.21581376679338,-6572.418567205291
10.213893058049818,7.546720861110757,0.8565692631291415,49.21581376679338,-6572.418567205291
10.213893058049818,7.546720861110757,0.8565692631291415,49.21581376679338,-6572.418567205291
10.213893058049818,7.546720861110757,0.8565692631291415,49.21581376679338,-6572.418567205291
10.213893058049818,7.546720861110757,0.8565692631291415,49.21581376679338,-6572.418567205291
10.213893058049818,7.546720861110757,0.8565692631291415,49.21581376679338,-6572.418567205291
10.213893058049818,7.546720861110757,0.8565692631291415,49.21581376679338,-6572.418567205291
10.213893058049818,7.546720861110757,0.8565692631291415,49.21581376679338,-6572.418567205291
10.213893058049818,7.546720861110757,0.8565692631291415,49.21581376679338,-6572.418567205291
10.213893058049818,7.546720861110757,0.8565692631291415,49.21581376679338,-6572.418567205291
11.617536107505906,7.5851231708233655,0.6826948125585998,49.628292191752124,-6573.0905356576195
11.617536107505906,7.5851231708233655,0.6826948125585998,49.628292191752124,-6573.0905356576195
11.617536107505906,7.5851231708233655,0.6826948125585998,49.628292191752124,-6573.0905356576195
10.21652091101739,8.952998220806222,0.5388588967524726,50.29064003737105,-6572.673615329746
10.21652091101739,8.952998220806222,0.5388588967524726,50.29064003737105,-6572.673615329746
10.21652091101739,8.952998220806222,0.5388588967524726,50.29064003737105,-6572.673615329746
9.938281493070066,10.603611823847949,0.6535248785531731,49.69117088992421,-6571.76798357981
9.938281493070066,10.603611823847949,0.6535248785531731,49.69117088992421,-6571.76798357981
9.938281493070066,10.603611823847949,0.6535248785531731,49.69117088992421,-6571.76798357981
9.677272990402566,10.126278439929042,0.7936996270048838,49.79799121356002,-6571.249257211657
10.57460059469207,8.17812456984069,0.7707952204659911,50.790357858328896,-6570.580280565337
10.57460059469207,8.17812456984069,0.7707952204659911,50.790357858328896,-6570.580280565337
10.57460059469207,8.17812456984069,0.7707952204659911,50.790357858328896,-6570.580280565337
10.57460059469207,8.17812456984069,0.7707952204659911,50.790357858328896,-6570.580280565337
10.57460059469207,8.17812456984069,0.7707952204659911,50.790357858328896,-6570.580280565337
10.031389201465155,7.39599708483369,0.7369376135932706,50.99517911337932,-6572.104362895414
10.031389201465155,7.39599708483369,0.7369376135932706,50.99517911337932,-6572.104362895414
10.031389201465155,7.39599708483369,0.7369376135932706,50.99517911337932,-6572.104362895414
10.031389201465155,7.39599708483369,0.7369376135932706,50.99517911337932,-6572.104362895414
10.031389201465155,7.39599708483369,0.7369376135932706,50.99517911337932,-6572.104362895414
9.083242738047494,9.32328438043248,0.8149902716249318,51.0987007466579,-6572.3421043338885
9.083242738047494,9.32328438043248,0.8149902716249318,51.0987007466579,-6572.3421043338885
9.083242738047494,9.32328438043248,0.8149902716249318,51.0987007466579,-6572.3421043338885
9.141544765691751,9.881448246081609,1.0481528392386128,50.62890139233456,-6573.524554488984
9.141544765691751,9.881448246081609,1.0481528392386128,50.62890139233456,-6573.524554488984
8.269959783924243,10.526503125203664,0.980574826939608,49.6992326191076,-6574.174006436902
9.088739462327807,10.913237148742569,0.8865473681806808,50.308542814350396,-6572.061505221931
9.088739462327807,10.913237148742569,0.8865473681806808,50.308542814350396,-6572.061505221931
9.088739462327807,10.913237148742569,0.8865473681806808,50.308542814350396,-6572.061505221931
8.880385335656381,10.714841602912657,0.8007482093243825,50.27340840786686,-6571.347367324372
8.880385335656381,10.714841602912657,0.8007482093243825,50.27340840786686,-6571.347367324372
8.880385335656381,10.714841602912657,0.8007482093243825,50.27340840786686,-6571.347367324372
8.880385335656381,10.714841602912657,0.8007482093243825,50.27340840786686,-6571.347367324372
8.880385335656381,10.714841602912657,0.8007482093243825,50.27340840786686,-6571.347367324372
8.880385335656381,10.714841602912657,0.8007482093243825,50.27340840786686,-6571.347367324372
8.802840358416406,11.92510958367896,0.8420833134191541,50.94332326355314,-6573.267275866745
8.52642825157104,10.322045826645857,1.0398046303013395,50.18796759736187,-6573.709335909407
8.52642825157104,10.322045826645857,1.0398046303013395,50.18796759736187,-6573.709335909407
9.308825753192886,10.011767653020838,0.9847249924396738,50.87040982228153,-6573.121670563656
9.308825753192886,10.011767653020838,0.9847249924396738,50.87040982228153,-6573.121670563656
8.834286713072546,12.063530131932469,0.6687869532479889,50.705957935085586,-6572.138968903826
9.060551295284673,11.668361600687874,0.6873476678797846,51.159427630058445,-6572.518563281545
8.312540970899915,13.400220379996783,0.6230964257710567,51.22705921101928,-6574.966145017273
8.312540970899915,13.400220379996783,0.6230964257710567,51.22705921101928,-6574.966145017273
8.312540970899915,13.400220379996783,0.6230964257710567,51.22705921101928,-6574.966145017273
8.312540970899915,13.400220379996783,0.6230964257710567,51.22705921101928,-6574.966145017273
8.60970290126169,10.453800218282357,0.5880704084962601,50.443211446254644,-6575.792525094622
8.60970290126169,10.453800218282357,0.5880704084962601,50.443211446254644,-6575.792525094622
8.60970290126169,10.453800218282357,0.5880704084962601,50.443211446254644,-6575.792525094622
8.60970290126169,10.453800218282357,0.5880704084962601,50.443211446254644,-6575.792525094622
8.60970290126169,10.453800218282357,0.5880704084962601,50.443211446254644,-6575.792525094622
8.603070522455912,9.909727663053758,0.6657730379228317,49.682672780107616,-6575.550518065365
8.603070522455912,9.909727663053758,0.6657730379228317,49.682672780107616,-6575.550518065365
9.204589478877589,12.235482600655494,0.8011665555496961,49.95758839157974,-6573.381891679202
9.204589478877589,12.235482600655494,0.8011665555496961,49.95758839157974,-6573.381891679202
9.47236493402,12.507062776998715,0.7319411953028271,49.969654434295606,-6573.746106161263
9.47236493402,12.507062776998715,0.7319411953028271,49.969654434295606,-6573.746106161263
9.47236493402,12.507062776998715,0.7319411953028271,49.969654434295606,-6573.746106161263
9.47236493402,12.507062776998715,0.7319411953028271,49.969654434295606,-6573.746106161263
9.496477878804688,8.090925027855631,0.885826852679399,50.07478851243941,-6571.235501186168
9.496477878804688,8.090925027855631,0.885826852679399,50.07478851243941,-6571.235501186168
9.496477878804688,8.090925027855631,0.885826852679399,50.07478851243941,-6571.235501186168
9.496477878804688,8.090925027855631,0.885826852679399,50.07478851243941,-6571.235501186168
9.805632774300117,8.425674272080332,0.7703302847749569,49.612017999586925,-6571.319198363868
9.495218038340504,10.651843201875465,1.16591946205502,50.18413288281141,-6578.350561054268
9.495218038340504,10.651843201875465,1.16591946205502,50.18413288281141,-6578.350561054268
9.90627518678627,7.3076156623498845,1.378378176966427,49.99498751743865,-6578.461964222326
9.90627518678627,7.3076156623498845,1.378378176966427,49.99498751743865,-6578.461964222326
9.90627518678627,7.3076156623498845,1.378378176966427,49.99498751743865,-6578.461964222326
9.90627518678627,7.3076156623498845,1.378378176966427,49.99498751743865,-6578.461964222326
9.90627518678627,7.3076156623498845,1.378378176966427,49.99498751743865,-6578.461964222326
9.90627518678627,7.3076156623498845,1.378378176966427,49.99498751743865,-6578.461964222326
9.90627518678627,7.3076156623498845,1.378378176966427,49.99498751743865,-6578.461964222326
9.90627518678627,7.3076156623498845,1.378378176966427,49.99498751743865,-6578.461964222326
9.90627518678627,7.3076156623498845,1.378378176966427,49.99498751743865,-6578.461964222326
10.483606435414824,3.361848169159969,1.3790431887631336,50.2022898795109,-6579.3755152753165
10.483606435414824,3.361848169159969,1.3790431887631336,50.2022898795109,-6579.3755152753165
11.083754239821884,3.3435272638329154,1.3808529469389845,50.087512482253125,-6578.74833402762
11.083754239821884,3.3435272638329154,1.3808529469389845,50.087512482253125,-6578.74833402762
11.083754239821884,3.3435272638329154,1.3808529469389845,50.087512482253125,-6578.74833402762
11.083754239821884,3.3435272638329154,1.3808529469389845,50.087512482253125,-6578.74833402762
11.204261089247376,1.7244020594875624,1.2831719784700597,50.0279761648595,-6581.074736040106
11.204261089247376,1.7244020594875624,1.2831719784700597,50.0279761648595,-6581.074736040106
11.204261089247376,1.7244020594875624,1.2831719784700597,50.0279761648595,-6581.074736040106
10.815185292187246,2.4478351294705054,1.1968470384140866,49.35806984020744,-6581.368592318979
9.613065836020674,5.74977518612778,1.2065205468111433,49.79202770650579,-6575.938900300562
9.613065836020674,5.74977518612778,1.2065205468111433,49.79202770650579,-6575.938900300562
9.613065836020674,5.74977518612778,1.2065205468111433,49.79202770650579,-6575.938900300562
9.613065836020674,5.74977518612778,1.2065205468111433,49.79202770650579,-6575.938900300562
9.613065836020674,5.74977518612778,1.2065205468111433,49.79202770650579,-6575.938900300562
9.613065836020674,5.74977518612778,1.2065205468111433,49.79202770650579,-6575.938900300562
10.72121443421635,5.634506769623462,1.248256637539384,50.042557492973245,-6575.722890336208
10.348210409285452,6.805801286041579,1.2546805994745365,49.46242191012894,-6576.902419042184
10.348210409285452,6.805801286041579,1.2546805994745365,49.46242191012894,-6576.902419042184
10.348210409285452,6.805801286041579,1.2546805994745365,49.46242191012894,-6576.902419042184
10.348210409285452,6.805801286041579,1.2546805994745365,49.46242191012894,-6576.902419042184
10.348210409285452,6.805801286041579,1.2546805994745365,49.46242191012894,-6576.902419042184
9.959079018822894,7.636889377465228,1.1277897508738626,49.70960979823047,-6573.920011920905
9.959079018822894,7.636889377465228,1.1277897508738626,49.70960979823047,-6573.920011920905
9.959079018822894,7.636889377465228,1.1277897508738626,49.70960979823047,-6573.920011920905
9.25220648193867,7.03152660656803,1.187550426589905,49.494374533462526,-6575.690980467379
9.25220648193867,7.03152660656803,1.187550426589905,49.494374533462526,-6575.690980467379
9.25220648193867,7.03152660656803,1.187550426589905,49.494374533462526,-6575.690980467379
10.397132375405132,6.659965492493877,1.0931456749969575,49.28682928357585,-6574.369408972481
10.397132375405132,6.659965492493877,1.0931456749969575,49.28682928357585,-6574.369408972481
10.518742548789698,6.188415644883543,1.0732527307441793,50.16814230284632,-6572.578451821559
10.518742548789698,6.188415644883543,1.0732527307441793,50.16814230284632,-6572.578451821559
10.518742548789698,6.188415644883543,1.0732527307441793,50.16814230284632,-6572.578451821559
10.518742548789698,6.188415644883543,1.0732527307441793,50.16814230284632,-6572.578451821559
10.518742548789698,6.188415644883543,1.0732527307441793,50.16814230284632,-6572.578451821559
10.518742548789698,6.188415644883543,1.0732527307441793,50.16814230284632,-6572.578451821559
10.518742548789698,6.188415644883543,1.0732527307441793,50.16814230284632,-6572.578451821559
10.518742548789698,6.188415644883543,1.0732527307441793,50.16814230284632,-6572.578451821559
10.518742548789698,6.188415644883543,1.0732527307441793,50.16814230284632,-6572.578451821559
10.518742548789698,6.188415644883543,1.0732527307441793,50.16814230284632,-6572.578451821559
10.518742548789698,6.188415644883543,1.0732527307441793,50.16814230284632,-6572.578451821559
10.518742548789698,6.188415644883543,1.0732527307441793,50.16814230284632,-6572.578451821559
10.518742548789698,6.188415644883543,1.0732527307441793,50.16814230284632,-6572.578451821559
10.518742548789698,6.188415644883543,1.0732527307441793,50.16814230284632,-6572.578451821559
10.518742548789698,6.188415644883543,1.0732527307441793,50.16814230284632,-6572.578451821559
10.518742548789698,6.188415644883543,1.0732527307441793,50.16814230284632,-6572.578451821559
10.518742548789698,6.188415644883543,1.0732527307441793,50.16814230284632,-6572.578451821559
10.518742548789698,6.188415644883543,1.0732527307441793,50.16814230284632,-6572.578451821559
10.518742548789698,6.188415644883543,1.0732527307441793,50.16814230284632,-6572.578451821559
10.518742548789698,6.188415644883543,1.0732527307441793,50.16814230284632,-6572.578451821559
10.518742548789698,6.188415644883543,1.0732527307441793,50.16814230284632,-6572.578451821559
10.518742548789698,6.188415644883543,1.0732527307441793,50.16814230284632,-6572.578451821559
10.518742548789698,6.188415644883543,1.0732527307441793,50.16814230284632,-6572.578451821559
10.518742548789698,6.188415644883543,1.0732527307441793,50.16814230284632,-6572.578451821559
10.219871630915405,5.7168117428385345,1.0096780553885303,50.60239103555026,-6572.684904776634
10.219871630915405,5.7168117428385345,1.0096780553885303,50.60239103555026,-6572.684904776634
9.801304871707659,5.866829166493329,1.057983431424998,50.76982883616704,-6574.067491886097
9.801304871707659,5.866829166493329,1.057983431424998,50.76982883616704,-6574.067491886097
9.801304871707659,5.866829166493329,1.057983431424998,50.76982883616704,-6574.067491886097
9.801304871707659,5.866829166493329,1.057983431424998,50.76982883616704,-6574.067491886097
9.801304871707659,5.866829166493329,1.057983431424998,50.76982883616704,-6574.067491886097
9.801304871707659,5.866829166493329,1.057983431424998,50.76982883616704,-6574.067491886097
9.801304871707659,5.866829166493329,1.057983431424998,50.76982883616704,-6574.067491886097
9.694755234914414,6.945770405445229,0.9949537140006678,50.97104916325248,-6572.811261208582
9.694755234914414,6.945770405445229,0.9949537140006678,50.97104916325248,-6572.811261208582
9.694755234914414,6.945770405445229,0.9949537140006678,50.97104916325248,-6572.811261208582
9.694755234914414,6.945770405445229,0.9949537140006678,50.97104916325248,-6572.811261208582
9.694755234914414,6.945770405445229,0.9949537140006678,50.97104916325248,-6572.811261208582
10.518448483634934,7.208535114901645,0.9428379949552285,51.02146753976688,-6571.8444860600575
10.518448483634934,7.208535114901645,0.9428379949552285,51.02146753976688,-6571.8444860600575
10.518448483634934,7.208535114901645,0.9428379949552285,51.02146753976688,-6571.8444860600575
10.518448483634934,7.208535114901645,0.9428379949552285,51.02146753976688,-6571.8444860600575
10.518448483634934,7.208535114901645,0.9428379949552285,51.02146753976688,-6571.8444860600575
10.518448483634934,7.208535114901645,0.9428379949552285,51.02146753976688,-6571.8444860600575
10.518448483634934,7.208535114901645,0.9428379949552285,51.02146753976688,-6571.8444860600575
10.518448483634934,7.208535114901645,0.9428379949552285,51.02146753976688,-6571.8444860600575
10.518448483634934,7.208535114901645,0.9428379949552285,51.02146753976688,-6571.8444860600575
10.518448483634934,7.208535114901645,0.9428379949552285,51.02146753976688,-6571.8444860600575
10.279108596937174,8.527645310592016,0.9427420061571363,50.3061107728666,-6571.892570599938
10.386957104501679,9.016267041182182,0.8303576586614505,50.107653909666965,-6571.335530244244
10.386957104501679,9.016267041182182,0.8303576586614505,50.107653909666965,-6571.335530244244
10.386957104501679,9.016267041182182,0.8303576586614505,50.107653909666965,-6571.335530244244
10.386957104501679,9.016267041182182,0.8303576586614505,50.107653909666965,-6571.335530244244
10.386957104501679,9.016267041182182,0.8303576586614505,50.107653909666965,-6571.335530244244
10.81482137649672,7.4001762211375235,0.7848523384885564,49.502858264872465,-6571.674424424606
10.81482137649672,7.4001762211375235,0.7848523384885564,49.502858264872465,-6571.674424424606
10.81482137649672,7.4001762211375235,0.7848523384885564,49.502858264872465,-6571.674424424606
10.032861970857699,9.04005090464934,0.631420664872921,49.53878922959226,-6572.141046077528
10.032861970857699,9.04005090464934,0.631420664872921,49.53878922959226,-6572.141046077528
8.998350948215379,10.732790661126016,0.7321082689225147,50.05161166782487,-6571.284446576739
8.998350948215379,10.732790661126016,0.7321082689225147,50.05161166782487,-6571.284446576739
8.864381770887983,8.979017892809312,0.6667256921070159,50.036040085879634,-6575.640337161553
8.90027841202513,11.061356457413847,0.7743851753764996,50.618112128738275,-6571.512909032059
8.90027841202513,11.061356457413847,0.7743851753764996,50.618112128738275,-6571.512909032059
8.90027841202513,11.061356457413847,0.7743851753764996,50.618112128738275,-6571.512909032059
8.90027841202513,11.061356457413847,0.7743851753764996,50.618112128738275,-6571.512909032059
8.90027841202513,11.061356457413847,0.7743851753764996,50.618112128738275,-6571.512909032059
8.90027841202513,11.061356457413847,0.7743851753764996,50.618112128738275,-6571.512909032059
8.90027841202513,11.061356457413847,0.7743851753764996,50.618112128738275,-6571.512909032059
8.90027841202513,11.061356457413847,0.7743851753764996,50.618112128738275,-6571.512909032059
8.90027841202513,11.061356457413847,0.7743851753764996,50.618112128738275,-6571.512909032059
8.90027841202513,11.061356457413847,0.7743851753764996,50.618112128738275,-6571.512909032059
9.416992328050917,11.253403650371618,0.8054067710496331,49.76030753879219,-6572.443375077524
9.416992328050917,11.253403650371618,0.8054067710496331,49.76030753879219,-6572.443375077524
9.416992328050917,11.253403650371618,0.8054067710496331,49.76030753879219,-6572.443375077524
9.416992328050917,11.253403650371618,0.8054067710496331,49.76030753879219,-6572.443375077524
9.422925804083661,9.589121318887173,0.8530420774228309,49.26566574953194,-6572.447574533457
9.422925804083661,9.589121318887173,0.8530420774228309,49.26566574953194,-6572.447574533457
9.422925804083661,9.589121318887173,0.8530420774228309,49.26566574953194,-6572.447574533457
9.422925804083661,9.589121318887173,0.8530420774228309,49.26566574953194,-6572.447574533457
9.422925804083661,9.589121318887173,0.8530420774228309,49.26566574953194,-6572.447574533457
9.422925804083661,9.589121318887173,0.8530420774228309,49.26566574953194,-6572.447574533457
9.422925804083661,9.589121318887173,0.8530420774228309,49.26566574953194,-6572.447574533457
9.665092131235246,8.94269578874857,0.8332084630851756,49.057426626239376,-6572.932550701338
9.64355767485519,8.801040410573737,0.7395709477625718,49.18840576538599,-6572.859208723448
10.57159831655395,9.505631966119276,0.6523079450357888,49.478509919318554,-6572.393992292211
10.57159831655395,9.505631966119276,0.6523079450357888,49.478509919318554,-6572.393992292211
9.602298078037816,8.202945308036897,0.8805914310107352,49.23720762838005,-6572.687113288546
10.272868352368953,7.515448281306313,0.8037563639462671,49.652294741247665,-6571.151547934807
10.272868352368953,7.515448281306313,0.8037563639462671,49.652294741247665,-6571.151547934807
10.272868352368953,7.515448281306313,0.8037563639462671,49.652294741247665,-6571.151547934807
10.272868352368953,7.515448281306313,0.8037563639462671,49.652294741247665,-6571.151547934807
10.976518277766417,7.622372049778578,0.644873686040555,49.77919657638824,-6571.710861929023
10.976518277766417,7.622372049778578,0.644873686040555,49.77919657638824,-6571.710861929023
10.976518277766417,7.622372049778578,0.644873686040555,49.77919657638824,-6571.710861929023
10.976518277766417,7.622372049778578,0.644873686040555,49.77919657638824,-6571.710861929023
8.825553776962206,10.533934769811903,0.6677189080846951,49.5188469101105,-6573.516974273767
8.825553776962206,10.533934769811903,0.6677189080846951,49.5188469101105,-6573.516974273767
9.019959553511248,10.794341763373982,0.731872543053786,49.22449094901505,-6573.068450174822
9.019959553511248,10.794341763373982,0.731872543053786,49.22449094901505,-6573.068450174822
9.019959553511248,10.794341763373982,0.731872543053786,49.22449094901505,-6573.068450174822
9.019959553511248,10.794341763373982,0.731872543053786,49.22449094901505,-6573.068450174822
9.019959553511248,10.794341763373982,0.731872543053786,49.22449094901505,-6573.068450174822
9.019959553511248,10.794341763373982,0.731872543053786,49.22449094901505,-6573.068450174822
10.56552427266348,6.8176205841729205,0.730982390582837,50.01773423495278,-6571.377424468532
10.56552427266348,6.8176205841729205,0.730982390582837,50.01773423495278,-6571.377424468532
10.56552427266348,6.8176205841729205,0.730982390582837,50.01773423495278,-6571.377424468532
10.56552427266348,6.8176205841729205,0.730982390582837,50.01773423495278,-6571.377424468532
10.56552427266348,6.8176205841729205,0.730982390582837,50.01773423495278,-6571.377424468532
9.895930715265173,8.370913142630455,0.8820488435883904,49.784913988778904,-6571.00055605922
9.895930715265173,8.370913142630455,0.8820488435883904,49.784913988778904,-6571.00055605922
9.954406723437444,10.126622427873617,0.7809319868406039,49.80243319655377,-6571.600381363579
10.086461849432728,7.119369312211472,0.755618557344697,48.96536103746149,-6574.8823011121785
10.300558227510907,8.36429088994529,0.7688684893649693,48.6568385637582,-6574.700806105899
10.300558227510907,8.36429088994529,0.7688684893649693,48.6568385637582,-6574.700806105899
8.783174703355758,7.581643612416572,0.858155544852923,49.52063220741234,-6577.517207972163
8.783174703355758,7.581643612416572,0.858155544852923,49.52063220741234,-6577.517207972163
8.783174703355758,7.581643612416572,0.858155544852923,49.52063220741234,-6577.517207972163
8.783174703355758,7.581643612416572,0.858155544852923,49.52063220741234,-6577.517207972163
8.783174703355758,7.581643612416572,0.858155544852923,49.52063220741234,-6577.517207972163
9.81601234802568,8.171261519145267,0.8620555835921232,48.99646121026849,-6573.297523158706
9.81601234802568,8.171261519145267,0.8620555835921232,48.99646121026849,-6573.297523158706
9.81601234802568,8.171261519145267,0.8620555835921232,48.99646121026849,-6573.297523158706
9.81601234802568,8.171261519145267,0.8620555835921232,48.99646121026849,-6573.297523158706
9.81601234802568,8.171261519145267,0.8620555835921232,48.99646121026849,-6573.297523158706
9.412988852129766,10.500539926325764,0.6770257968782567,49.13585863855091,-6573.19692339329
9.412988852129766,10.500539926325764,0.6770257968782567,49.13585863855091,-6573.19692339329
9.412988852129766,10.500539926325764,0.6770257968782567,49.13585863855091,-6573.19692339329
8.892997558552137,9.353505764188812,0.8498453346886395,49.94314219711808,-6572.026676819665
8.892997558552137,9.353505764188812,0.8498453346886395,49.94314219711808,-6572.026676819665
8.892997558552137,9.353505764188812,0.8498453346886395,49.94314219711808,-6572.026676819665
10.19079022975631,9.638196293532635,0.7993691247745982,50.53520896877185,-6571.258119560085
10.19079022975631,9.638196293532635,0.7993691247745982,50.53520896877185,-6571.258119560085
10.19079022975631,9.638196293532635,0.7993691247745982,50.53520896877185,-6571.258119560085
10.19079022975631,9.638196293532635,0.7993691247745982,50.53520896877185,-6571.258119560085
10.19079022975631,9.638196293532635,0.7993691247745982,50.53520896877185,-6571.258119560085
10.19079022975631,9.638196293532635,0.7993691247745982,50.53520896877185,-6571.258119560085
10.19079022975631,9.638196293532635,0.7993691247745982,50.53520896877185,-6571.258119560085
10.574147313649732,9.72056506171506,0.518044969522609,50.09100915019419,-6572.475141424384
10.574147313649732,9.72056506171506,0.518044969522609,50.09100915019419,-6572.475141424384
11.082996723383166,7.624841808570537,0.6686007629798562,50.855096862335515,-6571.095284418179
11.082996723383166,7.624841808570537,0.6686007629798562,50.855096862335515,-6571.095284418179
11.082996723383166,7.624841808570537,0.6686007629798562,50.855096862335515,-6571.095284418179
11.082996723383166,7.624841808570537,0.6686007629798562,50.855096862335515,-6571.095284418179
11.082996723383166,7.624841808570537,0.6686007629798562,50.855096862335515,-6571.095284418179
11.082996723383166,7.624841808570537,0.6686007629798562,50.855096862335515,-6571.095284418179
11.082996723383166,7.624841808570537,0.6686007629798562,50.855096862335515,-6571.095284418179
11.082996723383166,7.624841808570537,0.6686007629798562,50.855096862335515,-6571.095284418179
11.082996723383166,7.624841808570537,0.6686007629798562,50.855096862335515,-6571.095284418179
11.082996723383166,7.624841808570537,0.6686007629798562,50.855096862335515,-6571.095284418179
11.082996723383166,7.624841808570537,0.6686007629798562,50.855096862335515,-6571.095284418179
11.082996723383166,7.624841808570537,0.6686007629798562,50.855096862335515,-6571.095284418179
11.082996723383166,7.624841808570537,0.6686007629798562,50.855096862335515,-6571.095284418179
11.082996723383166,7.624841808570537,0.6686007629798562,50.855096862335515,-6571.095284418179
10.758586515857361,8.942656684011183,0.6835609880654713,50.799660186893746,-6571.119757074352
10.758586515857361,8.942656684011183,0.6835609880654713,50.799660186893746,-6571.119757074352
10.758586515857361,8.942656684011183,0.6835609880654713,50.799660186893746,-6571.119757074352
9.718954342605873,8.93049720504888,0.698643278257315,50.70519524642481,-6570.92154088604
9.718954342605873,8.93049720504888,0.698643278257315,50.70519524642481,-6570.92154088604
10.104780042427258,7.598020615987542,0.8959765163623583,50.69512944104194,-6570.801713763127
10.59737919255517,6.77368267809396,0.9149090080725568,50.389756272980236,-6570.907676676688
10.652070440897328,6.610590285463128,0.8676261187680487,50.97330409924832,-6571.249538617887
9.797910354104646,7.732459455126458,0.7771113243794999,50.34795205599013,-6571.193861824186
9.797910354104646,7.732459455126458,0.7771113243794999,50.34795205599013,-6571.193861824186
9.797910354104646,7.732459455126458,0.7771113243794999,50.34795205599013,-6571.193861824186
9.797910354104646,7.732459455126458,0.7771113243794999,50.34795205599013,-6571.193861824186
10.144015833388638,7.713494157886218,0.6853841283181866,51.11271489961161,-6572.203661185571
10.313934630476968,7.955224547768531,0.714712220720003,51.21541597103087,-6571.452838083715
10.453517496874172,7.233102277387138,0.779775940175198,50.54822822392578,-6570.475937897804
10.453517496874172,7.233102277387138,0.779775940175198,50.54822822392578,-6570.475937897804
10.453517496874172,7.233102277387138,0.779775940175198,50.54822822392578,-6570.475937897804
10.453517496874172,7.233102277387138,0.779775940175198,50.54822822392578,-6570.475937897804
10.453517496874172,7.233102277387138,0.779775940175198,50.54822822392578,-6570.475937897804
10.453517496874172,7.233102277387138,0.779775940175198,50.54822822392578,-6570.475937897804
10.453517496874172,7.233102277387138,0.779775940175198,50.54822822392578,-6570.475937897804
10.453517496874172,7.233102277387138,0.779775940175198,50.54822822392578,-6570.475937897804
10.453517496874172,7.233102277387138,0.779775940175198,50.54822822392578,-6570.475937897804
10.453517496874172,7.233102277387138,0.779775940175198,50.54822822392578,-6570.475937897804
10.453517496874172,7.233102277387138,0.779775940175198,50.54822822392578,-6570.475937897804
10.453517496874172,7.233102277387138,0.779775940175198,50.54822822392578,-6570.475937897804
10.453517496874172,7.233102277387138,0.779775940175198,50.54822822392578,-6570.475937897804
10.453517496874172,7.233102277387138,0.779775940175198,50.54822822392578,-6570.475937897804
11.183488388733458,7.581842286716915,0.6617687664743269,50.82835654092661,-6571.207913090504
11.183488388733458,7.581842286716915,0.6617687664743269,50.82835654092661,-6571.207913090504
11.183488388733458,7.581842286716915,0.6617687664743269,50.82835654092661,-6571.207913090504
11.183488388733458,7.581842286716915,0.6617687664743269,50.82835654092661,-6571.207913090504
10.303923553019,9.644313983126775,0.6605949161452574,51.24931760065616,-6571.696259010883
9.639282969621284,7.766810269928361,0.7196077458471444,50.87848918482403,-6573.062324287907
9.995187168594466,7.847785643638056,0.8253599185769398,51.247197139934144,-6571.6678095337265
9.995187168594466,7.847785643638056,0.8253599185769398,51.247197139934144,-6571.6678095337265
9.995187168594466,7.847785643638056,0.8253599185769398,51.247197139934144,-6571.6678095337265
10.129732251158547,8.580286795153718,0.6598272291621105,50.81819751828084,-6570.9916498931925
10.134328541749605,8.760564880625855,0.7538640547496133,50.95047648434513,-6570.646478484357
10.134328541749605,8.760564880625855,0.7538640547496133,50.95047648434513,-6570.646478484357
10.134328541749605,8.760564880625855,0.7538640547496133,50.95047648434513,-6570.646478484357
9.965846617901082,7.885691480568575,0.9254948480329519,50.647324105615866,-6570.97520678525
9.965846617901082,7.885691480568575,0.9254948480329519,50.647324105615866,-6570.97520678525
9.965846617901082,7.885691480568575,0.9254948480329519,50.647324105615866,-6570.97520678525
9.965846617901082,7.885691480568575,0.9254948480329519,50.647324105615866,-6570.97520678525
9.965846617901082,7.885691480568575,0.9254948480329519,50.647324105615866,-6570.97520678525
9.965846617901082,7.885691480568575,0.9254948480329519,50.647324105615866,-6570.97520678525
10.678840519508906,7.924136132083007,0.7761679672508747,50.713241227467975,-6570.5445687165775
10.678840519508906,7.924136132083007,0.7761679672508747,50.713241227467975,-6570.5445687165775
10.678840519508906,7.924136132083007,0.7761679672508747,50.713241227467975,-6570.5445687165775
10.678840519508906,7.924136132083007,0.7761679672508747,50.713241227467975,-6570.5445687165775
10.678840519508906,7.924136132083007,0.7761679672508747,50.713241227467975,-6570.5445687165775
10.678840519508906,7.924136132083007,0.7761679672508747,50.713241227467975,-6570.5445687165775
10.678840519508906,7.924136132083007,0.7761679672508747,50.713241227467975,-6570.5445687165775
10.678840519508906,7.924136132083007,0.7761679672508747,50.713241227467975,-6570.5445687165775
10.678840519508906,7.924136132083007,0.7761679672508747,50.713241227467975,-6570.5445687165775
10.678840519508906,7.924136132083007,0.7761679672508747,50.713241227467975,-6570.5445687165775
10.678840519508906,7.924136132083007,0.7761679672508747,50.713241227467975,-6570.5445687165775
10.678840519508906,7.924136132083007,0.7761679672508747,50.713241227467975,-6570.5445687165775
10.678840519508906,7.924136132083007,0.7761679672508747,50.713241227467975,-6570.5445687165775
10.678840519508906,7.924136132083007,0.7761679672508747,50.713241227467975,-6570.5445687165775
9.973583043384327,7.346908872723269,0.856051270607575,50.38519833108966,-6570.823290328506
9.973583043384327,7.346908872723269,0.856051270607575,50.38519833108966,-6570.823290328506
10.202860628659666,5.302672363003974,0.9501132766100986,51.01420924056522,-6574.2778671914475
10.202860628659666,5.302672363003974,0.9501132766100986,51.01420924056522,-6574.2778671914475
10.202860628659666,5.302672363003974,0.9501132766100986,51.01420924056522,-6574.2778671914475
10.202860628659666,5.302672363003974,0.9501132766100986,51.01420924056522,-6574.2778671914475
10.202860628659666,5.302672363003974,0.9501132766100986,51.01420924056522,-6574.2778671914475
9.91836496732117,6.5965589632893,0.973875907195543,50.583682097811895,-6572.025922465347
10.4654471606689,8.69021801042144,1.0018939017634083,50.13245454636092,-6573.937860758145
10.4654471606689,8.69021801042144,1.0018939017634083,50.13245454636092,-6573.937860758145
10.4654471606689,8.69021801042144,1.0018939017634083,50.13245454636092,-6573.937860758145
10.767187868352838,7.485667558680378,1.0098543606595434,51.12806649878242,-6573.934757119274
10.767187868352838,7.485667558680378,1.0098543606595434,51.12806649878242,-6573.934757119274
10.767187868352838,7.485667558680378,1.0098543606595434,51.12806649878242,-6573.934757119274
9.591737124063048,8.079874948200917,0.9493453219723031,50.52746127265727,-6571.286851920406
10.287197032570743,8.258370223190681,0.6674624758200838,50.40920702355112,-6570.6702189588705
9.471831811700213,8.040439487496355,0.6635711732033299,50.17470293299577,-6574.263359330079
9.471831811700213,8.040439487496355,0.6635711732033299,50.17470293299577,-6574.263359330079
9.471831811700213,8.040439487496355,0.6635711732033299,50.17470293299577,-6574.263359330079
9.233775088040664,10.386069268301394,0.8147970194226696,50.24466172954548,-6570.966410009041
9.233775088040664,10.386069268301394,0.8147970194226696,50.24466172954548,-6570.966410009041
10.668087756065889,8.597632181285727,0.67532761579195,50.94625065897682,-6570.9353018087395
10.3897846085734,10.061915740305011,0.6717175908862353,51.20298704025267,-6572.135531126742
10.3897846085734,10.061915740305011,0.6717175908862353,51.20298704025267,-6572.135531126742
9.81451827277495,10.252339533753444,0.7098202538187295,50.361149794000966,-6570.625670760377
9.81451827277495,10.252339533753444,0.7098202538187295,50.361149794000966,-6570.625670760377
9.81451827277495,10.252339533753444,0.7098202538187295,50.361149794000966,-6570.625670760377
9.81451827277495,10.252339533753444,0.7098202538187295,50.361149794000966,-6570.625670760377
9.81451827277495,10.252339533753444,0.7098202538187295,50.361149794000966,-6570.625670760377
9.81451827277495,10.252339533753444,0.7098202538187295,50.361149794000966,-6570.625670760377
9.81451827277495,10.252339533753444,0.7098202538187295,50.361149794000966,-6570.625670760377
9.81451827277495,10.252339533753444,0.7098202538187295,50.361149794000966,-6570.625670760377
9.81451827277495,10.252339533753444,0.7098202538187295,50.361149794000966,-6570.625670760377
9.81451827277495,10.252339533753444,0.7098202538187295,50.361149794000966,-6570.625670760377
9.81451827277495,10.252339533753444,0.7098202538187295,50.361149794000966,-6570.625670760377
9.81451827277495,10.252339533753444,0.7098202538187295,50.361149794000966,-6570.625670760377
9.965994845349798,10.523077569497566,0.7103168020782815,49.87241082033032,-6571.514925372239
9.96337806168931,10.37759372282263,0.7691672284078246,50.13988118199783,-6571.475160029842
9.96337806168931,10.37759372282263,0.7691672284078246,50.13988118199783,-6571.475160029842
9.404442903048325,8.459429361026553,0.7467938119370224,50.80941859494155,-6572.159802406856
9.404442903048325,8.459429361026553,0.7467938119370224,50.80941859494155,-6572.159802406856
9.404442903048325,8.459429361026553,0.7467938119370224,50.80941859494155,-6572.159802406856
9.777136111055896,10.029012616256908,0.7000586962914975,50.32967042051398,-6570.463042617393
9.777136111055896,10.029012616256908,0.7000586962914975,50.32967042051398,-6570.463042617393
10.40915318253458,7.425841479218942,0.8020306980957719,50.34835459553103,-6570.304443071362
10.40915318253458,7.425841479218942,0.8020306980957719,50.34835459553103,-6570.304443071362
10.40915318253458,7.425841479218942,0.8020306980957719,50.34835459553103,-6570.304443071362
10.40915318253458,7.425841479218942,0.8020306980957719,50.34835459553103,-6570.304443071362
10.40915318253458,7.425841479218942,0.8020306980957719,50.34835459553103,-6570.304443071362
10.40915318253458,7.425841479218942,0.8020306980957719,50.34835459553103,-6570.304443071362
10.40915318253458,7.425841479218942,0.8020306980957719,50.34835459553103,-6570.304443071362
10.40915318253458,7.425841479218942,0.8020306980957719,50.34835459553103,-6570.304443071362
10.40915318253458,7.425841479218942,0.8020306980957719,50.34835459553103,-6570.304443071362
10.40915318253458,7.425841479218942,0.8020306980957719,50.34835459553103,-6570.304443071362
10.40915318253458,7.425841479218942,0.8020306980957719,50.34835459553103,-6570.304443071362
10.40915318253458,7.425841479218942,0.8020306980957719,50.34835459553103,-6570.304443071362
10.40915318253458,7.425841479218942,0.8020306980957719,50.34835459553103,-6570.304443071362
10.40915318253458,7.425841479218942,0.8020306980957719,50.34835459553103,-6570.304443071362
10.40915318253458,7.425841479218942,0.8020306980957719,50.34835459553103,-6570.304443071362
10.40915318253458,7.425841479218942,0.8020306980957719,50.34835459553103,-6570.304443071362
10.40915318253458,7.425841479218942,0.8020306980957719,50.34835459553103,-6570.304443071362
10.40915318253458,7.425841479218942,0.8020306980957719,50.34835459553103,-6570.304443071362
10.40915318253458,7.425841479218942,0.8020306980957719,50.34835459553103,-6570.304443071362
10.40915318253458,7.425841479218942,0.8020306980957719,50.34835459553103,-6570.304443071362
10.40915318253458,7.425841479218942,0.8020306980957719,50.34835459553103,-6570.304443071362
11.41725983016311,9.128458699376772,0.5612821670421474,50.92889962174474,-6573.132489015476
10.281479226943835,9.756883677747691,0.610438741337012,51.03755361071222,-6571.451831468436
10.281479226943835,9.756883677747691,0.610438741337012,51.03755361071222,-6571.451831468436
10.281479226943835,9.756883677747691,0.610438741337012,51.03755361071222,-6571.451831468436
10.550528812088722,10.990354330043477,0.5746680255757641,51.06147577224426,-6573.221149715427
10.47852998082675,10.79531549525746,0.44430358055039987,50.50310993914162,-6573.823508203242
10.47852998082675,10.79531549525746,0.44430358055039987,50.50310993914162,-6573.823508203242
9.929636917389523,12.46860841174079,0.49413462844424905,50.12004425082928,-6573.913082956598
9.929636917389523,12.46860841174079,0.49413462844424905,50.12004425082928,-6573.913082956598
9.929636917389523,12.46860841174079,0.49413462844424905,50.12004425082928,-6573.913082956598
9.929636917389523,12.46860841174079,0.49413462844424905,50.12004425082928,-6573.913082956598
9.929636917389523,12.46860841174079,0.49413462844424905,50.12004425082928,-6573.913082956598
9.929636917389523,12.46860841174079,0.49413462844424905,50.12004425082928,-6573.913082956598
9.929636917389523,12.46860841174079,0.49413462844424905,50.12004425082928,-6573.913082956598
8.487953387209803,12.122477416682159,0.6777132742308253,50.26859372791631,-6572.567081446716
8.487953387209803,12.122477416682159,0.6777132742308253,50.26859372791631,-6572.567081446716
8.487953387209803,12.122477416682159,0.6777132742308253,50.26859372791631,-6572.567081446716
8.487953387209803,12.122477416682159,0.6777132742308253,50.26859372791631,-6572.567081446716
8.487953387209803,12.122477416682159,0.6777132742308253,50.26859372791631,-6572.567081446716
8.487953387209803,12.122477416682159,0.6777132742308253,50.26859372791631,-6572.567081446716
8.090576798717404,12.829946836983309,0.7752990987872798,50.24586652843371,-6573.535689336904
8.090576798717404,12.829946836983309,0.7752990987872798,50.24586652843371,-6573.535689336904
8.090576798717404,12.829946836983309,0.7752990987872798,50.24586652843371,-6573.535689336904
8.328008021654826,11.788571553023969,0.7729787021979829,50.29782762971839,-6572.649279261599
8.328008021654826,11.788571553023969,0.7729787021979829,50.29782762971839,-6572.649279261599
9.7790218699831,11.531360620220127,0.7901045306598257,50.75147040888037,-6573.483816758614
9.7790218699831,11.531360620220127,0.7901045306598257,50.75147040888037,-6573.483816758614
9.7790218699831,11.531360620220127,0.7901045306598257,50.75147040888037,-6573.483816758614
9.161549632027144,10.148707505022703,0.7156182628820471,50.902727169701656,-6571.584219440545
9.161549632027144,10.148707505022703,0.7156182628820471,50.902727169701656,-6571.584219440545
9.07948211826289,8.712988505508452,0.8383532997733715,50.098125212581756,-6571.977418550806
9.07948211826289,8.712988505508452,0.8383532997733715,50.098125212581756,-6571.977418550806
9.811812566651344,10.57207038671705,0.7601019172954281,50.49371534367476,-6571.285639207946
8.954564085477287,9.757680757160632,0.6896758726485628,50.66884016582034,-6572.708853119349
8.954564085477287,9.757680757160632,0.6896758726485628,50.66884016582034,-6572.708853119349
9.384173862320516,12.093930671651801,0.7526866022011897,51.103968658325144,-6573.554508744657
9.384173862320516,12.093930671651801,0.7526866022011897,51.103968658325144,-6573.554508744657
9.384173862320516,12.093930671651801,0.7526866022011897,51.103968658325144,-6573.554508744657
9.384173862320516,12.093930671651801,0.7526866022011897,51.103968658325144,-6573.554508744657
9.384173862320516,12.093930671651801,0.7526866022011897,51.103968658325144,-6573.554508744657
9.384173862320516,12.093930671651801,0.7526866022011897,51.103968658325144,-6573.554508744657
9.384173862320516,12.093930671651801,0.7526866022011897,51.103968658325144,-6573.554508744657
9.384173862320516,12.093930671651801,0.7526866022011897,51.103968658325144,-6573.554508744657
9.384173862320516,12.093930671651801,0.7526866022011897,51.103968658325144,-6573.554508744657
9.384173862320516,12.093930671651801,0.7526866022011897,51.103968658325144,-6573.554508744657
10.155707187913807,12.120429406818213,0.5112167811001179,50.8512779462219,-6573.7040017844265
10.155707187913807,12.120429406818213,0.5112167811001179,50.8512779462219,-6573.7040017844265
9.836757635663984,12.044428704505872,0.631185978551866,50.47265808787381,-6572.696627783114
9.836757635663984,12.044428704505872,0.631185978551866,50.47265808787381,-6572.696627783114
9.836757635663984,12.044428704505872,0.631185978551866,50.47265808787381,-6572.696627783114
9.836757635663984,12.044428704505872,0.631185978551866,50.47265808787381,-6572.696627783114
9.836757635663984,12.044428704505872,0.631185978551866,50.47265808787381,-6572.696627783114
9.836757635663984,12.044428704505872,0.631185978551866,50.47265808787381,-6572.696627783114
9.826524216104481,7.89166233755214,0.6482457890830554,50.93302209622645,-6573.540113633254
10.992355829989988,8.049282590902722,0.7430729995193712,49.70610712557522,-6571.702836751462
10.992355829989988,8.049282590902722,0.7430729995193712,49.70610712557522,-6571.702836751462
10.992355829989988,8.049282590902722,0.7430729995193712,49.70610712557522,-6571.702836751462
9.445818749620987,8.496398560281042,0.8359009522154056,50.19548108713317,-6570.965477847731
11.218835442933736,6.850865869742036,0.6890121085895522,50.11381901435486,-6571.230708220959
11.218835442933736,6.850865869742036,0.6890121085895522,50.11381901435486,-6571.230708220959
11.218835442933736,6.850865869742036,0.6890121085895522,50.11381901435486,-6571.230708220959
11.218835442933736,6.850865869742036,0.6890121085895522,50.11381901435486,-6571.230708220959
11.218835442933736,6.850865869742036,0.6890121085895522,50.11381901435486,-6571.230708220959
11.218835442933736,6.850865869742036,0.6890121085895522,50.11381901435486,-6571.230708220959
11.218835442933736,6.850865869742036,0.6890121085895522,50.11381901435486,-6571.230708220959
11.218835442933736,6.850865869742036,0.6890121085895522,50.11381901435486,-6571.230708220959
11.218835442933736,6.850865869742036,0.6890121085895522,50.11381901435486,-6571.230708220959
11.218835442933736,6.850865869742036,0.6890121085895522,50.11381901435486,-6571.230708220959
10.809782442743925,7.4042720339124495,0.8762800944984042,50.15915665080859,-6571.156895369744
11.135703084751226,6.293653660851153,0.8782832065344625,50.04265984044518,-6571.386723980401
11.135703084751226,6.293653660851153,0.8782832065344625,50.04265984044518,-6571.386723980401
11.135703084751226,6.293653660851153,0.8782832065344625,50.04265984044518,-6571.386723980401
11.135703084751226,6.293653660851153,0.8782832065344625,50.04265984044518,-6571.386723980401
11.135703084751226,6.293653660851153,0.8782832065344625,50.04265984044518,-6571.386723980401
11.135703084751226,6.293653660851153,0.8782832065344625,50.04265984044518,-6571.386723980401
11.135703084751226,6.293653660851153,0.8782832065344625,50.04265984044518,-6571.386723980401
11.135703084751226,6.293653660851153,0.8782832065344625,50.04265984044518,-6571.386723980401
10.507694508112687,5.2567462968403085,0.9353879701957253,50.17037885096008,-6572.720085481436
10.507694508112687,5.2567462968403085,0.9353879701957253,50.17037885096008,-6572.720085481436
10.507694508112687,5.2567462968403085,0.9353879701957253,50.17037885096008,-6572.720085481436
11.119533692632414,5.538371846657995,0.7113695014246031,50.01005809696929,-6572.965007002446
11.119533692632414,5.538371846657995,0.7113695014246031,50.01005809696929,-6572.965007002446
11.119533692632414,5.538371846657995,0.7113695014246031,50.01005809696929,-6572.965007002446
11.29555847442449,9.139403619532771,0.5956727162437082,49.97326430180262,-6572.953786525782
11.29555847442449,9.139403619532771,0.5956727162437082,49.97326430180262,-6572.953786525782
11.29555847442449,9.139403619532771,0.5956727162437082,49.97326430180262,-6572.953786525782
11.29555847442449,9.139403619532771,0.5956727162437082,49.97326430180262,-6572.953786525782
11.29555847442449,9.139403619532771,0.5956727162437082,49.97326430180262,-6572.953786525782
11.29555847442449,9.139403619532771,0.5956727162437082,49.97326430180262,-6572.953786525782
11.29555847442449,9.139403619532771,0.5956727162437082,49.97326430180262,-6572.953786525782
11.29555847442449,9.139403619532771,0.5956727162437082,49.97326430180262,-6572.953786525782
11.29555847442449,9.139403619532771,0.5956727162437082,49.97326430180262,-6572.953786525782
11.29555847442449,9.139403619532771,0.5956727162437082,49.97326430180262,-6572.953786525782
11.29555847442449,9.139403619532771,0.5956727162437082,49.97326430180262,-6572.953786525782
11.29555847442449,9.139403619532771,0.5956727162437082,49.97326430180262,-6572.953786525782
11.29555847442449,9.139403619532771,0.5956727162437082,49.97326430180262,-6572.953786525782
11.29555847442449,9.139403619532771,0.5956727162437082,49.97326430180262,-6572.953786525782
11.29555847442449,9.139403619532771,0.5956727162437082,49.97326430180262,-6572.953786525782
11.29555847442449,9.139403619532771,0.5956727162437082,49.97326430180262,-6572.953786525782
11.29555847442449,9.139403619532771,0.5956727162437082,49.97326430180262,-6572.953786525782
11.29555847442449,9.139403619532771,0.5956727162437082,49.97326430180262,-6572.953786525782
11.29555847442449,9.139403619532771,0.5956727162437082,49.97326430180262,-6572.953786525782
9.787958741648989,9.935235035618021,0.7348582391865754,49.46018520958705,-6571.693260639817
10.482121739005938,8.148627114375223,0.7439689502330273,49.31475151996319,-6572.001504931179
10.046517676744823,9.954668848963301,0.6888162947718762,49.3756449514736,-6572.17144665221
10.046517676744823,9.954668848963301,0.6888162947718762,49.3756449514736,-6572.17144665221
10.929262676814753,7.072210287240524,0.7680397477695234,49.31015094955784,-6572.384685869345
11.199571537409863,5.512365396279568,0.947108664424613,49.54318376229463,-6572.905927925871
11.199571537409863,5.512365396279568,0.947108664424613,49.54318376229463,-6572.905927925871
11.199571537409863,5.512365396279568,0.947108664424613,49.54318376229463,-6572.905927925871
11.199571537409863,5.512365396279568,0.947108664424613,49.54318376229463,-6572.905927925871
11.199571537409863,5.512365396279568,0.947108664424613,49.54318376229463,-6572.905927925871
11.199571537409863,5.512365396279568,0.947108664424613,49.54318376229463,-6572.905927925871
11.199571537409863,5.512365396279568,0.947108664424613,49.54318376229463,-6572.905927925871
11.199571537409863,5.512365396279568,0.947108664424613,49.54318376229463,-6572.905927925871
10.190035683690809,7.4107257442467835,1.0355363097198178,49.51813980868774,-6572.997314268255
10.044061204778206,6.966679536732994,0.9138757394959092,49.6541001480602,-6571.837570033085
10.044061204778206,6.966679536732994,0.9138757394959092,49.6541001480602,-6571.837570033085
10.044061204778206,6.966679536732994,0.9138757394959092,49.6541001480602,-6571.837570033085
10.25905786904832,7.934574250517323,0.9217585515103325,49.714397265849904,-6571.560072091015
10.25905786904832,7.934574250517323,0.9217585515103325,49.714397265849904,-6571.560072091015
10.25905786904832,7.934574250517323,0.9217585515103325,49.714397265849904,-6571.560072091015
10.25905786904832,7.934574250517323,0.9217585515103325,49.714397265849904,-6571.560072091015
10.25905786904832,7.934574250517323,0.9217585515103325,49.714397265849904,-6571.560072091015
10.25905786904832,7.934574250517323,0.9217585515103325,49.714397265849904,-6571.560072091015
10.25905786904832,7.934574250517323,0.9217585515103325,49.714397265849904,-6571.560072091015
9.840557941184723,8.532873411503964,0.8726017795459674,49.42505499880662,-6571.766317417088
10.125059008044328,9.042290034832691,0.7128777292924011,49.42972460448336,-6571.634291601018
10.125059008044328,9.042290034832691,0.7128777292924011,49.42972460448336,-6571.634291601018
10.125059008044328,9.042290034832691,0.7128777292924011,49.42972460448336,-6571.634291601018
10.125059008044328,9.042290034832691,0.7128777292924011,49.42972460448336,-6571.634291601018
10.91455851880708,8.246592628367967,0.7926249379149151,49.5780892361591,-6572.319060505841
10.91455851880708,8.246592628367967,0.7926249379149151,49.5780892361591,-6572.319060505841
10.91455851880708,8.246592628367967,0.7926249379149151,49.5780892361591,-6572.319060505841
10.91455851880708,8.246592628367967,0.7926249379149151,49.5780892361591,-6572.319060505841
10.91455851880708,8.246592628367967,0.7926249379149151,49.5780892361591,-6572.319060505841
11.60697762920297,7.23696466560494,0.6516899253674284,50.1229573808491,-6571.961861680053
11.60697762920297,7.23696466560494,0.6516899253674284,50.1229573808491,-6571.961861680053
11.60697762920297,7.23696466560494,0.6516899253674284,50.1229573808491,-6571.961861680053
11.60697762920297,7.23696466560494,0.6516899253674284,50.1229573808491,-6571.961861680053
11.60697762920297,7.23696466560494,0.6516899253674284,50.1229573808491,-6571.961861680053
11.60697762920297,7.23696466560494,0.6516899253674284,50.1229573808491,-6571.961861680053
11.60697762920297,7.23696466560494,0.6516899253674284,50.1229573808491,-6571.961861680053
11.60697762920297,7.23696466560494,0.6516899253674284,50.1229573808491,-6571.961861680053
10.594649133207335,6.878350552142275,0.8686798814757858,50.29808886600436,-6570.624317636285
10.594649133207335,6.878350552142275,0.8686798814757858,50.29808886600436,-6570.624317636285
10.594649133207335,6.878350552142275,0.8686798814757858,50.29808886600436,-6570.624317636285
10.594649133207335,6.878350552142275,0.8686798814757858,50.29808886600436,-6570.624317636285
10.594649133207335,6.878350552142275,0.8686798814757858,50.29808886600436,-6570.624317636285
10.594649133207335,6.878350552142275,0.8686798814757858,50.29808886600436,-6570.624317636285
10.518075202305573,8.437862443165345,0.8211449429101558,50.603845986468,-6570.860477485439
10.518075202305573,8.437862443165345,0.8211449429101558,50.603845986468,-6570.860477485439
10.518075202305573,8.437862443165345,0.8211449429101558,50.603845986468,-6570.860477485439
10.518075202305573,8.437862443165345,0.8211449429101558,50.603845986468,-6570.860477485439
10.518075202305573,8.437862443165345,0.8211449429101558,50.603845986468,-6570.860477485439
9.68307896427201,7.699179081650645,0.9333299166094111,50.644920907968356,-6571.347819891686
9.68307896427201,7.699179081650645,0.9333299166094111,50.644920907968356,-6571.347819891686
9.68307896427201,7.699179081650645,0.9333299166094111,50.644920907968356,-6571.347819891686
10.751976505250473,7.283696847210402,0.741823753787366,50.05299813104869,-6570.635333070352
10.751976505250473,7.283696847210402,0.741823753787366,50.05299813104869,-6570.635333070352
10.751976505250473,7.283696847210402,0.741823753787366,50.05299813104869,-6570.635333070352
10.684918877990818,6.858397644535381,0.82911503639871,50.839369690951,-6570.824731541654
10.684918877990818,6.858397644535381,0.82911503639871,50.839369690951,-6570.824731541654
10.684918877990818,6.858397644535381,0.82911503639871,50.839369690951,-6570.824731541654
10.684918877990818,6.858397644535381,0.82911503639871,50.839369690951,-6570.824731541654
10.12474089841017,8.070755061763366,0.9033984624686763,50.521913388792946,-6570.776497204111
10.12474089841017,8.070755061763366,0.9033984624686763,50.521913388792946,-6570.776497204111
10.12474089841017,8.070755061763366,0.9033984624686763,50.521913388792946,-6570.776497204111
9.141104423330765,10.205088688798355,0.8224647309706227,50.29595323240959,-6570.973453856108
9.606111337064926,10.207573572718337,0.6817644530937033,50.703834133189666,-6570.764855668204
9.606111337064926,10.207573572718337,0.6817644530937033,50.703834133189666,-6570.764855668204
9.606111337064926,10.207573572718337,0.6817644530937033,50.703834133189666,-6570.764855668204
9.606111337064926,10.207573572718337,0.6817644530937033,50.703834133189666,-6570.764855668204
9.606111337064926,10.207573572718337,0.6817644530937033,50.703834133189666,-6570.764855668204
9.75650289784409,9.954297775911527,0.6215525287712523,50.13346948412019,-6571.073883918025
9.75650289784409,9.954297775911527,0.6215525287712523,50.13346948412019,-6571.073883918025
9.75650289784409,9.954297775911527,0.6215525287712523,50.13346948412019,-6571.073883918025
9.75650289784409,9.954297775911527,0.6215525287712523,50.13346948412019,-6571.073883918025
9.75650289784409,9.954297775911527,0.6215525287712523,50.13346948412019,-6571.073883918025
9.75650289784409,9.954297775911527,0.6215525287712523,50.13346948412019,-6571.073883918025
9.75650289784409,9.954297775911527,0.6215525287712523,50.13346948412019,-6571.073883918025
9.75650289784409,9.954297775911527,0.6215525287712523,50.13346948412019,-6571.073883918025
9.75650289784409,9.954297775911527,0.6215525287712523,50.13346948412019,-6571.073883918025
9.75650289784409,9.954297775911527,0.6215525287712523,50.13346948412019,-6571.073883918025
9.75650289784409,9.954297775911527,0.6215525287712523,50.13346948412019,-6571.073883918025
9.922863476035104,10.18616562593179,0.6222660955162668,49.68661191000017,-6571.676288191953
9.639719231976015,11.602302910787854,0.635596114128044,49.791159134426685,-6572.224022946586
9.639719231976015,11.602302910787854,0.635596114128044,49.791159134426685,-6572.224022946586
9.639719231976015,11.602302910787854,0.635596114128044,49.791159134426685,-6572.224022946586
9.639719231976015,11.602302910787854,0.635596114128044,49.791159134426685,-6572.224022946586
9.639719231976015,11.602302910787854,0.635596114128044,49.791159134426685,-6572.224022946586
9.398570941462621,10.94904344765405,0.7619180669347503,49.41018450768671,-6572.443619006489
11.147963919872762,6.951339677790955,0.6737432683322447,49.45960742902451,-6572.650198195957
11.147963919872762,6.951339677790955,0.6737432683322447,49.45960742902451,-6572.650198195957
11.147963919872762,6.951339677790955,0.6737432683322447,49.45960742902451,-6572.650198195957
11.147963919872762,6.951339677790955,0.6737432683322447,49.45960742902451,-6572.650198195957
11.147963919872762,6.951339677790955,0.6737432683322447,49.45960742902451,-6572.650198195957
11.147963919872762,6.951339677790955,0.6737432683322447,49.45960742902451,-6572.650198195957
10.030544177503838,9.541832451323803,0.8109381639846862,49.18324981690581,-6572.8889229289925
10.030544177503838,9.541832451323803,0.8109381639846862,49.18324981690581,-6572.8889229289925
10.030544177503838,9.541832451323803,0.8109381639846862,49.18324981690581,-6572.8889229289925
10.686584059384245,8.256631227367842,0.8036529091366378,49.814904763135694,-6571.317269041787
10.686584059384245,8.256631227367842,0.8036529091366378,49.814904763135694,-6571.317269041787
10.686584059384245,8.256631227367842,0.8036529091366378,49.814904763135694,-6571.317269041787
10.686584059384245,8.256631227367842,0.8036529091366378,49.814904763135694,-6571.317269041787
10.686584059384245,8.256631227367842,0.8036529091366378,49.814904763135694,-6571.317269041787
10.686584059384245,8.256631227367842,0.8036529091366378,49.814904763135694,-6571.317269041787
10.686584059384245,8.256631227367842,0.8036529091366378,49.814904763135694,-6571.317269041787
10.686584059384245,8.256631227367842,0.8036529091366378,49.814904763135694,-6571.317269041787
10.686584059384245,8.256631227367842,0.8036529091366378,49.814904763135694,-6571.317269041787
10.309767970817596,7.834466960345789,0.6519950162336136,49.718371995939094,-6572.151288544901
10.894374979110367,7.263788786834815,0.8243627624866584,49.95484342200224,-6571.003332243395
10.894374979110367,7.263788786834815,0.8243627624866584,49.95484342200224,-6571.003332243395
10.894374979110367,7.263788786834815,0.8243627624866584,49.95484342200224,-6571.003332243395
10.894374979110367,7.263788786834815,0.8243627624866584,49.95484342200224,-6571.003332243395
10.894374979110367,7.263788786834815,0.8243627624866584,49.95484342200224,-6571.003332243395
10.894374979110367,7.263788786834815,0.8243627624866584,49.95484342200224,-6571.003332243395
9.971129747365048,8.861228134983136,0.6879349449282517,49.972136865520675,-6570.730496433516
9.971129747365048,8.861228134983136,0.6879349449282517,49.972136865520675,-6570.730496433516
9.971129747365048,8.861228134983136,0.6879349449282517,49.972136865520675,-6570.730496433516
9.971129747365048,8.861228134983136,0.6879349449282517,49.972136865520675,-6570.730496433516
9.971129747365048,8.861228134983136,0.6879349449282517,49.972136865520675,-6570.730496433516
9.971129747365048,8.861228134983136,0.6879349449282517,49.972136865520675,-6570.730496433516
9.971129747365048,8.861228134983136,0.6879349449282517,49.972136865520675,-6570.730496433516
9.971129747365048,8.861228134983136,0.6879349449282517,49.972136865520675,-6570.730496433516
9.971129747365048,8.861228134983136,0.6879349449282517,49.972136865520675,-6570.730496433516
10.260377893906679,9.594087230589246,0.7553052863636924,50.50659372387087,-6570.921896511178
10.260377893906679,9.594087230589246,0.7553052863636924,50.50659372387087,-6570.921896511178
10.260377893906679,9.594087230589246,0.7553052863636924,50.50659372387087,-6570.921896511178
10.936036184009472,7.342482562652428,0.8278372129501552,50.34964691593674,-6570.860654577521
10.936036184009472,7.342482562652428,0.8278372129501552,50.34964691593674,-6570.860654577521
10.936036184009472,7.342482562652428,0.8278372129501552,50.34964691593674,-6570.860654577521
10.936036184009472,7.342482562652428,0.8278372129501552,50.34964691593674,-6570.860654577521
10.936036184009472,7.342482562652428,0.8278372129501552,50.34964691593674,-6570.860654577521
10.936036184009472,7.342482562652428,0.8278372129501552,50.34964691593674,-6570.860654577521
10.936036184009472,7.342482562652428,0.8278372129501552,50.34964691593674,-6570.860654577521
11.008964937797417,8.960548034027191,0.734956704499812,50.3800355613397,-6572.084016418273
11.008964937797417,8.960548034027191,0.734956704499812,50.3800355613397,-6572.084016418273
9.621991020980335,11.292314543385382,0.7006196275521265,50.40221661747442,-6571.454977981006
9.621991020980335,11.292314543385382,0.7006196275521265,50.40221661747442,-6571.454977981006
9.621991020980335,11.292314543385382,0.7006196275521265,50.40221661747442,-6571.454977981006
9.621991020980335,11.292314543385382,0.7006196275521265,50.40221661747442,-6571.454977981006
9.621991020980335,11.292314543385382,0.7006196275521265,50.40221661747442,-6571.454977981006
9.621991020980335,11.292314543385382,0.7006196275521265,50.40221661747442,-6571.454977981006
9.621991020980335,11.292314543385382,0.7006196275521265,50.40221661747442,-6571.454977981006
9.621991020980335,11.292314543385382,0.7006196275521265,50.40221661747442,-6571.454977981006
9.621991020980335,11.292314543385382,0.7006196275521265,50.40221661747442,-6571.454977981006
9.621991020980335,11.292314543385382,0.7006196275521265,50.40221661747442,-6571.454977981006
9.621991020980335,11.292314543385382,0.7006196275521265,50.40221661747442,-6571.454977981006
9.621991020980335,11.292314543385382,0.7006196275521265,50.40221661747442,-6571.454977981006
9.929782965932876,8.476408964076786,0.6309520834741835,51.163559783405894,-6572.776136266018
9.929782965932876,8.476408964076786,0.6309520834741835,51.163559783405894,-6572.776136266018
9.929782965932876,8.476408964076786,0.6309520834741835,51.163559783405894,-6572.776136266018
9.929782965932876,8.476408964076786,0.6309520834741835,51.163559783405894,-6572.776136266018
10.709577198134856,8.883690346775605,0.5121965845403181,51.53272592461105,-6574.245505739285
10.709577198134856,8.883690346775605,0.5121965845403181,51.53272592461105,-6574.245505739285
9.834382548817162,11.239156982679198,0.5864931444514322,51.93613933062224,-6575.050922629841
9.749655052246673,12.614723389593623,0.638240819709553,51.28604220916813,-6574.652632863036
9.749655052246673,12.614723389593623,0.638240819709553,51.28604220916813,-6574.652632863036
9.749655052246673,12.614723389593623,0.638240819709553,51.28604220916813,-6574.652632863036
9.969436430590592,11.763138341998218,0.43752411939106556,51.07344558552107,-6574.594874332354
9.969436430590592,11.763138341998218,0.43752411939106556,51.07344558552107,-6574.594874332354
9.969436430590592,11.763138341998218,0.43752411939106556,51.07344558552107,-6574.594874332354
9.969436430590592,11.763138341998218,0.43752411939106556,51.07344558552107,-6574.594874332354
9.969436430590592,11.763138341998218,0.43752411939106556,51.07344558552107,-6574.594874332354
9.969436430590592,11.763138341998218,0.43752411939106556,51.07344558552107,-6574.594874332354
9.969436430590592,11.763138341998218,0.43752411939106556,51.07344558552107,-6574.594874332354
9.969436430590592,11.763138341998218,0.43752411939106556,51.07344558552107,-6574.594874332354
9.969436430590592,11.763138341998218,0.43752411939106556,51.07344558552107,-6574.594874332354
9.035926475445443,12.465530312817243,0.7409918238522484,50.81323348638239,-6572.9372385135875
9.035926475445443,12.465530312817243,0.7409918238522484,50.81323348638239,-6572.9372385135875
9.035926475445443,12.465530312817243,0.7409918238522484,50.81323348638239,-6572.9372385135875
8.023579367669797,13.0015101911046,0.8076842462113268,50.72381664505228,-6574.250535555926
8.023579367669797,13.0015101911046,0.8076842462113268,50.72381664505228,-6574.250535555926
8.023579367669797,13.0015101911046,0.8076842462113268,50.72381664505228,-6574.250535555926
8.745342441838336,13.894103755097483,0.6316138315139052,50.08473378450953,-6573.979087326685
8.745342441838336,13.894103755097483,0.6316138315139052,50.08473378450953,-6573.979087326685
8.745342441838336,13.894103755097483,0.6316138315139052,50.08473378450953,-6573.979087326685
8.745342441838336,13.894103755097483,0.6316138315139052,50.08473378450953,-6573.979087326685
8.745342441838336,13.894103755097483,0.6316138315139052,50.08473378450953,-6573.979087326685
8.69281301218303,11.62662186502363,0.6453152433545497,49.7797649538112,-6572.88468731851
8.69281301218303,11.62662186502363,0.6453152433545497,49.7797649538112,-6572.88468731851
8.69281301218303,11.62662186502363,0.6453152433545497,49.7797649538112,-6572.88468731851
8.69281301218303,11.62662186502363,0.6453152433545497,49.7797649538112,-6572.88468731851
8.69281301218303,11.62662186502363,0.6453152433545497,49.7797649538112,-6572.88468731851
8.69281301218303,11.62662186502363,0.6453152433545497,49.7797649538112,-6572.88468731851
9.777696517424186,9.122628999476017,0.7284128822319006,49.918129290638454,-6570.6245721972255
9.777696517424186,9.122628999476017,0.7284128822319006,49.918129290638454,-6570.6245721972255
9.777696517424186,9.122628999476017,0.7284128822319006,49.918129290638454,-6570.6245721972255
9.777696517424186,9.122628999476017,0.7284128822319006,49.918129290638454,-6570.6245721972255
9.777696517424186,9.122628999476017,0.7284128822319006,49.918129290638454,-6570.6245721972255
9.777696517424186,9.122628999476017,0.7284128822319006,49.918129290638454,-6570.6245721972255
9.777696517424186,9.122628999476017,0.7284128822319006,49.918129290638454,-6570.6245721972255
9.403492590598564,9.228717426982445,0.9096500908956252,49.82788897999467,-6571.40521433693
9.403492590598564,9.228717426982445,0.9096500908956252,49.82788897999467,-6571.40521433693
9.403492590598564,9.228717426982445,0.9096500908956252,49.82788897999467,-6571.40521433693
9.403492590598564,9.228717426982445,0.9096500908956252,49.82788897999467,-6571.40521433693
9.403492590598564,9.228717426982445,0.9096500908956252,49.82788897999467,-6571.40521433693
9.403492590598564,9.228717426982445,0.9096500908956252,49.82788897999467,-6571.40521433693
9.403492590598564,9.228717426982445,0.9096500908956252,49.82788897999467,-6571.40521433693
8.458195428834035,10.943685541249307,0.8785977023951532,49.447694208935324,-6573.571085609646
8.458195428834035,10.943685541249307,0.8785977023951532,49.447694208935324,-6573.571085609646
8.458195428834035,10.943685541249307,0.8785977023951532,49.447694208935324,-6573.571085609646
8.458195428834035,10.943685541249307,0.8785977023951532,49.447694208935324,-6573.571085609646
8.458195428834035,10.943685541249307,0.8785977023951532,49.447694208935324,-6573.571085609646
8.458195428834035,10.943685541249307,0.8785977023951532,49.447694208935324,-6573.571085609646
8.458195428834035,10.943685541249307,0.8785977023951532,49.447694208935324,-6573.571085609646
8.458195428834035,10.943685541249307,0.8785977023951532,49.447694208935324,-6573.571085609646
8.458195428834035,10.943685541249307,0.8785977023951532,49.447694208935324,-6573.571085609646
8.458195428834035,10.943685541249307,0.8785977023951532,49.447694208935324,-6573.571085609646
8.458195428834035,10.943685541249307,0.8785977023951532,49.447694208935324,-6573.571085609646
8.458195428834035,10.943685541249307,0.8785977023951532,49.447694208935324,-6573.571085609646
8.352730595599905,10.780830707752493,0.8683399086885776,50.45641952196976,-6572.867745612051
9.088940503752523,9.140498251903487,1.0286374336964639,50.33422558039633,-6572.496547664419
9.088940503752523,9.140498251903487,1.0286374336964639,50.33422558039633,-6572.496547664419
9.088940503752523,9.140498251903487,1.0286374336964639,50.33422558039633,-6572.496547664419
9.088940503752523,9.140498251903487,1.0286374336964639,50.33422558039633,-6572.496547664419
9.088940503752523,9.140498251903487,1.0286374336964639,50.33422558039633,-6572.496547664419
9.088940503752523,9.140498251903487,1.0286374336964639,50.33422558039633,-6572.496547664419
9.088940503752523,9.140498251903487,1.0286374336964639,50.33422558039633,-6572.496547664419
9.088940503752523,9.140498251903487,1.0286374336964639,50.33422558039633,-6572.496547664419
9.530635227020005,10.24090128896728,0.8872655487901187,50.10409007482319,-6571.816047130957
9.530635227020005,10.24090128896728,0.8872655487901187,50.10409007482319,-6571.816047130957
9.183703025238696,9.115113711211466,0.9739435347916716,49.92299272267951,-6571.979922172613
9.183703025238696,9.115113711211466,0.9739435347916716,49.92299272267951,-6571.979922172613
10.09861586657705,7.042317594063573,0.819861410221394,50.67378610094097,-6571.2069561826775
10.09861586657705,7.042317594063573,0.819861410221394,50.67378610094097,-6571.2069561826775
10.09861586657705,7.042317594063573,0.819861410221394,50.67378610094097,-6571.2069561826775
10.09861586657705,7.042317594063573,0.819861410221394,50.67378610094097,-6571.2069561826775
10.09861586657705,7.042317594063573,0.819861410221394,50.67378610094097,-6571.2069561826775
10.09861586657705,7.042317594063573,0.819861410221394,50.67378610094097,-6571.2069561826775
10.09861586657705,7.042317594063573,0.819861410221394,50.67378610094097,-6571.2069561826775
10.09861586657705,7.042317594063573,0.819861410221394,50.67378610094097,-6571.2069561826775
10.09861586657705,7.042317594063573,0.819861410221394,50.67378610094097,-6571.2069561826775
10.09861586657705,7.042317594063573,0.819861410221394,50.67378610094097,-6571.2069561826775
10.09861586657705,7.042317594063573,0.819861410221394,50.67378610094097,-6571.2069561826775
10.09861586657705,7.042317594063573,0.819861410221394,50.67378610094097,-6571.2069561826775
10.09861586657705,7.042317594063573,0.819861410221394,50.67378610094097,-6571.2069561826775
9.649262158614338,7.203378608367204,0.9899131288273189,50.322128987733436,-6571.919017290772
9.649262158614338,7.203378608367204,0.9899131288273189,50.322128987733436,-6571.919017290772
9.649262158614338,7.203378608367204,0.9899131288273189,50.322128987733436,-6571.919017290772
10.330467147542926,7.810348025180467,0.9014445595315795,50.31525507547584,-6570.789300859646
10.330467147542926,7.810348025180467,0.9014445595315795,50.31525507547584,-6570.789300859646
10.330467147542926,7.810348025180467,0.9014445595315795,50.31525507547584,-6570.789300859646
10.271408107089377,7.5505940882607305,0.8833428087934607,50.73000577354301,-6570.751082907953
10.271408107089377,7.5505940882607305,0.8833428087934607,50.73000577354301,-6570.751082907953
10.271408107089377,7.5505940882607305,0.8833428087934607,50.73000577354301,-6570.751082907953
10.271408107089377,7.5505940882607305,0.8833428087934607,50.73000577354301,-6570.751082907953
10.271408107089377,7.5505940882607305,0.8833428087934607,50.73000577354301,-6570.751082907953
10.271408107089377,7.5505940882607305,0.8833428087934607,50.73000577354301,-6570.751082907953
10.271408107089377,7.5505940882607305,0.8833428087934607,50.73000577354301,-6570.751082907953
10.30549992640634,7.227872139585268,0.7388440540621879,50.313658282560645,-6570.982927929777
10.30549992640634,7.227872139585268,0.7388440540621879,50.313658282560645,-6570.982927929777
10.30549992640634,7.227872139585268,0.7388440540621879,50.313658282560645,-6570.982927929777
10.350561515772327,6.459796377466425,0.8412555100287129,50.12925368275399,-6571.310574417843
10.350561515772327,6.459796377466425,0.8412555100287129,50.12925368275399,-6571.310574417843
10.350561515772327,6.459796377466425,0.8412555100287129,50.12925368275399,-6571.310574417843
10.350561515772327,6.459796377466425,0.8412555100287129,50.12925368275399,-6571.310574417843
10.350561515772327,6.459796377466425,0.8412555100287129,50.12925368275399,-6571.310574417843
10.417008241163773,6.196395574676156,1.0064048317257608,49.7226612775243,-6572.365242890601
10.417008241163773,6.196395574676156,1.0064048317257608,49.7226612775243,-6572.365242890601
10.417008241163773,6.196395574676156,1.0064048317257608,49.7226612775243,-6572.365242890601
10.417008241163773,6.196395574676156,1.0064048317257608,49.7226612775243,-6572.365242890601
11.429504887781102,6.642906102601668,0.8183432339995436,49.63502647205609,-6572.4167849011355
10.856943969275937,5.533776869316524,1.1083416330734193,49.7476349618739,-6573.851133064494
10.856943969275937,5.533776869316524,1.1083416330734193,49.7476349618739,-6573.851133064494
10.856943969275937,5.533776869316524,1.1083416330734193,49.7476349618739,-6573.851133064494
10.856943969275937,5.533776869316524,1.1083416330734193,49.7476349618739,-6573.851133064494
10.856943969275937,5.533776869316524,1.1083416330734193,49.7476349618739,-6573.851133064494
10.856943969275937,5.533776869316524,1.1083416330734193,49.7476349618739,-6573.851133064494
10.551117716985601,4.721283958631318,1.0740179946337174,50.55510829717149,-6573.830371191834
10.551117716985601,4.721283958631318,1.0740179946337174,50.55510829717149,-6573.830371191834
10.551117716985601,4.721283958631318,1.0740179946337174,50.55510829717149,-6573.830371191834
10.355845124637714,6.158433568663282,0.785891738619995,50.05076618067726,-6572.500517938497
10.355845124637714,6.158433568663282,0.785891738619995,50.05076618067726,-6572.500517938497
10.355845124637714,6.158433568663282,0.785891738619995,50.05076618067726,-6572.500517938497
10.355845124637714,6.158433568663282,0.785891738619995,50.05076618067726,-6572.500517938497
10.355845124637714,6.158433568663282,0.785891738619995,50.05076618067726,-6572.500517938497
9.487673020070257,7.641991759663062,0.9902489813125708,49.97446272466696,-6572.056039680953
9.487673020070257,7.641991759663062,0.9902489813125708,49.97446272466696,-6572.056039680953
10.785663390668024,5.423388141753238,0.8940920673026334,50.23261372368965,-6571.8531246962575
10.785663390668024,5.423388141753238,0.8940920673026334,50.23261372368965,-6571.8531246962575
10.785663390668024,5.423388141753238,0.8940920673026334,50.23261372368965,-6571.8531246962575
11.682315869619043,4.1350905316013415,1.0084142277432617,50.31622211119579,-6573.462129131525
11.682315869619043,4.1350905316013415,1.0084142277432617,50.31622211119579,-6573.462129131525
11.682315869619043,4.1350905316013415,1.0084142277432617,50.31622211119579,-6573.462129131525
11.682315869619043,4.1350905316013415,1.0084142277432617,50.31622211119579,-6573.462129131525
11.682315869619043,4.1350905316013415,1.0084142277432617,50.31622211119579,-6573.462129131525
11.682315869619043,4.1350905316013415,1.0084142277432617,50.31622211119579,-6573.462129131525
11.682315869619043,4.1350905316013415,1.0084142277432617,50.31622211119579,-6573.462129131525
11.450256153152843,6.340752910420953,0.8614530289565737,50.844077543200555,-6571.999818479927
11.450256153152843,6.340752910420953,0.8614530289565737,50.844077543200555,-6571.999818479927
11.222644970353633,5.994049978592021,0.987791707364417,51.15006981763705,-6573.307827519844
11.222644970353633,5.994049978592021,0.987791707364417,51.15006981763705,-6573.307827519844
11.222644970353633,5.994049978592021,0.987791707364417,51.15006981763705,-6573.307827519844
11.222644970353633,5.994049978592021,0.987791707364417,51.15006981763705,-6573.307827519844
11.222644970353633,5.994049978592021,0.987791707364417,51.15006981763705,-6573.307827519844
11.222644970353633,5.994049978592021,0.987791707364417,51.15006981763705,-6573.307827519844
10.607112138689239,6.946241775848457,0.8845550298403309,50.95793893137256,-6571.213960249753
10.607112138689239,6.946241775848457,0.8845550298403309,50.95793893137256,-6571.213960249753
10.607112138689239,6.946241775848457,0.8845550298403309,50.95793893137256,-6571.213960249753
10.607112138689239,6.946241775848457,0.8845550298403309,50.95793893137256,-6571.213960249753
9.853893325480893,8.028950676864916,0.7708350049306565,50.71912342072834,-6570.9048264704115
9.9308098414808,9.469963032970456,0.7523054571710727,50.4303495220959,-6570.310147948728
9.235537904487,11.163233064168072,0.7265201289270375,50.167838609098084,-6571.153148166926
9.235537904487,11.163233064168072,0.7265201289270375,50.167838609098084,-6571.153148166926
9.235537904487,11.163233064168072,0.7265201289270375,50.167838609098084,-6571.153148166926
9.235537904487,11.163233064168072,0.7265201289270375,50.167838609098084,-6571.153148166926
9.235537904487,11.163233064168072,0.7265201289270375,50.167838609098084,-6571.153148166926
9.02593375692157,10.217987578230161,0.7926190621337339,50.4958050320525,-6571.127284415693
9.02593375692157,10.217987578230161,0.7926190621337339,50.4958050320525,-6571.127284415693
9.02593375692157,10.217987578230161,0.7926190621337339,50.4958050320525,-6571.127284415693
9.02593375692157,10.217987578230161,0.7926190621337339,50.4958050320525,-6571.127284415693
9.02593375692157,10.217987578230161,0.7926190621337339,50.4958050320525,-6571.127284415693
9.02593375692157,10.217987578230161,0.7926190621337339,50.4958050320525,-6571.127284415693
9.02593375692157,10.217987578230161,0.7926190621337339,50.4958050320525,-6571.127284415693
9.02593375692157,10.217987578230161,0.7926190621337339,50.4958050320525,-6571.127284415693
9.02593375692157,10.217987578230161,0.7926190621337339,50.4958050320525,-6571.127284415693
9.02593375692157,10.217987578230161,0.7926190621337339,50.4958050320525,-6571.127284415693
9.02593375692157,10.217987578230161,0.7926190621337339,50.4958050320525,-6571.127284415693
9.02593375692157,10.217987578230161,0.7926190621337339,50.4958050320525,-6571.127284415693
9.02593375692157,10.217987578230161,0.7926190621337339,50.4958050320525,-6571.127284415693
9.02593375692157,10.217987578230161,0.7926190621337339,50.4958050320525,-6571.127284415693
9.02593375692157,10.217987578230161,0.7926190621337339,50.4958050320525,-6571.127284415693
9.02593375692157,10.217987578230161,0.7926190621337339,50.4958050320525,-6571.127284415693
9.02593375692157,10.217987578230161,0.7926190621337339,50.4958050320525,-6571.127284415693
10.688435381974468,9.266507131066906,0.6603294114893333,51.21359651930075,-6571.888899914349
10.301436925037628,8.651431636749741,0.7540454506879055,50.626474692409104,-6570.288879254391
10.301436925037628,8.651431636749741,0.7540454506879055,50.626474692409104,-6570.288879254391
10.301436925037628,8.651431636749741,0.7540454506879055,50.626474692409104,-6570.288879254391
10.301436925037628,8.651431636749741,0.7540454506879055,50.626474692409104,-6570.288879254391
10.301436925037628,8.651431636749741,0.7540454506879055,50.626474692409104,-6570.288879254391
10.301436925037628,8.651431636749741,0.7540454506879055,50.626474692409104,-6570.288879254391
10.301436925037628,8.651431636749741,0.7540454506879055,50.626474692409104,-6570.288879254391
10.301436925037628,8.651431636749741,0.7540454506879055,50.626474692409104,-6570.288879254391
10.301436925037628,8.651431636749741,0.7540454506879055,50.626474692409104,-6570.288879254391
10.26894586704054,7.379764295196252,0.7976263809961642,50.90748046335076,-6570.897961627534
10.26894586704054,7.379764295196252,0.7976263809961642,50.90748046335076,-6570.897961627534
10.26894586704054,7.379764295196252,0.7976263809961642,50.90748046335076,-6570.897961627534
10.26894586704054,7.379764295196252,0.7976263809961642,50.90748046335076,-6570.897961627534
10.26894586704054,7.379764295196252,0.7976263809961642,50.90748046335076,-6570.897961627534
10.26894586704054,7.379764295196252,0.7976263809961642,50.90748046335076,-6570.897961627534
10.26894586704054,7.379764295196252,0.7976263809961642,50.90748046335076,-6570.897961627534
10.26894586704054,7.379764295196252,0.7976263809961642,50.90748046335076,-6570.897961627534
10.26894586704054,7.379764295196252,0.7976263809961642,50.90748046335076,-6570.897961627534
10.26894586704054,7.379764295196252,0.7976263809961642,50.90748046335076,-6570.897961627534
10.26894586704054,7.379764295196252,0.7976263809961642,50.90748046335076,-6570.897961627534
10.26894586704054,7.379764295196252,0.7976263809961642,50.90748046335076,-6570.897961627534
10.26894586704054,7.379764295196252,0.7976263809961642,50.90748046335076,-6570.897961627534
10.26894586704054,7.379764295196252,0.7976263809961642,50.90748046335076,-6570.897961627534
10.26894586704054,7.379764295196252,0.7976263809961642,50.90748046335076,-6570.897961627534
10.26894586704054,7.379764295196252,0.7976263809961642,50.90748046335076,-6570.897961627534
10.26894586704054,7.379764295196252,0.7976263809961642,50.90748046335076,-6570.897961627534
10.26894586704054,7.379764295196252,0.7976263809961642,50.90748046335076,-6570.897961627534
10.26894586704054,7.379764295196252,0.7976263809961642,50.90748046335076,-6570.897961627534
10.26894586704054,7.379764295196252,0.7976263809961642,50.90748046335076,-6570.897961627534
9.954117110161745,9.457862951197807,0.7115526499644769,50.77483811632401,-6570.51223095268
9.954117110161745,9.457862951197807,0.7115526499644769,50.77483811632401,-6570.51223095268
9.954117110161745,9.457862951197807,0.7115526499644769,50.77483811632401,-6570.51223095268
9.954117110161745,9.457862951197807,0.7115526499644769,50.77483811632401,-6570.51223095268
9.954117110161745,9.457862951197807,0.7115526499644769,50.77483811632401,-6570.51223095268
10.050027878295499,8.59100777941532,0.7668471186312538,50.65344131773289,-6570.261198889931
10.050027878295499,8.59100777941532,0.7668471186312538,50.65344131773289,-6570.261198889931
10.050027878295499,8.59100777941532,0.7668471186312538,50.65344131773289,-6570.261198889931
10.050027878295499,8.59100777941532,0.7668471186312538,50.65344131773289,-6570.261198889931
10.050027878295499,8.59100777941532,0.7668471186312538,50.65344131773289,-6570.261198889931
10.050027878295499,8.59100777941532,0.7668471186312538,50.65344131773289,-6570.261198889931
10.050027878295499,8.59100777941532,0.7668471186312538,50.65344131773289,-6570.261198889931
10.050027878295499,8.59100777941532,0.7668471186312538,50.65344131773289,-6570.261198889931
10.050027878295499,8.59100777941532,0.7668471186312538,50.65344131773289,-6570.261198889931
10.050027878295499,8.59100777941532,0.7668471186312538,50.65344131773289,-6570.261198889931
10.050027878295499,8.59100777941532,0.7668471186312538,50.65344131773289,-6570.261198889931
9.908567336656157,9.810049553225625,0.6140016963038141,50.1902890858388,-6571.007948787163
9.851508837362987,8.562248421515644,0.700627210048035,49.87654909940712,-6571.181240982328
9.851508837362987,8.562248421515644,0.700627210048035,49.87654909940712,-6571.181240982328
9.851508837362987,8.562248421515644,0.700627210048035,49.87654909940712,-6571.181240982328
9.851508837362987,8.562248421515644,0.700627210048035,49.87654909940712,-6571.181240982328
9.851508837362987,8.562248421515644,0.700627210048035,49.87654909940712,-6571.181240982328
9.851508837362987,8.562248421515644,0.700627210048035,49.87654909940712,-6571.181240982328
9.851508837362987,8.562248421515644,0.700627210048035,49.87654909940712,-6571.181240982328
9.851508837362987,8.562248421515644,0.700627210048035,49.87654909940712,-6571.181240982328
9.851508837362987,8.562248421515644,0.700627210048035,49.87654909940712,-6571.181240982328
9.851508837362987,8.562248421515644,0.700627210048035,49.87654909940712,-6571.181240982328
9.851508837362987,8.562248421515644,0.700627210048035,49.87654909940712,-6571.181240982328
9.851508837362987,8.562248421515644,0.700627210048035,49.87654909940712,-6571.181240982328
9.851508837362987,8.562248421515644,0.700627210048035,49.87654909940712,-6571.181240982328
9.851508837362987,8.562248421515644,0.700627210048035,49.87654909940712,-6571.181240982328
9.851508837362987,8.562248421515644,0.700627210048035,49.87654909940712,-6571.181240982328
9.851508837362987,8.562248421515644,0.700627210048035,49.87654909940712,-6571.181240982328
9.851508837362987,8.562248421515644,0.700627210048035,49.87654909940712,-6571.181240982328
10.430496600241751,7.986100199688925,0.6507017412983833,49.89429204762478,-6571.411362732713
10.430496600241751,7.986100199688925,0.6507017412983833,49.89429204762478,-6571.411362732713
10.430496600241751,7.986100199688925,0.6507017412983833,49.89429204762478,-6571.411362732713
10.430496600241751,7.986100199688925,0.6507017412983833,49.89429204762478,-6571.411362732713
10.430496600241751,7.986100199688925,0.6507017412983833,49.89429204762478,-6571.411362732713
10.430496600241751,7.986100199688925,0.6507017412983833,49.89429204762478,-6571.411362732713
10.430496600241751,7.986100199688925,0.6507017412983833,49.89429204762478,-6571.411362732713
10.430496600241751,7.986100199688925,0.6507017412983833,49.89429204762478,-6571.411362732713
10.430496600241751,7.986100199688925,0.6507017412983833,49.89429204762478,-6571.411362732713
10.430496600241751,7.986100199688925,0.6507017412983833,49.89429204762478,-6571.411362732713
10.430496600241751,7.986100199688925,0.6507017412983833,49.89429204762478,-6571.411362732713
10.430496600241751,7.986100199688925,0.6507017412983833,49.89429204762478,-6571.411362732713
9.682899505301364,9.836599386800462,0.5965409482777958,50.58952880520897,-6571.592431086652
9.682899505301364,9.836599386800462,0.5965409482777958,50.58952880520897,-6571.592431086652
9.682899505301364,9.836599386800462,0.5965409482777958,50.58952880520897,-6571.592431086652
9.682899505301364,9.836599386800462,0.5965409482777958,50.58952880520897,-6571.592431086652
9.682899505301364,9.836599386800462,0.5965409482777958,50.58952880520897,-6571.592431086652
9.682899505301364,9.836599386800462,0.5965409482777958,50.58952880520897,-6571.592431086652
9.682899505301364,9.836599386800462,0.5965409482777958,50.58952880520897,-6571.592431086652
9.682899505301364,9.836599386800462,0.5965409482777958,50.58952880520897,-6571.592431086652
9.682899505301364,9.836599386800462,0.5965409482777958,50.58952880520897,-6571.592431086652
9.682899505301364,9.836599386800462,0.5965409482777958,50.58952880520897,-6571.592431086652
9.603630152998553,11.540214195253963,0.6430063969169821,51.108208154036134,-6572.315596235996
9.603630152998553,11.540214195253963,0.6430063969169821,51.108208154036134,-6572.315596235996
9.603630152998553,11.540214195253963,0.6430063969169821,51.108208154036134,-6572.315596235996
9.603630152998553,11.540214195253963,0.6430063969169821,51.108208154036134,-6572.315596235996
9.603630152998553,11.540214195253963,0.6430063969169821,51.108208154036134,-6572.315596235996
9.603630152998553,11.540214195253963,0.6430063969169821,51.108208154036134,-6572.315596235996
9.603630152998553,11.540214195253963,0.6430063969169821,51.108208154036134,-6572.315596235996
9.603630152998553,11.540214195253963,0.6430063969169821,51.108208154036134,-6572.315596235996
9.603630152998553,11.540214195253963,0.6430063969169821,51.108208154036134,-6572.315596235996
9.603630152998553,11.540214195253963,0.6430063969169821,51.108208154036134,-6572.315596235996
9.048831381682138,12.60858036602252,0.7307831997639304,50.76904553553181,-6573.024422595781
9.048831381682138,12.60858036602252,0.7307831997639304,50.76904553553181,-6573.024422595781
9.048831381682138,12.60858036602252,0.7307831997639304,50.76904553553181,-6573.024422595781
9.048831381682138,12.60858036602252,0.7307831997639304,50.76904553553181,-6573.024422595781
8.751309919611723,11.17930604604103,0.747424436216945,51.2521914016575,-6573.0728840442425
8.192739071422237,12.14453452941289,0.9281211616960707,50.45959928478953,-6574.071694697965
8.192739071422237,12.14453452941289,0.9281211616960707,50.45959928478953,-6574.071694697965
8.192739071422237,12.14453452941289,0.9281211616960707,50.45959928478953,-6574.071694697965
8.192739071422237,12.14453452941289,0.9281211616960707,50.45959928478953,-6574.071694697965
8.213375017601635,12.998559546907014,1.0518204977946648,50.1269699436648,-6577.352877010717
8.213375017601635,12.998559546907014,1.0518204977946648,50.1269699436648,-6577.352877010717
8.213375017601635,12.998559546907014,1.0518204977946648,50.1269699436648,-6577.352877010717
7.523800656920648,13.092472723942269,1.0783932581968456,50.565017482477224,-6578.245856043273
7.523800656920648,13.092472723942269,1.0783932581968456,50.565017482477224,-6578.245856043273
7.515711704985395,11.542333121441244,0.9688496228581188,51.26573507424717,-6578.331103174687
7.515711704985395,11.542333121441244,0.9688496228581188,51.26573507424717,-6578.331103174687
7.453394590841923,14.29640741070166,0.8513976206753209,50.82042705338816,-6577.05983483317
7.453394590841923,14.29640741070166,0.8513976206753209,50.82042705338816,-6577.05983483317
8.66150305816289,11.432597023488576,0.9857886363969175,50.4783708096175,-6573.9560538808955
8.66150305816289,11.432597023488576,0.9857886363969175,50.4783708096175,-6573.9560538808955
8.32863045857357,11.569163652311572,1.1866050814401812,50.582034478239045,-6577.942711173613
8.375806830849827,12.07884690895198,0.9246174299210508,50.71067789904817,-6574.082027391245
8.375806830849827,12.07884690895198,0.9246174299210508,50.71067789904817,-6574.082027391245
8.375806830849827,12.07884690895198,0.9246174299210508,50.71067789904817,-6574.082027391245
8.375806830849827,12.07884690895198,0.9246174299210508,50.71067789904817,-6574.082027391245
8.375806830849827,12.07884690895198,0.9246174299210508,50.71067789904817,-6574.082027391245
8.375806830849827,12.07884690895198,0.9246174299210508,50.71067789904817,-6574.082027391245
8.375806830849827,12.07884690895198,0.9246174299210508,50.71067789904817,-6574.082027391245
8.783036766114451,10.081844478587666,0.9797564594338031,50.33481407547623,-6572.556154989078
8.783036766114451,10.081844478587666,0.9797564594338031,50.33481407547623,-6572.556154989078
8.287322520982059,11.955353755747973,0.8372001256784455,49.90734621257733,-6573.136290396101
8.618772774414126,12.647650645237846,0.6870856956953763,50.483491410936274,-6572.520767313005
8.618772774414126,12.647650645237846,0.6870856956953763,50.483491410936274,-6572.520767313005
9.413040614962382,12.49101555582841,0.6453262109749102,50.52212863636724,-6572.596420591668
9.413040614962382,12.49101555582841,0.6453262109749102,50.52212863636724,-6572.596420591668
9.413040614962382,12.49101555582841,0.6453262109749102,50.52212863636724,-6572.596420591668
9.423457923785822,12.360898945754276,0.609360511874999,50.15172944553645,-6572.421237575281
9.423457923785822,12.360898945754276,0.609360511874999,50.15172944553645,-6572.421237575281
9.671720849005082,12.67211330440513,0.6526640383146463,49.71528888901403,-6574.2893668682245
9.905590835184537,11.539601430605964,0.7016057518532663,49.56803314330929,-6573.508119213465
9.905590835184537,11.539601430605964,0.7016057518532663,49.56803314330929,-6573.508119213465
9.905590835184537,11.539601430605964,0.7016057518532663,49.56803314330929,-6573.508119213465
9.905590835184537,11.539601430605964,0.7016057518532663,49.56803314330929,-6573.508119213465
9.690439671054959,11.76389323161237,0.6785617470762932,49.30454282191824,-6573.880309439961
9.690439671054959,11.76389323161237,0.6785617470762932,49.30454282191824,-6573.880309439961
9.690439671054959,11.76389323161237,0.6785617470762932,49.30454282191824,-6573.880309439961
8.973890760449684,10.704290922465276,0.7864225281471586,48.87456673858084,-6574.4313461988195
8.973890760449684,10.704290922465276,0.7864225281471586,48.87456673858084,-6574.4313461988195
8.973890760449684,10.704290922465276,0.7864225281471586,48.87456673858084,-6574.4313461988195
8.973890760449684,10.704290922465276,0.7864225281471586,48.87456673858084,-6574.4313461988195
8.973890760449684,10.704290922465276,0.7864225281471586,48.87456673858084,-6574.4313461988195
8.973890760449684,10.704290922465276,0.7864225281471586,48.87456673858084,-6574.4313461988195
8.973890760449684,10.704290922465276,0.7864225281471586,48.87456673858084,-6574.4313461988195
8.973890760449684,10.704290922465276,0.7864225281471586,48.87456673858084,-6574.4313461988195
8.973890760449684,10.704290922465276,0.7864225281471586,48.87456673858084,-6574.4313461988195
8.973890760449684,10.704290922465276,0.7864225281471586,48.87456673858084,-6574.4313461988195
8.973890760449684,10.704290922465276,0.7864225281471586,48.87456673858084,-6574.4313461988195
10.035850950681752,7.562237593851587,0.9492297727936508,48.76725510294768,-6574.711075811731
10.035850950681752,7.562237593851587,0.9492297727936508,48.76725510294768,-6574.711075811731
10.035850950681752,7.562237593851587,0.9492297727936508,48.76725510294768,-6574.711075811731
10.035850950681752,7.562237593851587,0.9492297727936508,48.76725510294768,-6574.711075811731
9.558399287503539,7.812261957798483,0.9728837186435885,49.38991043582184,-6572.837726298389
9.558399287503539,7.812261957798483,0.9728837186435885,49.38991043582184,-6572.837726298389
9.558399287503539,7.812261957798483,0.9728837186435885,49.38991043582184,-6572.837726298389
10.565370895444177,5.46126579730451,0.8713420384446721,49.494247979612936,-6573.640230487203
10.565370895444177,5.46126579730451,0.8713420384446721,49.494247979612936,-6573.640230487203
9.802087022393255,6.908721515550136,0.9068269959221275,49.518751717950096,-6572.844576961029
9.802087022393255,6.908721515550136,0.9068269959221275,49.518751717950096,-6572.844576961029
9.802087022393255,6.908721515550136,0.9068269959221275,49.518751717950096,-6572.844576961029
10.117072041206717,6.059022787771003,0.9899310608701732,50.09662772095536,-6572.330881777424
10.117072041206717,6.059022787771003,0.9899310608701732,50.09662772095536,-6572.330881777424
10.117072041206717,6.059022787771003,0.9899310608701732,50.09662772095536,-6572.330881777424
10.117072041206717,6.059022787771003,0.9899310608701732,50.09662772095536,-6572.330881777424
10.117072041206717,6.059022787771003,0.9899310608701732,50.09662772095536,-6572.330881777424
10.117072041206717,6.059022787771003,0.9899310608701732,50.09662772095536,-6572.330881777424
10.117072041206717,6.059022787771003,0.9899310608701732,50.09662772095536,-6572.330881777424
10.117072041206717,6.059022787771003,0.9899310608701732,50.09662772095536,-6572.330881777424
10.117072041206717,6.059022787771003,0.9899310608701732,50.09662772095536,-6572.330881777424
10.117072041206717,6.059022787771003,0.9899310608701732,50.09662772095536,-6572.330881777424
10.117072041206717,6.059022787771003,0.9899310608701732,50.09662772095536,-6572.330881777424
10.117072041206717,6.059022787771003,0.9899310608701732,50.09662772095536,-6572.330881777424
10.117072041206717,6.059022787771003,0.9899310608701732,50.09662772095536,-6572.330881777424
10.117072041206717,6.059022787771003,0.9899310608701732,50.09662772095536,-6572.330881777424
10.488030245156581,7.663316030208799,0.8552009594068057,50.32319880270348,-6570.511727461249
9.858718699286218,7.477668179694305,0.8150294716391813,50.926360744472944,-6571.6333533636
9.858718699286218,7.477668179694305,0.8150294716391813,50.926360744472944,-6571.6333533636
10.513783114590945,7.722531288349239,0.9173949291158693,50.719618332548734,-6571.3946341647015
10.513783114590945,7.722531288349239,0.9173949291158693,50.719618332548734,-6571.3946341647015
10.513783114590945,7.722531288349239,0.9173949291158693,50.719618332548734,-6571.3946341647015
10.513783114590945,7.722531288349239,0.9173949291158693,50.719618332548734,-6571.3946341647015
10.513783114590945,7.722531288349239,0.9173949291158693,50.719618332548734,-6571.3946341647015
10.513783114590945,7.722531288349239,0.9173949291158693,50.719618332548734,-6571.3946341647015
10.369469492938812,7.522493323557077,0.8615976175027481,50.250099666175,-6570.45503220178
10.369469492938812,7.522493323557077,0.8615976175027481,50.250099666175,-6570.45503220178
10.369469492938812,7.522493323557077,0.8615976175027481,50.250099666175,-6570.45503220178
10.369469492938812,7.522493323557077,0.8615976175027481,50.250099666175,-6570.45503220178
10.369469492938812,7.522493323557077,0.8615976175027481,50.250099666175,-6570.45503220178
10.369469492938812,7.522493323557077,0.8615976175027481,50.250099666175,-6570.45503220178
10.369469492938812,7.522493323557077,0.8615976175027481,50.250099666175,-6570.45503220178
10.369469492938812,7.522493323557077,0.8615976175027481,50.250099666175,-6570.45503220178
10.369469492938812,7.522493323557077,0.8615976175027481,50.250099666175,-6570.45503220178
10.369469492938812,7.522493323557077,0.8615976175027481,50.250099666175,-6570.45503220178
10.013307853752856,7.992234807087237,0.8000655683389336,50.301176977437954,-6570.326110916596
10.013307853752856,7.992234807087237,0.8000655683389336,50.301176977437954,-6570.326110916596
10.013307853752856,7.992234807087237,0.8000655683389336,50.301176977437954,-6570.326110916596
10.013307853752856,7.992234807087237,0.8000655683389336,50.301176977437954,-6570.326110916596
10.013307853752856,7.992234807087237,0.8000655683389336,50.301176977437954,-6570.326110916596
10.013307853752856,7.992234807087237,0.8000655683389336,50.301176977437954,-6570.326110916596
10.013307853752856,7.992234807087237,0.8000655683389336,50.301176977437954,-6570.326110916596
10.013307853752856,7.992234807087237,0.8000655683389336,50.301176977437954,-6570.326110916596
10.013307853752856,7.992234807087237,0.8000655683389336,50.301176977437954,-6570.326110916596
10.013307853752856,7.992234807087237,0.8000655683389336,50.301176977437954,-6570.326110916596
10.013307853752856,7.992234807087237,0.8000655683389336,50.301176977437954,-6570.326110916596
10.013307853752856,7.992234807087237,0.8000655683389336,50.301176977437954,-6570.326110916596
10.013307853752856,7.992234807087237,0.8000655683389336,50.301176977437954,-6570.326110916596
10.013307853752856,7.992234807087237,0.8000655683389336,50.301176977437954,-6570.326110916596
10.013307853752856,7.992234807087237,0.8000655683389336,50.301176977437954,-6570.326110916596
10.013307853752856,7.992234807087237,0.8000655683389336,50.301176977437954,-6570.326110916596
10.013307853752856,7.992234807087237,0.8000655683389336,50.301176977437954,-6570.326110916596
10.013307853752856,7.992234807087237,0.8000655683389336,50.301176977437954,-6570.326110916596
10.013307853752856,7.992234807087237,0.8000655683389336,50.301176977437954,-6570.326110916596
10.013307853752856,7.992234807087237,0.8000655683389336,50.301176977437954,-6570.326110916596
10.56906359211223,7.405424749962405,0.872382623952349,50.15336279546221,-6570.7118513313835
10.56906359211223,7.405424749962405,0.872382623952349,50.15336279546221,-6570.7118513313835
10.56906359211223,7.405424749962405,0.872382623952349,50.15336279546221,-6570.7118513313835
10.335182322173308,8.823296220224211,0.8105192045630096,49.941517037809774,-6570.957499083767
10.178113590128333,8.059872352752265,0.7437054966587223,49.60969951388453,-6571.23836565312
10.178113590128333,8.059872352752265,0.7437054966587223,49.60969951388453,-6571.23836565312
10.178113590128333,8.059872352752265,0.7437054966587223,49.60969951388453,-6571.23836565312
10.178113590128333,8.059872352752265,0.7437054966587223,49.60969951388453,-6571.23836565312
10.178113590128333,8.059872352752265,0.7437054966587223,49.60969951388453,-6571.23836565312
10.178113590128333,8.059872352752265,0.7437054966587223,49.60969951388453,-6571.23836565312
10.178113590128333,8.059872352752265,0.7437054966587223,49.60969951388453,-6571.23836565312
10.178113590128333,8.059872352752265,0.7437054966587223,49.60969951388453,-6571.23836565312
10.178113590128333,8.059872352752265,0.7437054966587223,49.60969951388453,-6571.23836565312
10.178113590128333,8.059872352752265,0.7437054966587223,49.60969951388453,-6571.23836565312
10.178113590128333,8.059872352752265,0.7437054966587223,49.60969951388453,-6571.23836565312
10.178113590128333,8.059872352752265,0.7437054966587223,49.60969951388453,-6571.23836565312
10.738380309842913,8.760349734297622,0.60160057457134,50.51073236263979,-6571.092822267474
10.738380309842913,8.760349734297622,0.60160057457134,50.51073236263979,-6571.092822267474
10.738380309842913,8.760349734297622,0.60160057457134,50.51073236263979,-6571.092822267474
10.738380309842913,8.760349734297622,0.60160057457134,50.51073236263979,-6571.092822267474
10.738380309842913,8.760349734297622,0.60160057457134,50.51073236263979,-6571.092822267474
10.738380309842913,8.760349734297622,0.60160057457134,50.51073236263979,-6571.092822267474
10.738380309842913,8.760349734297622,0.60160057457134,50.51073236263979,-6571.092822267474
10.738380309842913,8.760349734297622,0.60160057457134,50.51073236263979,-6571.092822267474
10.738380309842913,8.760349734297622,0.60160057457134,50.51073236263979,-6571.092822267474
10.738380309842913,8.760349734297622,0.60160057457134,50.51073236263979,-6571.092822267474
10.738380309842913,8.760349734297622,0.60160057457134,50.51073236263979,-6571.092822267474
10.738380309842913,8.760349734297622,0.60160057457134,50.51073236263979,-6571.092822267474
11.133246949634078,7.874155843104747,0.8338495269392189,50.79498219964446,-6572.267469707761
11.133246949634078,7.874155843104747,0.8338495269392189,50.79498219964446,-6572.267469707761
11.133246949634078,7.874155843104747,0.8338495269392189,50.79498219964446,-6572.267469707761
11.133246949634078,7.874155843104747,0.8338495269392189,50.79498219964446,-6572.267469707761
11.133246949634078,7.874155843104747,0.8338495269392189,50.79498219964446,-6572.267469707761
11.133246949634078,7.874155843104747,0.8338495269392189,50.79498219964446,-6572.267469707761
10.831402659660062,7.733103534813512,0.8484504926497439,50.861025621587196,-6571.441918638106
10.831402659660062,7.733103534813512,0.8484504926497439,50.861025621587196,-6571.441918638106
10.831402659660062,7.733103534813512,0.8484504926497439,50.861025621587196,-6571.441918638106
10.831402659660062,7.733103534813512,0.8484504926497439,50.861025621587196,-6571.441918638106
10.831402659660062,7.733103534813512,0.8484504926497439,50.861025621587196,-6571.441918638106
10.20983086587715,8.930550471539783,0.8664882044754446,50.60019570002747,-6571.237237678792
10.345842497893827,9.763218778283246,0.5879100731361122,50.32042205308561,-6571.174585108814
10.345842497893827,9.763218778283246,0.5879100731361122,50.32042205308561,-6571.174585108814
10.345842497893827,9.763218778283246,0.5879100731361122,50.32042205308561,-6571.174585108814
10.345842497893827,9.763218778283246,0.5879100731361122,50.32042205308561,-6571.174585108814
10.345842497893827,9.763218778283246,0.5879100731361122,50.32042205308561,-6571.174585108814
10.345842497893827,9.763218778283246,0.5879100731361122,50.32042205308561,-6571.174585108814
10.345842497893827,9.763218778283246,0.5879100731361122,50.32042205308561,-6571.174585108814
10.345842497893827,9.763218778283246,0.5879100731361122,50.32042205308561,-6571.174585108814
10.345842497893827,9.763218778283246,0.5879100731361122,50.32042205308561,-6571.174585108814
10.345842497893827,9.763218778283246,0.5879100731361122,50.32042205308561,-6571.174585108814
10.345842497893827,9.763218778283246,0.5879100731361122,50.32042205308561,-6571.174585108814
10.794933347962322,7.021378404013291,0.6934534302252395,50.2926489430689,-6570.996600298301
10.901127987926865,5.533307381918442,0.8789649039757651,50.479488364329214,-6571.5352012979765
10.901127987926865,5.533307381918442,0.8789649039757651,50.479488364329214,-6571.5352012979765
10.901127987926865,5.533307381918442,0.8789649039757651,50.479488364329214,-6571.5352012979765
10.901127987926865,5.533307381918442,0.8789649039757651,50.479488364329214,-6571.5352012979765
10.766953774314173,6.854103746246608,0.7971319457736196,50.64135399223934,-6570.593659473006
10.766953774314173,6.854103746246608,0.7971319457736196,50.64135399223934,-6570.593659473006
10.766953774314173,6.854103746246608,0.7971319457736196,50.64135399223934,-6570.593659473006
10.766953774314173,6.854103746246608,0.7971319457736196,50.64135399223934,-6570.593659473006
11.221878393072805,6.0843077172770865,0.679753827326131,50.86835090317954,-6572.173803282409
11.221878393072805,6.0843077172770865,0.679753827326131,50.86835090317954,-6572.173803282409
11.221878393072805,6.0843077172770865,0.679753827326131,50.86835090317954,-6572.173803282409
11.221878393072805,6.0843077172770865,0.679753827326131,50.86835090317954,-6572.173803282409
11.221878393072805,6.0843077172770865,0.679753827326131,50.86835090317954,-6572.173803282409
11.221878393072805,6.0843077172770865,0.679753827326131,50.86835090317954,-6572.173803282409
11.221878393072805,6.0843077172770865,0.679753827326131,50.86835090317954,-6572.173803282409
11.221878393072805,6.0843077172770865,0.679753827326131,50.86835090317954,-6572.173803282409
11.221878393072805,6.0843077172770865,0.679753827326131,50.86835090317954,-6572.173803282409
11.641230473878663,6.865976566527343,0.6821128704111402,51.15820330853454,-6572.265887187036
11.641230473878663,6.865976566527343,0.6821128704111402,51.15820330853454,-6572.265887187036
11.641230473878663,6.865976566527343,0.6821128704111402,51.15820330853454,-6572.265887187036
10.718211697632416,8.547353779245835,0.5568137206635769,51.05732370323455,-6572.329232804116
10.718211697632416,8.547353779245835,0.5568137206635769,51.05732370323455,-6572.329232804116
10.539617161408325,8.548350973769582,0.7187717344662439,51.692241627896536,-6572.798016767541
10.539617161408325,8.548350973769582,0.7187717344662439,51.692241627896536,-6572.798016767541
10.539617161408325,8.548350973769582,0.7187717344662439,51.692241627896536,-6572.798016767541
10.539617161408325,8.548350973769582,0.7187717344662439,51.692241627896536,-6572.798016767541
10.539617161408325,8.548350973769582,0.7187717344662439,51.692241627896536,-6572.798016767541
10.539617161408325,8.548350973769582,0.7187717344662439,51.692241627896536,-6572.798016767541
10.539617161408325,8.548350973769582,0.7187717344662439,51.692241627896536,-6572.798016767541
10.725915918540796,7.267428330727439,0.6824554651514142,51.381850063275536,-6572.2992537799455
10.725915918540796,7.267428330727439,0.6824554651514142,51.381850063275536,-6572.2992537799455
10.725915918540796,7.267428330727439,0.6824554651514142,51.381850063275536,-6572.2992537799455
10.725915918540796,7.267428330727439,0.6824554651514142,51.381850063275536,-6572.2992537799455
10.033461137239556,10.29622931871729,0.717589266204879,51.50022981194958,-6572.8386671970175
10.394568612160498,10.515894917996038,0.7378536390483903,51.4321694277204,-6574.090801726532
10.813309057587647,8.285895189459845,0.6040930142064861,51.803128182246965,-6573.865528139912
9.656024308405662,10.461711637086525,0.703673675455539,51.5916394231525,-6572.96070545831
9.656024308405662,10.461711637086525,0.703673675455539,51.5916394231525,-6572.96070545831
9.656024308405662,10.461711637086525,0.703673675455539,51.5916394231525,-6572.96070545831
9.656024308405662,10.461711637086525,0.703673675455539,51.5916394231525,-6572.96070545831
9.656024308405662,10.461711637086525,0.703673675455539,51.5916394231525,-6572.96070545831
9.656024308405662,10.461711637086525,0.703673675455539,51.5916394231525,-6572.96070545831
9.656024308405662,10.461711637086525,0.703673675455539,51.5916394231525,-6572.96070545831
9.656024308405662,10.461711637086525,0.703673675455539,51.5916394231525,-6572.96070545831
9.656024308405662,10.461711637086525,0.703673675455539,51.5916394231525,-6572.96070545831
9.656024308405662,10.461711637086525,0.703673675455539,51.5916394231525,-6572.96070545831
9.656024308405662,10.461711637086525,0.703673675455539,51.5916394231525,-6572.96070545831
10.406953464702033,10.415199743674954,0.5047367281164374,50.93818434598316,-6572.727805287882
10.406953464702033,10.415199743674954,0.5047367281164374,50.93818434598316,-6572.727805287882
9.95171156710642,9.928046412390794,0.5879321808203503,50.98974475742001,-6571.7050266954975
9.95171156710642,9.928046412390794,0.5879321808203503,50.98974475742001,-6571.7050266954975
9.95171156710642,9.928046412390794,0.5879321808203503,50.98974475742001,-6571.7050266954975
9.95171156710642,9.928046412390794,0.5879321808203503,50.98974475742001,-6571.7050266954975
11.232452927175965,8.510712253099662,0.6809376768014658,50.00072711989065,-6572.1001503428515
9.561600246344282,9.494987364139028,0.7053078099227325,50.72278485163762,-6570.822708745226
9.561600246344282,9.494987364139028,0.7053078099227325,50.72278485163762,-6570.822708745226
9.561600246344282,9.494987364139028,0.7053078099227325,50.72278485163762,-6570.822708745226
9.561600246344282,9.494987364139028,0.7053078099227325,50.72278485163762,-6570.822708745226
9.561600246344282,9.494987364139028,0.7053078099227325,50.72278485163762,-6570.822708745226
9.561600246344282,9.494987364139028,0.7053078099227325,50.72278485163762,-6570.822708745226
9.561600246344282,9.494987364139028,0.7053078099227325,50.72278485163762,-6570.822708745226
9.561600246344282,9.494987364139028,0.7053078099227325,50.72278485163762,-6570.822708745226
9.561600246344282,9.494987364139028,0.7053078099227325,50.72278485163762,-6570.822708745226
9.561600246344282,9.494987364139028,0.7053078099227325,50.72278485163762,-6570.822708745226
9.561600246344282,9.494987364139028,0.7053078099227325,50.72278485163762,-6570.822708745226
9.561600246344282,9.494987364139028,0.7053078099227325,50.72278485163762,-6570.822708745226
9.561600246344282,9.494987364139028,0.7053078099227325,50.72278485163762,-6570.822708745226
9.561600246344282,9.494987364139028,0.7053078099227325,50.72278485163762,-6570.822708745226
9.561600246344282,9.494987364139028,0.7053078099227325,50.72278485163762,-6570.822708745226
9.561600246344282,9.494987364139028,0.7053078099227325,50.72278485163762,-6570.822708745226
9.63697422550165,9.847152958742392,0.8088837070169147,50.53600985043717,-6570.708209983251
9.63697422550165,9.847152958742392,0.8088837070169147,50.53600985043717,-6570.708209983251
9.63697422550165,9.847152958742392,0.8088837070169147,50.53600985043717,-6570.708209983251
9.63697422550165,9.847152958742392,0.8088837070169147,50.53600985043717,-6570.708209983251
9.63697422550165,9.847152958742392,0.8088837070169147,50.53600985043717,-6570.708209983251
9.532769602330932,10.514969677316294,0.7926252361917561,50.53877643335038,-6571.104917772549
10.052639370098179,9.849555402597638,0.7821552571957892,50.51917395157954,-6571.03665873007
10.052639370098179,9.849555402597638,0.7821552571957892,50.51917395157954,-6571.03665873007
10.052639370098179,9.849555402597638,0.7821552571957892,50.51917395157954,-6571.03665873007
10.052639370098179,9.849555402597638,0.7821552571957892,50.51917395157954,-6571.03665873007
10.052639370098179,9.849555402597638,0.7821552571957892,50.51917395157954,-6571.03665873007
10.052639370098179,9.849555402597638,0.7821552571957892,50.51917395157954,-6571.03665873007
10.052639370098179,9.849555402597638,0.7821552571957892,50.51917395157954,-6571.03665873007
10.052639370098179,9.849555402597638,0.7821552571957892,50.51917395157954,-6571.03665873007
10.052639370098179,9.849555402597638,0.7821552571957892,50.51917395157954,-6571.03665873007
10.052639370098179,9.849555402597638,0.7821552571957892,50.51917395157954,-6571.03665873007
10.013788332530547,8.340846604003069,0.7282874490602236,50.97710428156909,-6570.976280060924
9.803237562454473,9.493593026487169,0.6906615746469335,50.370692820976025,-6570.395564640135
9.803237562454473,9.493593026487169,0.6906615746469335,50.370692820976025,-6570.395564640135
9.803237562454473,9.493593026487169,0.6906615746469335,50.370692820976025,-6570.395564640135
9.803237562454473,9.493593026487169,0.6906615746469335,50.370692820976025,-6570.395564640135
9.228002355468572,10.310406176841624,0.7911351104984857,50.03965469201222,-6570.938202461997
9.228002355468572,10.310406176841624,0.7911351104984857,50.03965469201222,-6570.938202461997
9.228002355468572,10.310406176841624,0.7911351104984857,50.03965469201222,-6570.938202461997
9.228002355468572,10.310406176841624,0.7911351104984857,50.03965469201222,-6570.938202461997
9.228002355468572,10.310406176841624,0.7911351104984857,50.03965469201222,-6570.938202461997
9.964439894401163,8.478004707631019,0.6800476381038377,50.504385804645075,-6570.883642731336
9.964439894401163,8.478004707631019,0.6800476381038377,50.504385804645075,-6570.883642731336
9.964439894401163,8.478004707631019,0.6800476381038377,50.504385804645075,-6570.883642731336
9.964439894401163,8.478004707631019,0.6800476381038377,50.504385804645075,-6570.883642731336
9.964439894401163,8.478004707631019,0.6800476381038377,50.504385804645075,-6570.883642731336
9.964439894401163,8.478004707631019,0.6800476381038377,50.504385804645075,-6570.883642731336
9.964439894401163,8.478004707631019,0.6800476381038377,50.504385804645075,-6570.883642731336
9.964439894401163,8.478004707631019,0.6800476381038377,50.504385804645075,-6570.883642731336
9.964439894401163,8.478004707631019,0.6800476381038377,50.504385804645075,-6570.883642731336
9.964439894401163,8.478004707631019,0.6800476381038377,50.504385804645075,-6570.883642731336
9.964439894401163,8.478004707631019,0.6800476381038377,50.504385804645075,-6570.883642731336
9.964439894401163,8.478004707631019,0.6800476381038377,50.504385804645075,-6570.883642731336
9.964439894401163,8.478004707631019,0.6800476381038377,50.504385804645075,-6570.883642731336
9.964439894401163,8.478004707631019,0.6800476381038377,50.504385804645075,-6570.883642731336
9.964439894401163,8.478004707631019,0.6800476381038377,50.504385804645075,-6570.883642731336
9.964439894401163,8.478004707631019,0.6800476381038377,50.504385804645075,-6570.883642731336
9.964439894401163,8.478004707631019,0.6800476381038377,50.504385804645075,-6570.883642731336
9.964439894401163,8.478004707631019,0.6800476381038377,50.504385804645075,-6570.883642731336
10.472854182056514,7.815973094456174,0.853568084697726,50.40820574215389,-6570.543244446573
10.525693836981874,7.301977849825741,0.7643873067205325,50.624501067332375,-6570.472547758571
10.525693836981874,7.301977849825741,0.7643873067205325,50.624501067332375,-6570.472547758571
10.525693836981874,7.301977849825741,0.7643873067205325,50.624501067332375,-6570.472547758571
10.75278073435255,7.348824619261299,0.6839220803857492,50.123788151505956,-6570.944033789559
10.75278073435255,7.348824619261299,0.6839220803857492,50.123788151505956,-6570.944033789559
10.75278073435255,7.348824619261299,0.6839220803857492,50.123788151505956,-6570.944033789559
10.75278073435255,7.348824619261299,0.6839220803857492,50.123788151505956,-6570.944033789559
10.75278073435255,7.348824619261299,0.6839220803857492,50.123788151505956,-6570.944033789559
10.75278073435255,7.348824619261299,0.6839220803857492,50.123788151505956,-6570.944033789559
10.75278073435255,7.348824619261299,0.6839220803857492,50.123788151505956,-6570.944033789559
11.231269189939063,8.119690317173974,0.7653405541649017,50.43021455162405,-6571.940454118033
10.693962043513732,10.138684258341641,0.6459843215790202,50.435147832579105,-6572.125340948196
10.693962043513732,10.138684258341641,0.6459843215790202,50.435147832579105,-6572.125340948196
10.693962043513732,10.138684258341641,0.6459843215790202,50.435147832579105,-6572.125340948196
10.693962043513732,10.138684258341641,0.6459843215790202,50.435147832579105,-6572.125340948196
10.693962043513732,10.138684258341641,0.6459843215790202,50.435147832579105,-6572.125340948196
10.693962043513732,10.138684258341641,0.6459843215790202,50.435147832579105,-6572.125340948196
10.693962043513732,10.138684258341641,0.6459843215790202,50.435147832579105,-6572.125340948196
10.693962043513732,10.138684258341641,0.6459843215790202,50.435147832579105,-6572.125340948196
8.462026330653881,11.620068452330802,0.8643997269362642,50.45483322238086,-6572.700354739236
9.290913426620527,10.660631748943043,0.7146547302034931,49.234665944894886,-6572.754845333473
9.290913426620527,10.660631748943043,0.7146547302034931,49.234665944894886,-6572.754845333473
9.290913426620527,10.660631748943043,0.7146547302034931,49.234665944894886,-6572.754845333473
9.290913426620527,10.660631748943043,0.7146547302034931,49.234665944894886,-6572.754845333473
9.141213529063517,9.918308401017374,0.7751774520258767,50.292660624411496,-6570.922098723514
9.141213529063517,9.918308401017374,0.7751774520258767,50.292660624411496,-6570.922098723514
10.262394478563488,10.178568407677098,0.8414739983284046,50.377035213018274,-6573.014915870266
10.262394478563488,10.178568407677098,0.8414739983284046,50.377035213018274,-6573.014915870266
10.262394478563488,10.178568407677098,0.8414739983284046,50.377035213018274,-6573.014915870266
10.262394478563488,10.178568407677098,0.8414739983284046,50.377035213018274,-6573.014915870266
10.262394478563488,10.178568407677098,0.8414739983284046,50.377035213018274,-6573.014915870266
9.964915635356606,11.400794332369516,0.7328883049330834,50.10337445663882,-6572.921044909326
10.841140646174358,8.394452629641886,0.683327304605267,50.312125695771975,-6570.726028904778
10.841140646174358,8.394452629641886,0.683327304605267,50.312125695771975,-6570.726028904778
10.841140646174358,8.394452629641886,0.683327304605267,50.312125695771975,-6570.726028904778
10.841140646174358,8.394452629641886,0.683327304605267,50.312125695771975,-6570.726028904778
10.841140646174358,8.394452629641886,0.683327304605267,50.312125695771975,-6570.726028904778
10.841140646174358,8.394452629641886,0.683327304605267,50.312125695771975,-6570.726028904778
10.841140646174358,8.394452629641886,0.683327304605267,50.312125695771975,-6570.726028904778
10.841140646174358,8.394452629641886,0.683327304605267,50.312125695771975,-6570.726028904778
10.841140646174358,8.394452629641886,0.683327304605267,50.312125695771975,-6570.726028904778
10.841140646174358,8.394452629641886,0.683327304605267,50.312125695771975,-6570.726028904778
10.841140646174358,8.394452629641886,0.683327304605267,50.312125695771975,-6570.726028904778
10.841140646174358,8.394452629641886,0.683327304605267,50.312125695771975,-6570.726028904778
10.841140646174358,8.394452629641886,0.683327304605267,50.312125695771975,-6570.726028904778
10.841140646174358,8.394452629641886,0.683327304605267,50.312125695771975,-6570.726028904778
10.841140646174358,8.394452629641886,0.683327304605267,50.312125695771975,-6570.726028904778
10.841140646174358,8.394452629641886,0.683327304605267,50.312125695771975,-6570.726028904778
10.841140646174358,8.394452629641886,0.683327304605267,50.312125695771975,-6570.726028904778
11.209426784158522,9.720222109188267,0.6092790493043708,50.62830666063027,-6573.135396816559
11.209426784158522,9.720222109188267,0.6092790493043708,50.62830666063027,-6573.135396816559
11.209426784158522,9.720222109188267,0.6092790493043708,50.62830666063027,-6573.135396816559
11.206598890238658,7.264165514076792,0.7475333873199668,50.256789662846884,-6570.969845719552
11.206598890238658,7.264165514076792,0.7475333873199668,50.256789662846884,-6570.969845719552
11.206598890238658,7.264165514076792,0.7475333873199668,50.256789662846884,-6570.969845719552
11.206598890238658,7.264165514076792,0.7475333873199668,50.256789662846884,-6570.969845719552
11.399768768734278,6.199977704335141,0.6573639842288734,50.68861145964084,-6572.016989167677
11.399768768734278,6.199977704335141,0.6573639842288734,50.68861145964084,-6572.016989167677
11.399768768734278,6.199977704335141,0.6573639842288734,50.68861145964084,-6572.016989167677
11.399768768734278,6.199977704335141,0.6573639842288734,50.68861145964084,-6572.016989167677
11.399768768734278,6.199977704335141,0.6573639842288734,50.68861145964084,-6572.016989167677
11.399768768734278,6.199977704335141,0.6573639842288734,50.68861145964084,-6572.016989167677
11.399768768734278,6.199977704335141,0.6573639842288734,50.68861145964084,-6572.016989167677
11.399768768734278,6.199977704335141,0.6573639842288734,50.68861145964084,-6572.016989167677
11.399768768734278,6.199977704335141,0.6573639842288734,50.68861145964084,-6572.016989167677
11.399768768734278,6.199977704335141,0.6573639842288734,50.68861145964084,-6572.016989167677
11.399768768734278,6.199977704335141,0.6573639842288734,50.68861145964084,-6572.016989167677
11.399768768734278,6.199977704335141,0.6573639842288734,50.68861145964084,-6572.016989167677
11.399768768734278,6.199977704335141,0.6573639842288734,50.68861145964084,-6572.016989167677
11.399768768734278,6.199977704335141,0.6573639842288734,50.68861145964084,-6572.016989167677
11.399768768734278,6.199977704335141,0.6573639842288734,50.68861145964084,-6572.016989167677
11.399768768734278,6.199977704335141,0.6573639842288734,50.68861145964084,-6572.016989167677
11.399768768734278,6.199977704335141,0.6573639842288734,50.68861145964084,-6572.016989167677
11.399768768734278,6.199977704335141,0.6573639842288734,50.68861145964084,-6572.016989167677
11.399768768734278,6.199977704335141,0.6573639842288734,50.68861145964084,-6572.016989167677
11.399768768734278,6.199977704335141,0.6573639842288734,50.68861145964084,-6572.016989167677
11.254519444337802,7.815262309273716,0.5764465623171074,50.958200101672894,-6572.176910951371
11.254519444337802,7.815262309273716,0.5764465623171074,50.958200101672894,-6572.176910951371
11.254519444337802,7.815262309273716,0.5764465623171074,50.958200101672894,-6572.176910951371
11.079914563013663,8.516362962411186,0.5622899853424482,50.64077191561237,-6571.851495667872
11.079914563013663,8.516362962411186,0.5622899853424482,50.64077191561237,-6571.851495667872
11.079914563013663,8.516362962411186,0.5622899853424482,50.64077191561237,-6571.851495667872
11.079914563013663,8.516362962411186,0.5622899853424482,50.64077191561237,-6571.851495667872
11.079914563013663,8.516362962411186,0.5622899853424482,50.64077191561237,-6571.851495667872
11.68935459398512,8.25345660245715,0.5977022348787039,50.137033805697484,-6573.040402611873
11.68935459398512,8.25345660245715,0.5977022348787039,50.137033805697484,-6573.040402611873
11.68935459398512,8.25345660245715,0.5977022348787039,50.137033805697484,-6573.040402611873
11.68935459398512,8.25345660245715,0.5977022348787039,50.137033805697484,-6573.040402611873
11.68935459398512,8.25345660245715,0.5977022348787039,50.137033805697484,-6573.040402611873
11.68935459398512,8.25345660245715,0.5977022348787039,50.137033805697484,-6573.040402611873
11.68935459398512,8.25345660245715,0.5977022348787039,50.137033805697484,-6573.040402611873
9.864606148924654,9.829586812766586,0.7312875858436558,50.01111246929734,-6570.610671560836
9.864606148924654,9.829586812766586,0.7312875858436558,50.01111246929734,-6570.610671560836
9.864606148924654,9.829586812766586,0.7312875858436558,50.01111246929734,-6570.610671560836
10.50913875962051,9.05701298048672,0.7327194894109955,50.29898221567642,-6570.717483441238
9.888769969139942,8.355393870699423,0.7969848358220146,50.70298166028227,-6570.479001151606
9.888769969139942,8.355393870699423,0.7969848358220146,50.70298166028227,-6570.479001151606
9.888769969139942,8.355393870699423,0.7969848358220146,50.70298166028227,-6570.479001151606
9.888769969139942,8.355393870699423,0.7969848358220146,50.70298166028227,-6570.479001151606
9.888769969139942,8.355393870699423,0.7969848358220146,50.70298166028227,-6570.479001151606
9.888769969139942,8.355393870699423,0.7969848358220146,50.70298166028227,-6570.479001151606
10.977122798788123,8.306817967686655,0.6251011251694946,50.65933485687143,-6571.1167851895025
10.977122798788123,8.306817967686655,0.6251011251694946,50.65933485687143,-6571.1167851895025
10.977122798788123,8.306817967686655,0.6251011251694946,50.65933485687143,-6571.1167851895025
10.977122798788123,8.306817967686655,0.6251011251694946,50.65933485687143,-6571.1167851895025
10.977122798788123,8.306817967686655,0.6251011251694946,50.65933485687143,-6571.1167851895025
10.114925202596147,8.050720844727575,0.7939308132340677,50.05405254709195,-6570.359200287105
9.982978838782246,9.069521552336681,0.8809402335996247,49.908067930303034,-6571.300757531206
9.982978838782246,9.069521552336681,0.8809402335996247,49.908067930303034,-6571.300757531206
9.982978838782246,9.069521552336681,0.8809402335996247,49.908067930303034,-6571.300757531206
9.982978838782246,9.069521552336681,0.8809402335996247,49.908067930303034,-6571.300757531206
9.982978838782246,9.069521552336681,0.8809402335996247,49.908067930303034,-6571.300757531206
9.982978838782246,9.069521552336681,0.8809402335996247,49.908067930303034,-6571.300757531206
9.982978838782246,9.069521552336681,0.8809402335996247,49.908067930303034,-6571.300757531206
9.982978838782246,9.069521552336681,0.8809402335996247,49.908067930303034,-6571.300757531206
9.723125670136431,8.92023125053063,0.678142242988538,50.153169868849176,-6571.069498382084
9.723125670136431,8.92023125053063,0.678142242988538,50.153169868849176,-6571.069498382084
9.079563322705733,10.253659072103462,0.6651993922986534,50.772807374286174,-6572.058840631131
9.079563322705733,10.253659072103462,0.6651993922986534,50.772807374286174,-6572.058840631131
9.079563322705733,10.253659072103462,0.6651993922986534,50.772807374286174,-6572.058840631131
9.079563322705733,10.253659072103462,0.6651993922986534,50.772807374286174,-6572.058840631131
8.256279849598593,13.21647901301552,0.6617005341886204,50.30794648786396,-6573.465675402738
8.256279849598593,13.21647901301552,0.6617005341886204,50.30794648786396,-6573.465675402738
8.256279849598593,13.21647901301552,0.6617005341886204,50.30794648786396,-6573.465675402738
8.256279849598593,13.21647901301552,0.6617005341886204,50.30794648786396,-6573.465675402738
8.256279849598593,13.21647901301552,0.6617005341886204,50.30794648786396,-6573.465675402738
8.256279849598593,13.21647901301552,0.6617005341886204,50.30794648786396,-6573.465675402738
10.153367705042832,9.592652933517826,0.8206986497451225,50.84573585420929,-6571.651654346146
